1360603 0 1673954352 494669 0 168983 0 0 -891676
1360584 0 1673954352 510575 0 167785 0 0 -843508
1360588 0 1673954352 526677 0 166574 0 0 -854433
1360555 0 1673954352 542552 0 165352 0 0 -918494
1360574 0 1673954352 574625 0 164118 0 0 -929815
1360566 0 1673954352 590628 0 162872 0 0 -878972
1360511 0 1673954352 606625 0 161615 0 0 -888529
1360503 0 1673954352 622588 0 160345 0 0 -955897
1360514 0 1673954352 654567 0 159064 0 0 -965518
1360500 0 1673954352 670485 0 157771 0 0 -913604
1360450 0 1673954352 686577 0 156467 0 0 -983040
1360455 0 1673954352 702530 0 155150 0 0 -991957
1360469 0 1673954352 734436 0 153822 0 0 -1003447
1360468 0 1673954352 750508 0 152482 0 0 -947613
1360463 0 1673954352 766493 0 151130 0 0 -1018351
1360380 0 1673954352 782490 0 149767 0 0 -1028850
1360315 0 1673954352 814472 0 148391 0 0 -1039204
1360293 0 1673954352 830435 0 147004 0 0 -981579
1360267 0 1673954352 846430 0 145605 0 0 -1055341
1360230 0 1673954352 862323 0 144194 0 0 -1065177
1360257 0 1673954352 894421 0 142771 0 0 -1077199
1360254 0 1673954352 910357 0 141337 0 0 -1016936
1360260 0 1673954352 926396 0 139891 0 0 -1093091
1360226 0 1673954352 942406 0 138433 0 0 -1103688
1360208 0 1673954352 974384 0 136963 0 0 -1113923
1360176 0 1673954352 990322 0 135481 0 0 -1051935
1360148 0 1673954353 6373 0 133988 0 0 -1130541
1360075 0 1673954353 38195 0 132483 0 0 -1140109
1360052 0 1673954353 54216 0 130966 0 0 -1076759
1360064 0 1673954353 70193 0 129437 0 0 -1085979
1360103 0 1673954353 86124 0 127897 0 0 -1166781
1360081 0 1673954353 118219 0 126344 0 0 -1177320
1360075 0 1673954353 134174 0 124780 0 0 -1111424
1360076 0 1673954353 150231 0 123204 0 0 -1122300
1360037 0 1673954353 166156 0 121617 0 0 -1204317
1359995 0 1673954353 198137 0 120017 0 0 -1214935
1359975 0 1673954353 214126 0 118406 0 0 -1147138
1359986 0 1673954353 230148 0 116783 0 0 -1231256
1359977 0 1673954353 246131 0 115148 0 0 -1241585
1359968 0 1673954353 278087 0 113501 0 0 -1251988
1359965 0 1673954353 294059 0 111843 0 0 -1180740
1359954 0 1673954353 310020 0 110172 0 0 -1268068
1359977 0 1673954353 326070 0 108490 0 0 -1278387
1359961 0 1673954353 358011 0 106796 0 0 -1288871
1359970 0 1673954353 374001 0 105091 0 0 -1215291
1359961 0 1673954353 390008 0 103373 0 0 -1304461
1359943 0 1673954353 406100 0 101644 0 0 -1314629
1359969 0 1673954353 437951 0 99903 0 0 -1324228
1359949 0 1673954353 453933 0 98150 0 0 -1249213
1359917 0 1673954353 469889 0 96386 0 0 -1340604
1359916 0 1673954353 485960 0 94609 0 0 -1351148
1359910 0 1673954353 517949 0 92821 0 0 -1360327
1359883 0 1673954353 533906 0 91021 0 0 -1283334
1359875 0 1673954353 549914 0 89210 0 0 -1377260
1359874 0 1673954353 565814 0 87386 0 0 -1387418
1359891 0 1673954353 597877 0 85551 0 0 -1398970
1359890 0 1673954353 613766 0 83703 0 0 -1319980
1359890 0 1673954353 629785 0 81845 0 0 -1416696
1359909 0 1673954353 661811 0 79974 0 0 -1426735
1359869 0 1673954353 677820 0 78091 0 0 -1344590
1359874 0 1673954353 693951 0 76197 0 0 -1355609
1359844 0 1673954353 709806 0 74291 0 0 -1452309
1359857 0 1673954353 741743 0 72373 0 0 -1463995
1359855 0 1673954353 758382 0 70444 0 0 -1380334
1359846 0 1673954353 773722 0 68502 0 0 -1382373
1359839 0 1673954353 789704 0 66549 0 0 -1491245
1359834 0 1673954353 821639 0 64584 0 0 -1500642
1359803 0 1673954353 837620 0 62607 0 0 -1414874
1359756 0 1673954353 853587 0 60618 0 0 -1517474
1359828 0 1673954353 869607 0 58618 0 0 -1528334
1359873 0 1673954353 901622 0 56606 0 0 -1539951
1359860 0 1673954353 917631 0 54582 0 0 -1449716
1359836 0 1673954353 933609 0 52546 0 0 -1554057
1359819 0 1673954353 949512 0 50499 0 0 -1571869
1359813 0 1673954353 981595 0 48439 0 0 -1575339
1359815 0 1673954353 997596 0 46368 0 0 -1484090
1359819 0 1673954354 13494 0 44285 0 0 -1590766
1359818 0 1673954354 29545 0 42190 0 0 -1602199
1359815 0 1673954354 61530 0 40084 0 0 -1611494
1359804 0 1673954354 77525 0 37965 0 0 -1518770
1359797 0 1673954354 93536 0 35835 0 0 -1628061
1359812 0 1673954354 109512 0 33693 0 0 -1638380
1359809 0 1673954354 141473 0 31539 0 0 -1648870
1359745 0 1673954354 157493 0 29373 0 0 -1552362
1359788 0 1673954354 173471 0 27196 0 0 -1663833
1359831 0 1673954354 205405 0 25007 0 0 -1674492
1359829 0 1673954354 221381 0 22806 0 0 -1576282
1359810 0 1673954354 237353 0 20593 0 0 -1587709
1359832 0 1673954354 253356 0 18369 0 0 -1701762
1359839 0 1673954354 285320 0 16133 0 0 -1712008
1359861 0 1673954354 301352 0 13885 0 0 -1612861
1359843 0 1673954354 317353 0 11624 0 0 -1622554
1359795 0 1673954354 333376 4 9353 0 0 -1738426
1359790 0 1673954354 365384 0 7070 0 0 -1748723
1359810 0 1673954354 381310 0 4775 0 0 -1646692
1359830 0 1673954354 397287 0 2468 0 0 -1765339
1359824 0 1673954354 413282 0 149 0 0 -1775692
1359752 0 1673954354 445278 4 -2182 0 0 -1785831
1359722 0 1673954354 461254 0 -4524 0 0 -1681883
1359732 0 1673954354 477162 0 -6880 0 0 -1802417
1359803 0 1673954354 493222 0 -9245 0 0 -1814350
1359855 0 1673954354 525211 0 -11623 0 0 -1823945
1359835 0 1673954354 541163 0 -14013 0 0 -1718056
1359831 0 1673954354 557123 0 -16414 0 0 -1841201
1359834 0 1673954354 573220 0 -18828 0 0 -1851194
1359847 0 1673954354 605046 0 -21252 0 0 -1859696
1359879 0 1673954354 621155 0 -23689 0 0 -1751633
1359844 0 1673954354 637033 0 -26137 0 0 -1874708
1359841 0 1673954354 653037 0 -28598 0 0 -1886463
1359854 0 1673954354 685111 0 -31070 0 0 -1895516
1359848 0 1673954354 701094 0 -33554 0 0 -1785166
1359855 0 1673954354 717075 0 -36049 0 0 -1912338
1359863 0 1673954354 749042 0 -38557 0 0 -1922373
1359838 0 1673954354 765024 0 -41076 0 0 -1809165
1359846 0 1673954354 781029 0 -43607 0 0 -1821319
1359862 0 1673954354 797007 0 -46150 0 0 -1949937
1359862 0 1673954354 829007 0 -48705 0 0 -1962347
1359887 0 1673954354 844973 0 -51271 0 0 -1845462
1359868 0 1673954354 860989 0 -53850 0 0 -1856507
1359852 0 1673954354 876977 0 -56440 0 0 -1988175
1359847 0 1673954354 908957 0 -59042 0 0 -1998556
1359861 0 1673954354 924911 0 -61655 0 0 -1881011
1359875 0 1673954354 940941 0 -64281 0 0 -2015070
1359821 0 1673954354 956917 0 -66918 0 0 -2024662
1359788 0 1673954354 988889 0 -69567 0 0 -2035479
1359867 0 1673954355 4910 0 -72228 0 0 -1915670
1359894 0 1673954355 20977 0 -74901 0 0 -2051070
1359911 0 1673954355 36797 0 -77585 0 0 -2059694
1359888 0 1673954355 68790 0 -80281 0 0 -2073294
1359884 0 1673954355 84764 0 -82989 0 0 -1951257
1359889 0 1673954355 100838 0 -85709 0 0 -2089647
1359924 0 1673954355 116830 0 -88440 0 0 -2097934
1359929 0 1673954355 148820 0 -91183 0 0 -2108901
1359924 0 1673954355 164799 0 -93939 0 0 -1984433
1359905 0 1673954355 181489 0 -96705 0 0 -2124860
1359925 0 1673954355 196795 0 -99485 0 0 -2124428
1359919 0 1673954355 228783 0 -102275 0 0 -2148226
1359943 0 1673954355 244750 0 -105077 0 0 -2018817
1359929 0 1673954355 260699 0 -107891 0 0 -2161934
1359868 0 1673954355 292701 0 -110717 0 0 -2172736
1359863 0 1673954355 308687 0 -113555 0 0 -2045830
1359930 0 1673954355 324643 0 -116404 0 0 -2056291
1359958 0 1673954355 340691 0 -119265 0 0 -2201844
1359946 0 1673954355 372661 0 -122138 0 0 -2211099
1359928 0 1673954355 388725 0 -125023 0 0 -2091840
1359882 0 1673954355 404644 0 -127920 0 0 -2088808
1359877 0 1673954355 420576 0 -130828 0 0 -2237369
1359867 0 1673954355 452609 0 -133748 0 0 -2248370
1359827 0 1673954355 468598 0 -136680 0 0 -2114528
1359867 0 1673954355 484596 0 -139624 0 0 -2263660
1359973 0 1673954355 500586 0 -142580 0 0 -2273902
1359983 0 1673954355 532581 0 -145548 0 0 -2283762
1359935 0 1673954355 548548 0 -148527 0 0 -2149516
1359905 0 1673954355 564567 0 -151518 0 0 -2301208
1359934 0 1673954355 580535 0 -154520 0 0 -2312242
1359939 0 1673954355 612538 0 -157535 0 0 -2321836
1359901 0 1673954355 628504 0 -160561 0 0 -2183203
1359860 0 1673954355 644514 0 -163599 0 0 -2337498
1359881 0 1673954355 660492 0 -166650 0 0 -2347563
1359940 0 1673954355 692463 0 -169712 0 0 -2358290
1359950 0 1673954355 708460 0 -172785 0 0 -2218450
1359939 0 1673954355 724355 0 -175870 0 0 -2374294
1359913 0 1673954355 740414 0 -178967 0 0 -2386040
1359953 0 1673954355 772382 0 -182076 0 0 -2395722
1359942 0 1673954355 788332 0 -185197 0 0 -2253243
1359832 0 1673954355 804426 0 -188330 0 0 -2412419
1359794 0 1673954355 820362 0 -191475 0 0 -2420443
1359867 0 1673954355 852394 0 -194630 0 0 -2432022
1359909 0 1673954355 868401 0 -197798 0 0 -2287120
1359904 0 1673954355 884230 0 -200977 0 0 -2447249
1359862 0 1673954355 916264 0 -204169 0 0 -2461009
1359886 0 1673954355 932191 0 -207372 0 0 -2312800
1359984 0 1673954355 948286 0 -210587 0 0 -2325706
1359929 0 1673954355 964282 0 -213814 0 0 -2486438
1359887 0 1673954355 996228 0 -217052 0 0 -2495812
1359887 0 1673954356 12287 0 -220303 0 0 -2349485
1359890 0 1673954356 28241 0 -223565 0 0 -2357527
1359879 0 1673954356 44240 0 -226839 0 0 -2523642
1359868 0 1673954356 76223 0 -230125 0 0 -2534247
1359921 0 1673954356 92210 0 -233422 0 0 -2380233
1359997 0 1673954356 108128 0 -236732 0 0 -2547507
1359941 0 1673954356 124047 0 -240052 0 0 -2557992
1359905 0 1673954356 156161 0 -243386 0 0 -2571958
1359927 0 1673954356 172087 0 -246731 0 0 -2418419
1359914 0 1673954356 188097 0 -250087 0 0 -2588667
1359904 0 1673954356 204035 0 -253455 0 0 -2599984
1359859 0 1673954356 236023 0 -256835 0 0 -2610697
1359882 0 1673954356 251994 0 -260227 0 0 -2455466
1359921 0 1673954356 267968 0 -263631 0 0 -2627420
1359888 0 1673954356 284076 0 -267046 0 0 -2637953
1359842 0 1673954356 316076 0 -270474 0 0 -2644586
1359921 0 1673954356 331917 0 -273913 0 0 -2485263
1359905 0 1673954356 348022 0 -277364 0 0 -2662907
1359739 0 1673954356 364024 0 -280826 0 0 -2669532
1359806 0 1673954356 395999 0 -284301 0 0 -2680144
1359873 0 1673954356 411979 0 -287787 0 0 -2519130
1359880 0 1673954356 427914 0 -291285 0 0 -2695472
1359834 0 1673954356 459946 0 -294795 0 0 -2706618
1359851 0 1673954356 475953 0 -298317 0 0 -2544380
1359895 0 1673954356 491957 0 -301851 0 0 -2556825
1359834 0 1673954356 507865 0 -305395 0 0 -2734912
1359779 0 1673954356 539886 0 -308952 0 0 -2743890
1359787 0 1673954356 555937 0 -312521 0 0 -2582162
1359881 0 1673954356 571910 0 -316102 0 0 -2591444
1359894 0 1673954356 587859 0 -319694 0 0 -2772471
1359853 0 1673954356 619847 0 -323299 0 0 -2783618
1359827 0 1673954356 635756 0 -326915 0 0 -2616075
1359871 0 1673954356 651748 0 -330542 0 0 -2800500
1359859 0 1673954356 667828 0 -334182 0 0 -2811180
1359796 0 1673954356 699757 0 -337833 0 0 -2819942
1359863 0 1673954356 715671 0 -341496 0 0 -2649825
1359901 0 1673954356 731788 0 -345171 0 0 -2836498
1359819 0 1673954356 747766 0 -348858 0 0 -2845346
1359789 0 1673954356 779741 0 -352557 0 0 -2855700
1359836 0 1673954356 795728 0 -356267 0 0 -2683818
1359862 0 1673954356 811741 0 -359989 0 0 -2870961
1359794 0 1673954356 827720 0 -363722 0 0 -2878991
1359759 0 1673954356 859696 0 -367468 0 0 -2889645
1359791 0 1673954356 875613 0 -371225 0 0 -2718461
1359823 0 1673954356 891692 0 -374995 0 0 -2909290
1359764 0 1673954356 907671 0 -378776 0 0 -2915888
1359749 0 1673954356 939664 0 -382569 0 0 -2929340
1359791 0 1673954356 955695 0 -386374 0 0 -2753444
1359769 0 1673954356 971536 0 -390190 0 0 -2944085
1359740 0 1673954357 3486 0 -394018 0 0 -2957893
1359825 0 1673954357 19494 0 -397858 0 0 -2781432
1359773 0 1673954357 35570 0 -401710 0 0 -2791115
1359700 0 1673954357 51558 0 -405573 0 0 -2982993
1359750 0 1673954357 83538 0 -409448 0 0 -2991611
1359777 0 1673954357 99491 0 -413336 0 0 -2814149
1359702 0 1673954357 115522 0 -417235 0 0 -2825136
1359642 0 1673954357 131407 0 -421146 0 0 -3020499
1359745 0 1673954357 163470 0 -425068 0 0 -3034344
1359725 0 1673954357 179378 0 -429003 0 0 -2848525
1359613 0 1673954357 195406 0 -432949 0 0 -3048311
1359692 0 1673954357 211357 0 -436907 0 0 -3058176
1359734 0 1673954357 243378 0 -440877 0 0 -3071599
1359628 0 1673954357 259355 0 -444858 0 0 -2887155
1359657 0 1673954357 275340 0 -448851 0 0 -3087695
1359718 0 1673954357 291406 0 -452857 0 0 -3097389
1359619 0 1673954357 323221 0 -456874 0 0 -3106868
1359579 0 1673954357 339298 0 -460902 0 0 -2918911
1359670 0 1673954357 355339 0 -464943 0 0 -3119889
1359656 0 1673954357 371292 0 -468995 0 0 -3127000
1359563 0 1673954357 403297 0 -473059 0 0 -3139196
1359675 0 1673954357 419294 0 -477136 0 0 -2949351
1359667 0 1673954357 435268 0 -481224 0 0 -3154387
1359570 0 1673954357 451243 0 -485323 0 0 -3164829
1359659 0 1673954357 483109 0 -489433 0 0 -3175246
1359620 0 1673954357 499185 0 -493556 0 0 -2986738
1359556 0 1673954357 515196 0 -497691 0 0 -3190814
1359632 0 1673954357 531038 0 -501838 0 0 -3202777
1359619 0 1673954357 563101 0 -505997 0 0 -3218289
1359501 0 1673954357 579127 0 -510167 0 0 -3023458
1359576 0 1673954357 595124 0 -514349 0 0 -3232152
1359622 0 1673954357 627083 0 -518542 0 0 -3242408
1359460 0 1673954357 643058 0 -522748 0 0 -3047098
1359380 0 1673954357 659071 0 -526965 0 0 -3057564
1359577 0 1673954357 675030 0 -531194 0 0 -3268052
1359488 0 1673954357 707005 0 -535435 0 0 -3281376
1359462 0 1673954357 723016 0 -539688 0 0 -3084503
1359600 0 1673954357 739097 0 -543952 0 0 -3090420
1359449 0 1673954357 754924 0 -548228 0 0 -3302681
1359480 0 1673954357 786837 0 -552516 0 0 -3318273
1359590 0 1673954357 802803 0 -556816 0 0 -3119256
1359390 0 1673954357 818951 0 -561128 0 0 -3335612
1359349 0 1673954357 834929 0 -565452 0 0 -3341547
1359544 0 1673954357 866903 0 -569787 0 0 -3352817
1359396 0 1673954357 882914 0 -574135 0 0 -3150070
1359296 0 1673954357 898900 0 -578493 0 0 -3367535
1359536 0 1673954357 914905 0 -582864 0 0 -3378644
1359335 0 1673954357 946875 0 -587246 0 0 -3390965
1359329 0 1673954357 962846 0 -591640 0 0 -3182390
1359523 0 1673954357 978832 0 -596046 0 0 -3402912
1359221 0 1673954357 994784 0 -600464 0 0 -3412744
1359380 0 1673954358 26809 0 -604894 0 0 -3428268
1359491 0 1673954358 42757 0 -609336 0 0 -3221070
1359141 0 1673954358 58754 0 -613789 0 0 -3444874
1359236 0 1673954358 74771 0 -618253 0 0 -3455600
1359354 0 1673954358 106750 0 -622731 0 0 -3465211
1359121 0 1673954358 122779 0 -627219 0 0 -3256700
1359296 0 1673954358 138794 0 -631719 0 0 -3480606
1359411 0 1673954358 170721 0 -636232 0 0 -3489861
1359060 0 1673954358 186605 0 -640756 0 0 -3279441
1359394 0 1673954358 202660 0 -645291 0 0 -3291628
1359257 0 1673954358 218672 0 -649840 0 0 -3517619
1359054 0 1673954358 250573 0 -654399 0 0 -3526219
1359383 0 1673954358 266590 0 -658970 0 0 -3314086
1359213 0 1673954358 282602 0 -663552 0 0 -3324231
1358953 0 1673954358 298601 0 -668147 0 0 -3553341
1359340 0 1673954358 330553 0 -672753 0 0 -3564515
1359117 0 1673954358 346526 0 -677373 0 0 -3350130
1359074 0 1673954358 362507 0 -682003 0 0 -3581640
1359315 0 1673954358 378477 0 -686644 0 0 -3589296
1358817 0 1673954358 410441 0 -691298 0 0 -3601925
1359218 0 1673954358 426461 0 -695963 0 0 -3385084
1359049 0 1673954358 442414 0 -700641 0 0 -3617463
1358925 0 1673954358 458333 0 -705329 0 0 -3629639
1359304 0 1673954358 490394 0 -710031 0 0 -3642761
1358829 0 1673954358 506493 0 -714743 0 0 -3422568
1358908 0 1673954358 522502 0 -719467 0 0 -3655135
1359291 0 1673954358 538336 0 -724204 0 0 -3664559
1358855 0 1673954358 570276 0 -728951 0 0 -3679232
1358888 0 1673954358 586209 0 -733711 0 0 -3456745
1359223 0 1673954358 602272 0 -738483 0 0 -3696680
1358686 0 1673954358 618276 0 -743266 0 0 -3705672
1359205 0 1673954358 650270 0 -748062 0 0 -3714753
1358773 0 1673954358 666247 0 -752869 0 0 -3487998
1358675 0 1673954358 682250 0 -757688 0 0 -3729641
1359237 0 1673954358 714192 0 -762518 0 0 -3742741
1358597 0 1673954358 730180 0 -767360 0 0 -3517258
1358782 0 1673954358 746198 0 -772214 0 0 -3523203
1359235 0 1673954358 762241 0 -777080 0 0 -3765006
1358512 0 1673954358 794180 0 -781957 0 0 -3772024
1359181 0 1673954358 810141 0 -786847 0 0 -3545991
1358669 0 1673954358 826053 0 -791749 0 0 -3557630
1358975 0 1673954358 842091 0 -796662 0 0 -3805308
1358620 0 1673954358 874068 0 -801586 0 0 -3813745
1358268 0 1673954358 889972 0 -806523 0 0 -3583391
1358947 0 1673954358 906091 0 -811472 0 0 -3832754
1358290 0 1673954358 922127 0 -816432 0 0 -3839174
1359046 0 1673954358 953991 0 -821404 0 0 -3848970
1358959 0 1673954358 969902 0 -826389 0 0 -3618424
1358305 0 1673954358 985968 0 -831384 0 0 -3869720
1358958 0 1673954359 1979 0 -836391 0 0 -3876795
1358907 0 1673954359 33946 0 -841410 0 0 -3884157
1358450 0 1673954359 49917 0 -846442 0 0 -3650393
1359285 0 1673954359 65932 0 -851485 0 0 -3902530
1358583 0 1673954359 81913 0 -856539 0 0 -3909405
1358874 0 1673954359 113882 0 -861606 0 0 -3924018
1359241 0 1673954359 129861 0 -866684 0 0 -3687751
1358592 0 1673954359 145763 0 -871774 0 0 -3941027
1358328 0 1673954359 161878 0 -876876 0 0 -3951818
1359033 0 1673954359 193834 0 -881989 0 0 -3960616
1358593 0 1673954359 209761 0 -887114 0 0 -3721404
1359088 0 1673954359 225799 0 -892252 0 0 -3979505
1358670 0 1673954359 257785 0 -897401 0 0 -3987771
1359006 0 1673954359 273752 0 -902561 0 0 -3746742
1358602 0 1673954359 289815 0 -907734 0 0 -3757549
1358971 0 1673954359 305792 0 -912919 0 0 -4013721
1358782 0 1673954359 337707 0 -918114 0 0 -4024052
1358734 0 1673954359 353677 0 -923322 0 0 -3777714
1358943 0 1673954359 369593 0 -928542 0 0 -3792684
1358594 0 1673954359 385688 0 -933773 0 0 -4055631
1358764 0 1673954359 417681 0 -939016 0 0 -4060563
1358892 0 1673954359 433650 0 -944271 0 0 -3815570
1358685 0 1673954359 449514 0 -949538 0 0 -4078861
1358821 0 1673954359 465627 0 -954817 0 0 -4092588
1358836 0 1673954359 497482 0 -960107 0 0 -4101205
1358801 0 1673954359 513590 0 -965409 0 0 -3853215
1358883 0 1673954359 529556 0 -970723 0 0 -4113707
1358804 0 1673954359 545578 0 -976049 0 0 -4124209
1358875 0 1673954359 577532 0 -981387 0 0 -4131246
1358910 0 1673954359 593500 0 -986737 0 0 -3883863
1358853 0 1673954359 609449 0 -992098 0 0 -4151799
1358954 0 1673954359 625395 0 -997471 0 0 -4162830
1358847 0 1673954359 657458 0 -1002856 0 0 -4170543
1359012 0 1673954359 673437 0 -1008252 0 0 -3920523
1358857 0 1673954359 689416 0 -1013661 0 0 -4189375
1358911 0 1673954359 705527 0 -1019080 0 0 -4203804
1358946 0 1673954359 737396 0 -1024513 0 0 -4209490
1358782 0 1673954359 753388 0 -1029957 0 0 -3955830
1359122 0 1673954359 769394 0 -1035413 0 0 -4227302
1358683 0 1673954359 801407 0 -1040879 0 0 -4236307
1358893 0 1673954359 817284 0 -1046359 0 0 -3977392
1359092 0 1673954359 833287 0 -1051849 0 0 -3990018
1358663 0 1673954359 849287 0 -1057353 0 0 -4264458
1359210 0 1673954359 881280 0 -1062868 0 0 -4274116
1358512 0 1673954359 897224 0 -1068394 0 0 -4014104
1359277 0 1673954359 913260 0 -1073932 0 0 -4029913
1358683 0 1673954359 929252 0 -1079482 0 0 -4303776
1359106 0 1673954359 961215 0 -1085043 0 0 -4314035
1358972 0 1673954359 977267 0 -1090617 0 0 -4052929
1358771 0 1673954359 993195 0 -1096202 0 0 -4329103
1359119 0 1673954360 9230 0 -1101799 0 0 -4337869
1358990 0 1673954360 41158 0 -1107408 0 0 -4347028
1358466 0 1673954360 57106 0 -1113029 0 0 -4083536
1359184 0 1673954360 73108 0 -1118661 0 0 -4365446
1359095 0 1673954360 89139 0 -1124306 0 0 -4373927
1357776 0 1673954360 121091 0 -1129960 0 0 -4384232
1359747 0 1673954360 137024 0 -1135629 0 0 -4118116
1358116 0 1673954360 153016 0 -1141308 0 0 -4402555
1359540 0 1673954360 169020 0 -1146999 0 0 -4414952
1358457 0 1673954360 201006 0 -1152702 0 0 -4422693
1359089 0 1673954360 216990 0 -1158418 0 0 -4155359
1359079 0 1673954360 232884 0 -1164145 0 0 -4440114
1358567 0 1673954360 248986 0 -1169883 0 0 -4452409
1359475 0 1673954360 280937 0 -1175633 0 0 -4459175
1358200 0 1673954360 296916 0 -1181395 0 0 -4189874
1359707 0 1673954360 312905 0 -1187169 0 0 -4477259
1358241 0 1673954360 344866 0 -1192955 0 0 -4485765
1358367 0 1673954360 360848 0 -1198753 0 0 -4213176
1358901 0 1673954360 376866 0 -1204562 0 0 -4224306
1359450 0 1673954360 392824 0 -1210383 0 0 -4512901
1357353 0 1673954360 424827 0 -1216216 0 0 -4524192
1362299 0 1673954360 440714 0 -1222061 0 0 -4245477
1356163 0 1673954360 456806 0 -1227916 0 0 -4263354
1359749 0 1673954360 472793 0 -1233785 0 0 -4551443
1358426 0 1673954360 504759 0 -1239665 0 0 -4561520
1358098 0 1673954360 520650 0 -1245559 0 0 -4284192
1360626 0 1673954360 536633 0 -1251462 0 0 -4581160
1360033 0 1673954360 552670 0 -1257377 0 0 -4591487
1359014 0 1673954360 584686 0 -1263303 0 0 -4601044
1357768 0 1673954360 600661 0 -1269243 0 0 -4319810
1360267 0 1673954360 616615 0 -1275194 0 0 -4616499
1355898 0 1673954360 632635 0 -1281156 0 0 -4624560
1363127 0 1673954360 664587 0 -1287132 0 0 -4637557
1353266 0 1673954360 680554 0 -1293119 0 0 -4355644
1365413 0 1673954360 696560 0 -1299116 0 0 -4654400
1352728 0 1673954360 712501 0 -1305126 0 0 -4660675
1362180 0 1673954360 744497 0 -1311147 0 0 -4672589
1352658 0 1673954360 760450 0 -1317180 0 0 -4389830
1366831 0 1673954360 776453 0 -1323225 0 0 -4692007
1350344 0 1673954360 792423 0 -1329282 0 0 -4701338
1368295 0 1673954360 824418 0 -1335350 0 0 -4711124
1352683 0 1673954360 840417 0 -1341432 0 0 -4425278
1365159 0 1673954360 856349 0 -1347524 0 0 -4727464
1350992 0 1673954360 888291 0 -1353628 0 0 -4739247
1363643 0 1673954360 904314 0 -1359744 0 0 -4451728
1353818 0 1673954360 920187 0 -1365871 0 0 -4459045
1363409 0 1673954360 936300 0 -1372010 0 0 -4768736
1353996 0 1673954360 968233 0 -1378162 0 0 -4773233
1369035 0 1673954360 984240 0 -1384325 0 0 -4483399
1346578 0 1673954361 295 0 -1390500 0 0 -4492471
1374989 0 1673954361 16192 0 -1396686 0 0 -4797484
1346626 0 1673954361 48233 0 -1402884 0 0 -4811720
1371479 0 1673954361 64091 0 -1409077 0 0 -4515088
1352347 0 1673954361 80209 0 -1415258 0 0 -4824931
1377338 0 1673954361 96172 0 -1421427 0 0 -4825481
1335994 0 1673954361 128140 0 -1427584 0 0 -4823836
1382888 0 1673954361 144111 0 -1433730 0 0 -4527666
1333637 0 1673954361 159980 0 -1439864 0 0 -4826218
1377342 0 1673954361 176070 0 -1445986 0 0 -4826241
1355856 0 1673954361 208054 0 -1452095 0 0 -4817454
1384299 0 1673954361 224041 0 -1458194 0 0 -4506211
1327528 0 1673954361 240119 0 -1464281 0 0 -4799122
1387238 0 1673954361 256111 0 -1470355 0 0 -4780390
1323430 0 1673954361 287979 0 -1476418 0 0 -4774745
1406689 0 1673954361 303891 0 -1482470 0 0 -4468814
1299924 0 1673954361 319895 0 -1488510 0 0 -4761522
1412953 0 1673954361 335943 0 -1494538 0 0 -4749935
1302028 0 1673954361 367845 0 -1500553 0 0 -4732794
1396397 0 1673954361 383906 0 -1506557 0 0 -4433614
1307452 0 1673954361 399893 0 -1512550 0 0 -4718693
1426977 0 1673954361 431867 0 -1518530 0 0 -4708235
1284487 0 1673954361 447848 0 -1524499 0 0 -4409641
1446360 0 1673954361 463861 0 -1530457 0 0 -4399783
1344410 0 1673954361 479807 0 -1536403 0 0 -4683243
1346742 0 1673954361 511792 0 -1542335 0 0 -4671396
1431789 0 1673954361 527783 0 -1548256 0 0 -4372118
1257017 0 1673954361 543793 0 -1554166 0 0 -4363946
1474043 0 1673954361 559720 0 -1560064 0 0 -4645498
1229256 0 1673954361 591703 0 -1565950 0 0 -4639907
1468698 0 1673954361 607702 0 -1571825 0 0 -4342465
1235459 0 1673954361 623669 0 -1577688 0 0 -4623367
1513618 0 1673954361 639576 0 -1583538 0 0 -4613309
1211743 0 1673954361 671640 0 -1589376 0 0 -4606567
1497456 0 1673954361 687511 0 -1595204 0 0 -4309311
1241010 0 1673954361 703595 0 -1601019 0 0 -4592551
1429199 0 1673954361 719556 0 -1606822 0 0 -4578817
1308793 0 1673954361 751545 0 -1612615 0 0 -4570305
1382588 0 1673954361 767526 0 -1618394 0 0 -4275141
1324371 0 1673954361 783517 0 -1624163 0 0 -4552172
1310315 0 1673954361 799497 0 -1629919 0 0 -4542003
1507992 0 1673954361 831467 0 -1635663 0 0 -4531173
1130895 0 1673954361 847438 0 -1641396 0 0 -4237917
1633274 0 1673954361 863444 0 -1647117 0 0 -4513620
1120032 0 1673954361 879420 0 -1652827 0 0 -4498542
1550714 0 1673954361 911413 0 -1658524 0 0 -4491986
1172751 0 1673954361 927330 0 -1664210 0 0 -4202578
1551458 0 1673954361 943346 0 -1669884 0 0 -4477294
1141237 0 1673954361 975271 0 -1675546 0 0 -4465623
1583606 0 1673954361 991266 0 -1681196 0 0 -4179724
1200084 0 1673954362 7264 0 -1686835 0 0 -4168940
1401079 0 1673954362 23231 0 -1692462 0 0 -4438326
1480493 0 1673954362 55253 0 -1698077 0 0 -4428094
986807 0 1673954362 71257 0 -1703679 0 0 -4144033
1757428 0 1673954362 87135 0 -1709272 0 0 -4132904
980443 0 1673954362 103070 0 -1714851 0 0 -4404217
1780210 0 1673954362 135137 0 -1720418 0 0 -4393096
933355 0 1673954362 151155 0 -1725974 0 0 -4111441
1817497 0 1673954362 167182 0 -1731519 0 0 -4375809
998731 0 1673954362 183014 0 -1737051 0 0 -4364278
1565575 0 1673954362 215111 0 -1742572 0 0 -4359579
1502082 0 1673954362 231072 0 -1748081 0 0 -4078287
959760 0 1673954362 247047 0 -1753578 0 0 -4343068
1864332 0 1673954362 262937 0 -1759064 0 0 -4333594
780802 0 1673954362 295027 0 -1764537 0 0 -4322756
1920408 0 1673954362 311005 0 -1769999 0 0 -4042837
748387 0 1673954362 326978 0 -1775448 0 0 -4304976
1987148 0 1673954362 342983 0 -1780886 0 0 -4296033
786079 0 1673954362 374979 0 -1786312 0 0 -4286426
1750933 0 1673954362 390844 0 -1791727 0 0 -4005982
1445717 0 1673954362 406850 0 -1797130 0 0 -4269928
991211 0 1673954362 422964 0 -1802521 0 0 -4258067
2046264 0 1673954362 454834 0 -1807899 0 0 -4242966
630841 0 1673954362 470785 0 -1813267 0 0 -3967972
1956414 0 1673954362 486789 0 -1818622 0 0 -4226577
901219 0 1673954362 518842 0 -1823965 0 0 -4215362
1635164 0 1673954362 534833 0 -1829298 0 0 -3943379
1535665 0 1673954362 550841 0 -1834619 0 0 -3933583
786703 0 1673954362 566766 0 -1839926 0 0 -4187149
2064379 0 1673954362 598794 0 -1845223 0 0 -4174744
846157 0 1673954362 614771 0 -1850507 0 0 -3906258
1522695 0 1673954362 630770 0 -1855780 0 0 -3900461
1592010 0 1673954362 646739 0 -1861041 0 0 -4151084
880507 0 1673954362 678698 0 -1866291 0 0 -4140219
1879613 0 1673954362 694669 0 -1871528 0 0 -3874613
933293 0 1673954362 710654 0 -1876754 0 0 -4125922
1663784 0 1673954362 726608 0 -1881968 0 0 -4115658
1234018 0 1673954362 758526 0 -1887170 0 0 -4107128
1312238 0 1673954362 774569 0 -1892361 0 0 -3841524
1583488 0 1673954362 790599 0 -1897539 0 0 -4088051
1042207 0 1673954362 806575 0 -1902706 0 0 -4076014
1654371 0 1673954362 838546 0 -1907861 0 0 -4066386
1273204 0 1673954362 854509 0 -1913005 0 0 -3804095
1353839 0 1673954362 870427 0 -1918136 0 0 -4050290
1425752 0 1673954362 886430 0 -1923256 0 0 -4041588
1211079 0 1673954362 918482 0 -1928363 0 0 -4030567
1528195 0 1673954362 934442 0 -1933460 0 0 -3769568
1179282 0 1673954362 950399 0 -1938544 0 0 -4013178
1473186 0 1673954362 966373 0 -1943617 0 0 -4005615
1335540 0 1673954362 998430 0 -1948678 0 0 -3997012
1284446 0 1673954363 14466 0 -1953727 0 0 -3738933
1494836 0 1673954363 30386 0 -1958764 0 0 -3978323
1262715 0 1673954363 62314 0 -1963789 0 0 -3969276
1392008 0 1673954363 78334 0 -1968802 0 0 -3712028
1391047 0 1673954363 94252 0 -1973805 0 0 -3701355
1281696 0 1673954363 110309 0 -1978795 0 0 -3942697
1428489 0 1673954363 142168 0 -1983773 0 0 -3929375
1282065 0 1673954363 158308 0 -1988739 0 0 -3676184
1394311 0 1673954363 174272 0 -1993694 0 0 -3660831
1379465 0 1673954363 190276 0 -1998637 0 0 -3898539
1302805 0 1673954363 222221 0 -2003567 0 0 -3889074
1390828 0 1673954363 238127 0 -2008486 0 0 -3636484
1362116 0 1673954363 254102 0 -2013394 0 0 -3873286
1332288 0 1673954363 270094 0 -2018289 0 0 -3864097
1386308 0 1673954363 302141 0 -2023173 0 0 -3851474
1339922 0 1673954363 318123 0 -2028044 0 0 -3604560
1363780 0 1673954363 334122 0 -2032906 0 0 -3836346
1364729 0 1673954363 349995 0 -2037754 0 0 -3830124
1348291 0 1673954363 382055 0 -2042590 0 0 -3822364
1366745 0 1673954363 398022 0 -2047415 0 0 -3576194
1351990 0 1673954363 413958 0 -2052228 0 0 -3806586
1361897 0 1673954363 430008 0 -2057029 0 0 -3795187
1358171 0 1673954363 461941 0 -2061819 0 0 -3782728
1351651 0 1673954363 477863 0 -2066597 0 0 -3539327
1367621 0 1673954363 493909 0 -2071363 0 0 -3769543
1344929 0 1673954363 509937 0 -2076117 0 0 -3757131
1370424 0 1673954363 541827 0 -2080859 0 0 -3745941
1352107 0 1673954363 557904 0 -2085589 0 0 -3501650
1353287 0 1673954363 573901 0 -2090308 0 0 -3725128
1373366 0 1673954363 589878 0 -2095015 0 0 -3713891
1339252 0 1673954363 621855 0 -2099710 0 0 -3702317
1374674 0 1673954363 637937 0 -2104394 0 0 -3464876
1351383 0 1673954363 653772 0 -2109065 0 0 -3684912
1347947 0 1673954363 685821 0 -2113725 0 0 -3677022
1377681 0 1673954363 701808 0 -2118373 0 0 -3440702
1341741 0 1673954363 717821 0 -2123009 0 0 -3431527
1357216 0 1673954363 733794 0 -2127633 0 0 -3650969
1368072 0 1673954363 765795 0 -2132246 0 0 -3643587
1339172 0 1673954363 781762 0 -2136847 0 0 -3408484
1367081 0 1673954363 797748 0 -2141436 0 0 -3398398
1364321 0 1673954363 813692 0 -2146014 0 0 -3616985
1341132 0 1673954363 845725 0 -2150579 0 0 -3610525
1370890 0 1673954363 861699 0 -2155132 0 0 -3372790
1361417 0 1673954363 877678 0 -2159674 0 0 -3590461
1338861 0 1673954363 893677 0 -2164205 0 0 -3580420
1361647 0 1673954363 925652 0 -2168723 0 0 -3570463
1362965 0 1673954363 941597 0 -2173230 0 0 -3339453
1347404 0 1673954363 957572 0 -2177724 0 0 -3555183
1372032 0 1673954363 973629 0 -2182207 0 0 -3544590
1350779 0 1673954364 5571 0 -2186678 0 0 -3532200
1357576 0 1673954364 21588 0 -2191137 0 0 -3302953
1367981 0 1673954364 37502 0 -2195585 0 0 -3514782
1347033 0 1673954364 53416 0 -2200020 0 0 -3505951
1362509 0 1673954364 85525 0 -2204444 0 0 -3497255
1365005 0 1673954364 101489 0 -2208856 0 0 -3270715
1347757 0 1673954364 117501 0 -2213257 0 0 -3481229
1361611 0 1673954364 133323 0 -2217646 0 0 -3469140
1362174 0 1673954364 165433 0 -2222022 0 0 -3462813
1349090 0 1673954364 187124 0 -2226387 0 0 -3240147
1362669 0 1673954364 197311 0 -2230741 0 0 -3335665
1361535 0 1673954364 229339 0 -2235082 0 0 -3567581
1350678 0 1673954364 245455 0 -2239411 0 0 -3343327
1362327 0 1673954364 261360 0 -2243729 0 0 -3327606
1361428 0 1673954364 277347 0 -2248035 0 0 -3535927
1351473 0 1673954364 309331 0 -2252329 0 0 -3524850
1359362 0 1673954364 325314 0 -2256611 0 0 -3305744
1363880 0 1673954364 341216 0 -2260882 0 0 -3291126
1355415 0 1673954364 357240 0 -2265141 0 0 -3497203
1354368 0 1673954364 389250 0 -2269388 0 0 -3597689
1362912 0 1673954364 405240 0 -2273623 0 0 -3138582
1356802 0 1673954364 421225 0 -2277847 0 0 -3340148
1354794 0 1673954364 437228 0 -2282059 0 0 -3333217
1361926 0 1673954364 469210 0 -2286258 0 0 -3320179
1356279 0 1673954364 485216 0 -2290446 0 0 -3105110
1357189 0 1673954364 501200 0 -2294622 0 0 -3303583
1361247 0 1673954364 517234 0 -2298787 0 0 -3293195
1355843 0 1673954364 549101 0 -2302940 0 0 -3279420
1356711 0 1673954364 565178 0 -2307080 0 0 -3068287
1360715 0 1673954364 581172 0 -2311211 0 0 -3263050
1356808 0 1673954364 597152 0 -2315328 0 0 -3252494
1356489 0 1673954364 628996 0 -2319433 0 0 -3242161
1360350 0 1673954364 645105 0 -2323527 0 0 -3033061
1358398 0 1673954364 661135 0 -2327608 0 0 -3224292
1355670 0 1673954364 677134 0 -2331679 0 0 -3213447
1357926 0 1673954364 709089 0 -2335738 0 0 -3202713
1359642 0 1673954364 725098 0 -2339785 0 0 -2995892
1356831 0 1673954364 741096 0 -2343819 0 0 -3186624
1357159 0 1673954364 773036 0 -2347842 0 0 -3178058
1359552 0 1673954364 789097 0 -2351853 0 0 -2972074
1358123 0 1673954364 805031 0 -2355852 0 0 -2959738
1356608 0 1673954364 820989 0 -2359840 0 0 -3149922
1358570 0 1673954364 852903 0 -2363816 0 0 -3143387
1358693 0 1673954364 868961 0 -2367780 0 0 -2940649
1356870 0 1673954364 884849 0 -2371732 0 0 -2928781
1357957 0 1673954364 900934 0 -2375672 0 0 -3118373
1358832 0 1673954364 932886 0 -2379601 0 0 -3106313
1357404 0 1673954364 948891 0 -2383518 0 0 -2904940
1357368 0 1673954364 964931 0 -2387423 0 0 -3089951
1358621 0 1673954364 980913 0 -2391316 0 0 -3080134
1357945 0 1673954365 12888 0 -2395197 0 0 -3068499
1357325 0 1673954365 28815 0 -2399067 0 0 -2868308
1358070 0 1673954365 44866 0 -2402925 0 0 -3052717
1358171 0 1673954365 60851 0 -2406771 0 0 -3042566
1357359 0 1673954365 92721 0 -2410606 0 0 -3029951
1357897 0 1673954365 108826 0 -2414428 0 0 -2835669
1358067 0 1673954365 124833 0 -2418239 0 0 -3013864
1357489 0 1673954365 140817 0 -2422038 0 0 -3003469
1357613 0 1673954365 172768 0 -2425825 0 0 -2994436
1358062 0 1673954365 188810 0 -2429600 0 0 -2799614
1357927 0 1673954365 204740 0 -2433364 0 0 -2977117
1357675 0 1673954365 220639 0 -2437116 0 0 -2966649
1357821 0 1673954365 252712 0 -2440856 0 0 -2959811
1358093 0 1673954365 268707 0 -2444583 0 0 -2766516
1357883 0 1673954365 284710 0 -2448300 0 0 -2942235
1357790 0 1673954365 316662 0 -2452005 0 0 -2934242
1357936 0 1673954365 332656 0 -2455697 0 0 -2743953
1357882 0 1673954365 348657 0 -2459379 0 0 -2733464
1357798 0 1673954365 364609 0 -2463048 0 0 -2907133
1357791 0 1673954365 396636 0 -2466706 0 0 -2898819
1357971 0 1673954365 412595 0 -2470351 0 0 -2708631
1357905 0 1673954365 428572 0 -2473985 0 0 -2696871
1357847 0 1673954365 444602 0 -2477607 0 0 -2869523
1357870 0 1673954365 476582 0 -2481217 0 0 -2858300
1357933 0 1673954365 492547 0 -2484816 0 0 -2672394
1357898 0 1673954365 508453 0 -2488403 0 0 -2842911
1357863 0 1673954365 524512 0 -2491978 0 0 -2834390
1357804 0 1673954365 556487 0 -2495541 0 0 -2822782
1357828 0 1673954365 572578 0 -2499092 0 0 -2638005
1357815 0 1673954365 588473 0 -2502632 0 0 -2803925
1357792 0 1673954365 604502 0 -2506159 0 0 -2794839
1357725 0 1673954365 636397 0 -2509675 0 0 -2783357
1357739 0 1673954365 652446 0 -2513179 0 0 -2603135
1357800 0 1673954365 668434 0 -2516672 0 0 -2767364
1357741 0 1673954365 684457 0 -2520152 0 0 -2756402
1357670 0 1673954365 716374 0 -2523621 0 0 -2743501
1357742 0 1673954365 732437 0 -2527078 0 0 -2566068
1357819 0 1673954365 748381 0 -2530523 0 0 -2727650
1357679 0 1673954365 764385 0 -2533956 0 0 -2720333
1357669 0 1673954365 796356 0 -2537378 0 0 -2707721
1357847 0 1673954365 812348 0 -2540787 0 0 -2531589
1357831 0 1673954365 828345 0 -2544186 0 0 -2692031
1357668 0 1673954365 844323 0 -2547572 0 0 -2682686
1357692 0 1673954365 876314 0 -2550946 0 0 -2672533
1357887 0 1673954365 892240 0 -2554308 0 0 -2498456
1357861 0 1673954365 908334 0 -2557659 0 0 -2657985
1357682 0 1673954365 940290 0 -2560998 0 0 -2647048
1357672 0 1673954365 956212 0 -2564326 0 0 -2473340
1357909 0 1673954365 972229 0 -2567641 0 0 -2464560
1357915 0 1673954365 988195 0 -2570945 0 0 -2620268
1357659 0 1673954366 20206 0 -2574237 0 0 -2610338
1357697 0 1673954366 36123 0 -2577517 0 0 -2439713
1357957 0 1673954366 52183 0 -2580785 0 0 -2430572
1357956 0 1673954366 68196 0 -2584042 0 0 -2583243
1357650 0 1673954366 100114 0 -2587286 0 0 -2571016
1357634 0 1673954366 116075 0 -2590519 0 0 -2405114
1357987 0 1673954366 132069 0 -2593741 0 0 -2557807
1357915 0 1673954366 147935 0 -2596950 0 0 -2545987
1357575 0 1673954366 180047 0 -2600148 0 0 -2538616
1357598 0 1673954366 196008 0 -2603333 0 0 -2371422
1357873 0 1673954366 211999 0 -2606507 0 0 -2522039
1357779 0 1673954366 227998 0 -2609669 0 0 -2510197
1357297 0 1673954366 259945 0 -2612820 0 0 -2501053
1357131 0 1673954366 275947 0 -2615958 0 0 -2337990
1357382 0 1673954366 291915 0 -2619085 0 0 -2485056
1357639 0 1673954366 307916 0 -2622201 0 0 -2474546
1357580 0 1673954366 339793 0 -2625304 0 0 -2464058
1357341 0 1673954366 355860 0 -2628395 0 0 -2300625
1357625 0 1673954366 371840 0 -2631475 0 0 -2445177
1358003 0 1673954366 387845 0 -2634542 0 0 -2434345
1357821 0 1673954366 419762 0 -2637598 0 0 -2423727
1357409 0 1673954366 435838 0 -2640642 0 0 -2265012
1357643 0 1673954366 451832 0 -2643675 0 0 -2406326
1358040 0 1673954366 483833 0 -2646696 0 0 -2396124
1357807 0 1673954366 499794 0 -2649705 0 0 -2238136
1357458 0 1673954366 515808 0 -2652702 0 0 -2228519
1357573 0 1673954366 531809 0 -2655687 0 0 -2368258
1357989 0 1673954366 563786 0 -2658660 0 0 -2359045
1357866 0 1673954366 579759 0 -2661622 0 0 -2203891
1357453 0 1673954366 595746 0 -2664572 0 0 -2194120
1357448 0 1673954366 611719 0 -2667510 0 0 -2332248
1357994 0 1673954366 643737 0 -2670437 0 0 -2323780
1358035 0 1673954366 659700 0 -2673351 0 0 -2170854
1357619 0 1673954366 675639 0 -2676253 0 0 -2307991
1357340 0 1673954366 691703 0 -2679144 0 0 -2298004
1357589 0 1673954366 723660 0 -2682024 0 0 -2286885
1358037 0 1673954366 739689 0 -2684891 0 0 -2136749
1357889 0 1673954366 755623 0 -2687747 0 0 -2270418
1357455 0 1673954366 771659 0 -2690591 0 0 -2260730
1357370 0 1673954366 803612 0 -2693423 0 0 -2249524
1357919 0 1673954366 819552 0 -2696243 0 0 -2101099
1358066 0 1673954366 835536 0 -2699051 0 0 -2234145
1357623 0 1673954366 851585 0 -2701848 0 0 -2223508
1357315 0 1673954366 883564 0 -2704632 0 0 -2211148
1357667 0 1673954366 899583 0 -2707405 0 0 -2066508
1358061 0 1673954366 915567 0 -2710167 0 0 -2195736
1357868 0 1673954366 931541 0 -2712916 0 0 -2186060
1357311 0 1673954366 963523 0 -2715654 0 0 -2174993
1357269 0 1673954366 979491 0 -2718380 0 0 -2032232
1357761 0 1673954366 995494 0 -2721094 0 0 -2159904
1358110 0 1673954367 27340 0 -2723796 0 0 -2148471
1357803 0 1673954367 43428 0 -2726487 0 0 -2007085
1357348 0 1673954367 59424 0 -2729166 0 0 -1996230
1357419 0 1673954367 75415 0 -2731833 0 0 -2121255
1357890 0 1673954367 107443 0 -2734488 0 0 -2111272
1358112 0 1673954367 123237 0 -2737131 0 0 -1971486
1357656 0 1673954367 139326 0 -2739763 0 0 -1964051
1357306 0 1673954367 155351 0 -2742382 0 0 -2085218
1357528 0 1673954367 187318 0 -2744990 0 0 -2073938
1358043 0 1673954367 203208 0 -2747586 0 0 -1937009
1358044 0 1673954367 219309 0 -2750171 0 0 -2059166
1357571 0 1673954367 235217 0 -2752743 0 0 -2048572
1357241 0 1673954367 267292 0 -2755304 0 0 -2039602
1357611 0 1673954367 283201 0 -2757853 0 0 -1904351
1358087 0 1673954367 299284 0 -2760390 0 0 -2024582
1357995 0 1673954367 315264 0 -2762916 0 0 -2009605
1357501 0 1673954367 347267 0 -2765429 0 0 -2000975
1357248 0 1673954367 363227 0 -2767931 0 0 -1868841
1357596 0 1673954367 379183 0 -2770421 0 0 -1985726
1358050 0 1673954367 395187 0 -2772899 0 0 -1974197
1358053 0 1673954367 427195 0 -2775366 0 0 -1965458
1357556 0 1673954367 443149 0 -2777820 0 0 -1833708
1357241 0 1673954367 459217 0 -2780263 0 0 -1948799
1357467 0 1673954367 475104 0 -2782694 0 0 -1936025
1357960 0 1673954367 507108 0 -2785113 0 0 -1928529
1358133 0 1673954367 523170 0 -2787521 0 0 -1800375
1357816 0 1673954367 539174 0 -2789917 0 0 -1911300
1357391 0 1673954367 571027 0 -2792301 0 0 -1900281
1357378 0 1673954367 587047 0 -2794673 0 0 -1773976
1357817 0 1673954367 602955 0 -2797033 0 0 -1763300
1358133 0 1673954367 619030 0 -2799381 0 0 -1874128
1357951 0 1673954367 651012 0 -2801718 0 0 -1862024
1357469 0 1673954367 666986 0 -2804043 0 0 -1739216
1357302 0 1673954367 682936 0 -2806356 0 0 -1727551
1357704 0 1673954367 698926 4 -2808658 0 0 -1835497
1358076 0 1673954367 730947 4 -2810947 0 0 -1826091
1358071 0 1673954367 746910 0 -2813225 0 0 -1704494
1357720 0 1673954367 762951 0 -2815491 0 0 -1809942
1357314 0 1673954367 778951 0 -2817745 0 0 -1799315
1357241 0 1673954367 810924 0 -2819987 0 0 -1787637
1357422 0 1673954367 826891 0 -2822218 0 0 -1669507
1357755 0 1673954367 842908 0 -2824437 0 0 -1773065
1357870 0 1673954367 858810 0 -2826644 0 0 -1762117
1357597 0 1673954367 890895 0 -2828839 0 0 -1752284
1357310 0 1673954367 906874 0 -2831023 0 0 -1634967
1357289 0 1673954367 922806 0 -2833194 0 0 -1736100
1357492 0 1673954367 938841 4 -2835355 0 0 -1726234
1357882 0 1673954367 970694 0 -2837503 0 0 -1715987
1357971 0 1673954367 986735 0 -2839639 0 0 -1601820
1357680 0 1673954368 2762 0 -2841763 0 0 -1699684
1357383 0 1673954368 18784 0 -2843876 0 0 -1688537
1357390 0 1673954368 50770 0 -2845977 0 0 -1678133
1357761 0 1673954368 66755 0 -2848066 0 0 -1564503
1357997 0 1673954368 82727 0 -2850143 0 0 -1661167
1357891 0 1673954368 98719 0 -2852208 0 0 -1650890
1357613 0 1673954368 130684 0 -2854262 0 0 -1639641
1357441 0 1673954368 146701 0 -2856304 0 0 -1530149
1357503 0 1673954368 162539 0 -2858334 0 0 -1623403
1357751 0 1673954368 194645 0 -2860353 0 0 -1615696
1357938 0 1673954368 210611 0 -2862359 0 0 -1507322
1357909 0 1673954368 226544 0 -2864354 0 0 -1497667
1357654 0 1673954368 242606 0 -2866337 0 0 -1590087
1357462 0 1673954368 274578 0 -2868308 0 0 -1578802
1357445 0 1673954368 290574 0 -2870267 0 0 -1472526
1357595 0 1673954368 306550 0 -2872215 0 0 -1462122
1357818 0 1673954368 322647 0 -2874151 0 0 -1551652
1357929 0 1673954368 354526 0 -2876075 0 0 -1540379
1357823 0 1673954368 370613 0 -2877987 0 0 -1434908
1357642 0 1673954368 386472 0 -2879887 0 0 -1521825
1357468 0 1673954368 402516 0 -2881776 0 0 -1512699
1357485 0 1673954368 434447 0 -2883653 0 0 -1501030
1357663 0 1673954368 450505 0 -2885518 0 0 -1400554
1357765 0 1673954368 466366 0 -2887371 0 0 -1485120
1357838 0 1673954368 482472 0 -2889213 0 0 -1476297
1357804 0 1673954368 514471 0 -2891043 0 0 -1464485
1357685 0 1673954368 530336 0 -2892860 0 0 -1366450
1357548 0 1673954368 546473 0 -2894666 0 0 -1450604
1357574 0 1673954368 562473 0 -2896461 0 0 -1439866
1357697 0 1673954368 594353 0 -2898243 0 0 -1427776
1357859 0 1673954368 610361 0 -2900014 0 0 -1331778
1357894 0 1673954368 626328 0 -2901773 0 0 -1412209
1357841 0 1673954368 642272 0 -2903520 0 0 -1402863
1357703 0 1673954368 674354 0 -2905255 0 0 -1391433
1357576 0 1673954368 690348 0 -2906979 0 0 -1297863
1357606 0 1673954368 706329 0 -2908691 0 0 -1376389
1357674 0 1673954368 738154 0 -2910391 0 0 -1364734
1357806 0 1673954368 754215 0 -2912079 0 0 -1273805
1357902 0 1673954368 770159 0 -2913756 0 0 -1262929
1357876 0 1673954368 786113 0 -2915420 0 0 -1339199
1357789 0 1673954368 818223 0 -2917073 0 0 -1329399
1357683 0 1673954368 834186 0 -2918714 0 0 -1238294
1357619 0 1673954368 850045 0 -2920343 0 0 -1227716
1357660 0 1673954368 866207 0 -2921961 0 0 -1303164
1357749 0 1673954368 898149 0 -2923566 0 0 -1291081
1357841 0 1673954368 914135 0 -2925160 0 0 -1202841
1357862 0 1673954368 930161 0 -2926742 0 0 -1274593
1357815 0 1673954368 946094 0 -2928312 0 0 -1264517
1357754 0 1673954368 978080 0 -2929871 0 0 -1254333
1357681 0 1673954368 994061 0 -2931417 0 0 -1167963
1357623 0 1673954369 10031 0 -2932952 0 0 -1238191
1357614 0 1673954369 26036 0 -2934475 0 0 -1227750
1357623 0 1673954369 57960 0 -2935986 0 0 -1215850
1357698 0 1673954369 73965 0 -2937486 0 0 -1134100
1357771 0 1673954369 90044 0 -2938974 0 0 -1201393
1357860 0 1673954369 106119 0 -2940450 0 0 -1190198
1357838 0 1673954369 137909 0 -2941914 0 0 -1179428
1357764 0 1673954369 153884 0 -2943366 0 0 -1097909
1357692 0 1673954369 169890 0 -2944807 0 0 -1163330
1357664 0 1673954369 185916 0 -2946235 0 0 -1152651
1357681 0 1673954369 217910 0 -2947652 0 0 -1141795
1357733 0 1673954369 233900 0 -2949058 0 0 -1062948
1357833 0 1673954369 249841 0 -2950451 0 0 -1125652
1357875 0 1673954369 281884 0 -2951833 0 0 -1115845
1357879 0 1673954369 297843 0 -2953202 0 0 -1039169
1357856 0 1673954369 313838 0 -2954560 0 0 -1029825
1357805 0 1673954369 329849 0 -2955907 0 0 -1090042
1357762 0 1673954369 361798 0 -2957241 0 0 -1079283
1357714 0 1673954369 377788 0 -2958564 0 0 -1004585
1357719 0 1673954369 393786 0 -2959875 0 0 -994538
1357753 0 1673954369 409781 0 -2961174 0 0 -1052744
1357819 0 1673954369 441601 0 -2962461 0 0 -1042347
1357849 0 1673954369 457666 0 -2963737 0 0 -969543
1357891 0 1673954369 473749 0 -2965000 0 0 -1025628
1357880 0 1673954369 489636 0 -2966252 0 0 -1014305
1357841 0 1673954369 521699 0 -2967492 0 0 -1004676
1357808 0 1673954369 537708 0 -2968720 0 0 -934335
1357763 0 1673954369 553800 0 -2969937 0 0 -988413
1357714 0 1673954369 569648 0 -2971142 0 0 -977309
1357724 0 1673954369 601655 0 -2972335 0 0 -968059
1357755 0 1673954369 617637 0 -2973516 0 0 -899989
1357780 0 1673954369 633605 0 -2974685 0 0 -951621
1357848 0 1673954369 649640 0 -2975843 0 0 -942093
1357857 0 1673954369 681602 0 -2976988 0 0 -932030
1357856 0 1673954369 697601 0 -2978122 0 0 -865512
1357806 0 1673954369 713563 0 -2979245 0 0 -915344
1357797 0 1673954369 729484 0 -2980355 0 0 -905220
1357801 0 1673954369 761528 0 -2981454 0 0 -896073
1357771 0 1673954369 777486 4 -2982540 0 0 -831407
1357761 0 1673954369 793482 0 -2983615 0 0 -879010
1357707 0 1673954369 825453 4 -2984678 0 0 -868556
1357723 0 1673954369 841423 0 -2985730 0 0 -806657
1357788 0 1673954369 857433 0 -2986769 0 0 -796740
1357829 0 1673954369 873459 0 -2987797 0 0 -841631
1357847 0 1673954369 905451 0 -2988813 0 0 -831014
1357875 0 1673954369 921496 4 -2989818 0 0 -771442
1357891 0 1673954369 937247 0 -2990810 0 0 -760189
1357855 0 1673954369 953333 4 -2991791 0 0 -804549
1357828 0 1673954369 985327 4 -2992760 0 0 -793416
1357860 0 1673954370 1334 4 -2993702 0 0 -735586
1357852 0 1673954370 17294 0 -2994581 0 0 -769974
1357838 0 1673954370 33281 4 -2995394 0 0 -747912
1357800 0 1673954370 65292 4 -2996140 0 0 -720495
1357781 0 1673954370 81269 4 -2996821 0 0 -654678
1357788 0 1673954370 97288 0 -2997435 0 0 -665641
1357827 0 1673954370 113266 0 -2997984 0 0 -622587
1357820 0 1673954370 145191 0 -2998467 0 0 -572505
1357782 0 1673954370 161216 0 -2998883 0 0 -498742
1357758 0 1673954370 177207 0 -2999234 0 0 -486961
1357742 0 1673954370 193168 0 -2999519 0 0 -429006
1357772 0 1673954370 225165 0 -2999737 0 0 -370754
1357767 0 1673954370 241137 0 -2999890 0 0 -305315
1357772 0 1673954370 257071 0 -2999977 0 0 -280585
1357772 0 1673954370 273119 0 -2999999 0 0 -222695
1357816 0 1673954370 305091 32 -3000000 0 0 -169243
