3733 8386 1673951320 882042 16 -1419449 0 0 -449702
3731 8372 1673951320 897953 16 -1420024 0 0 -421586
3737 8405 1673951320 914028 16 -1420599 0 0 -421911
3734 8395 1673951320 930025 16 -1421174 0 0 -449730
3732 8387 1673951320 962002 16 -1421749 0 0 -449845
3732 8372 1673951320 978030 16 -1422324 0 0 -421737
3732 8390 1673951320 993987 16 -1422899 0 0 -421409
3734 8381 1673951321 9985 16 -1423474 0 0 -449627
3732 8388 1673951321 41938 16 -1424049 0 0 -449532
3741 8381 1673951321 57930 16 -1424624 0 0 -421392
3732 8365 1673951321 73905 16 -1425199 0 0 -449431
3731 8404 1673951321 89815 16 -1425774 0 0 -449205
3736 8404 1673951321 121886 16 -1426349 0 0 -449785
3726 8362 1673951321 137856 16 -1426924 0 0 -421636
3735 8374 1673951321 153773 16 -1427499 0 0 -449797
3736 8372 1673951321 169815 16 -1428074 0 0 -450188
3734 8359 1673951321 201872 16 -1428649 0 0 -449890
3736 8368 1673951321 217771 16 -1429224 0 0 -421757
3731 8376 1673951321 233769 16 -1429799 0 0 -450148
3734 8392 1673951321 250123 16 -1430374 0 0 -450127
3734 8378 1673951321 281624 16 -1430949 0 0 -448824
3736 8380 1673951321 297682 16 -1431524 0 0 -420875
3741 8386 1673951321 313710 16 -1432099 0 0 -448810
3735 8384 1673951321 329732 16 -1432674 0 0 -448607
3732 8388 1673951321 361678 16 -1433249 0 0 -448237
3738 8397 1673951321 377646 16 -1433824 0 0 -420355
3729 8385 1673951321 393665 16 -1434399 0 0 -448594
3726 8377 1673951321 425632 16 -1434974 0 0 -448170
3735 8373 1673951321 441598 16 -1435549 0 0 -420116
3734 8374 1673951321 457612 16 -1436124 0 0 -421451
3729 8381 1673951321 473531 16 -1436699 0 0 -449034
3732 8390 1673951321 505602 16 -1437274 0 0 -449522
3732 8375 1673951321 521574 16 -1437848 0 0 -421433
3739 8359 1673951321 537453 16 -1438423 0 0 -421609
3732 8361 1673951321 553623 16 -1438998 0 0 -450065
3739 8375 1673951321 585510 16 -1439573 0 0 -449362
3725 8373 1673951321 601584 16 -1440148 0 0 -421452
3733 8381 1673951321 617463 16 -1440723 0 0 -449241
3732 8384 1673951321 633492 16 -1441298 0 0 -449549
3734 8384 1673951321 665355 16 -1441873 0 0 -449497
3731 8363 1673951321 681352 16 -1442448 0 0 -421256
3724 8389 1673951321 697395 16 -1443023 0 0 -449453
3740 8376 1673951321 713401 16 -1443598 0 0 -449204
3734 8379 1673951321 745408 16 -1444173 0 0 -448755
3735 8367 1673951321 761406 16 -1444748 0 0 -421263
3731 8382 1673951321 777288 16 -1445323 0 0 -449247
3737 8372 1673951321 793282 16 -1445898 0 0 -449923
3736 8367 1673951321 825283 16 -1446473 0 0 -449516
3730 8371 1673951321 841233 16 -1447048 0 0 -421541
3734 8355 1673951321 857247 16 -1447623 0 0 -449672
3733 8345 1673951321 873234 16 -1448198 0 0 -449612
3732 8346 1673951321 905197 16 -1448773 0 0 -449809
3727 8333 1673951321 921181 16 -1449348 0 0 -421786
3726 8302 1673951321 937201 16 -1449923 0 0 -449924
3728 8272 1673951321 969241 16 -1450498 0 0 -449847
3718 8236 1673951321 985399 16 -1451073 0 0 -421319
3714 8214 1673951322 1088 16 -1451648 0 0 -420749
3711 8199 1673951322 17041 16 -1452223 0 0 -449939
3709 8138 1673951322 49023 16 -1452798 0 0 -449928
3706 8125 1673951322 64953 16 -1453373 0 0 -421917
3706 8104 1673951322 81227 16 -1453948 0 0 -422118
3701 8095 1673951322 97015 16 -1454523 0 0 -449216
3703 8085 1673951322 128983 16 -1455098 0 0 -449914
3692 8086 1673951322 144991 16 -1455673 0 0 -421936
3697 8074 1673951322 160967 16 -1456248 0 0 -450019
3694 8079 1673951322 176898 16 -1456823 0 0 -450653
3694 8066 1673951322 208919 16 -1457398 0 0 -449783
3691 8084 1673951322 224799 16 -1457973 0 0 -421523
3694 8084 1673951322 240897 16 -1458548 0 0 -450008
3691 8099 1673951322 256870 16 -1459123 0 0 -449419
3699 8129 1673951322 288819 16 -1459698 0 0 -450459
3698 8209 1673951322 304756 16 -1460272 0 0 -421625
3708 8247 1673951322 320711 16 -1460847 0 0 -449895
3715 8289 1673951322 336762 16 -1461422 0 0 -450082
3712 8358 1673951322 368815 16 -1461997 0 0 -449819
3724 8425 1673951322 384734 16 -1462572 0 0 -421453
3722 8511 1673951322 400712 16 -1463147 0 0 -449833
3725 8557 1673951322 416670 16 -1463722 0 0 -449486
3729 8606 1673951322 448665 16 -1464297 0 0 -449976
3740 8624 1673951322 464676 16 -1464872 0 0 -421809
3735 8635 1673951322 480676 16 -1465447 0 0 -449851
3731 8614 1673951322 512621 16 -1466022 0 0 -449629
3733 8551 1673951322 528621 16 -1466597 0 0 -421443
3732 8657 1673951322 544550 16 -1467172 0 0 -421621
3734 8787 1673951322 560612 16 -1467747 0 0 -449994
3728 8862 1673951322 592582 16 -1468322 0 0 -449492
3726 8852 1673951322 608461 16 -1468897 0 0 -421364
3727 8831 1673951322 624542 16 -1469472 0 0 -421644
3718 8823 1673951322 640519 16 -1470047 0 0 -449433
3716 8667 1673951322 672512 16 -1470622 0 0 -449553
3719 8476 1673951322 688390 16 -1471197 0 0 -421483
3714 8297 1673951322 704476 16 -1471772 0 0 -449942
3706 8150 1673951322 720465 16 -1472347 0 0 -449642
3697 8030 1673951322 752444 16 -1472922 0 0 -449430
3692 7907 1673951322 768340 16 -1473497 0 0 -421589
3682 7827 1673951322 784424 16 -1474072 0 0 -450006
3674 7794 1673951322 800494 16 -1474647 0 0 -449285
3662 7734 1673951322 832410 16 -1475222 0 0 -449324
3646 7683 1673951322 848319 16 -1475797 0 0 -421240
3641 7608 1673951322 864326 16 -1476372 0 0 -449632
3634 7571 1673951322 880408 16 -1476947 0 0 -449176
3626 7542 1673951322 912313 16 -1477522 0 0 -449190
3620 7528 1673951322 928249 16 -1478097 0 0 -421158
3611 7517 1673951322 944234 16 -1478672 0 0 -449442
3598 7504 1673951322 960275 16 -1479247 0 0 -449127
3588 7533 1673951322 992244 16 -1479822 0 0 -449277
3585 7516 1673951323 8229 16 -1480397 0 0 -421472
3579 7496 1673951323 24248 16 -1480972 0 0 -449527
3559 7447 1673951323 56206 16 -1481547 0 0 -449139
3541 7412 1673951323 72175 16 -1482122 0 0 -421125
3525 7378 1673951323 88234 16 -1482696 0 0 -421422
3519 7370 1673951323 104251 16 -1483271 0 0 -449209
3524 7422 1673951323 136229 16 -1483846 0 0 -448923
3524 7415 1673951323 152059 16 -1484421 0 0 -420814
3534 7460 1673951323 168197 16 -1484996 0 0 -421560
3540 7491 1673951323 184142 16 -1485571 0 0 -449129
3547 7535 1673951323 216126 16 -1486146 0 0 -449270
3562 7606 1673951323 232073 16 -1486721 0 0 -421275
3577 7645 1673951323 248017 16 -1487296 0 0 -449501
3594 7718 1673951323 264075 16 -1487871 0 0 -449687
3613 7787 1673951323 296099 16 -1488446 0 0 -449690
3633 7828 1673951323 312048 16 -1489021 0 0 -421652
3643 7886 1673951323 327999 16 -1489596 0 0 -449889
3650 7917 1673951323 344029 16 -1490171 0 0 -449458
3656 7967 1673951323 376020 16 -1490746 0 0 -449833
3658 7982 1673951323 391997 16 -1491321 0 0 -421571
3666 8002 1673951323 407961 16 -1491896 0 0 -449714
3663 8021 1673951323 423971 16 -1492471 0 0 -449654
3673 8065 1673951323 455962 16 -1493046 0 0 -449422
3676 8081 1673951323 471880 16 -1493621 0 0 -421557
3683 8080 1673951323 487919 16 -1494196 0 0 -449943
3675 8082 1673951323 503927 16 -1494771 0 0 -449627
3672 8084 1673951323 535918 16 -1495346 0 0 -449427
3667 8088 1673951323 551916 16 -1495921 0 0 -421463
3670 8064 1673951323 567937 16 -1496496 0 0 -449539
3667 8072 1673951323 583920 16 -1497071 0 0 -449384
3667 8102 1673951323 615810 16 -1497646 0 0 -449317
3660 8042 1673951323 632123 16 -1498221 0 0 -421373
3659 8029 1673951323 647777 16 -1498796 0 0 -448364
3656 8025 1673951323 679822 16 -1499371 0 0 -449316
3646 7991 1673951323 695798 16 -1499946 0 0 -421337
3630 7954 1673951323 711811 16 -1500521 0 0 -421449
3624 7923 1673951323 727751 16 -1501096 0 0 -449472
3609 7916 1673951323 759776 16 -1501671 0 0 -449676
3599 7906 1673951323 775764 16 -1502246 0 0 -421652
3592 7892 1673951323 791745 16 -1502820 0 0 -421536
3580 7898 1673951323 807711 16 -1503396 0 0 -449680
3577 7884 1673951323 839688 16 -1503971 0 0 -450877
3574 7882 1673951323 855675 16 -1504545 0 0 -421531
3580 7900 1673951323 871677 16 -1505120 0 0 -449692
3579 7907 1673951323 887652 16 -1505695 0 0 -449601
3590 7898 1673951323 919607 16 -1506270 0 0 -449735
3597 7932 1673951323 935679 16 -1506845 0 0 -421487
3602 7933 1673951323 951587 16 -1507420 0 0 -449333
3613 7946 1673951323 967653 16 -1507995 0 0 -449713
3615 7976 1673951323 999615 16 -1508570 0 0 -449318
3620 7998 1673951324 15555 16 -1509145 0 0 -421156
3623 8009 1673951324 31525 16 -1509720 0 0 -449472
3621 8011 1673951324 47550 16 -1510295 0 0 -449532
3628 8032 1673951324 79549 16 -1510870 0 0 -449451
3623 8024 1673951324 95562 16 -1511445 0 0 -421288
3626 8022 1673951324 111526 16 -1512020 0 0 -449279
3628 7989 1673951324 127428 16 -1512595 0 0 -449657
3620 7986 1673951324 159488 16 -1513170 0 0 -449679
3627 7990 1673951324 175472 16 -1513745 0 0 -421781
3625 7977 1673951324 191477 16 -1514320 0 0 -449880
3625 7976 1673951324 223472 16 -1514895 0 0 -449651
3632 7998 1673951324 239443 16 -1515470 0 0 -421473
3635 8040 1673951324 255428 16 -1516045 0 0 -421663
3631 8050 1673951324 271441 16 -1516620 0 0 -449791
3631 8086 1673951324 303420 16 -1517195 0 0 -449791
3631 8085 1673951324 319330 16 -1517770 0 0 -421607
3635 8099 1673951324 335350 16 -1518345 0 0 -421578
3638 8099 1673951324 351338 16 -1518920 0 0 -449637
3643 8102 1673951324 383283 16 -1519495 0 0 -449623
3639 8110 1673951324 399290 16 -1520070 0 0 -421612
3636 8129 1673951324 415260 16 -1520645 0 0 -449660
3636 8111 1673951324 431230 16 -1521220 0 0 -449663
3639 8115 1673951324 463273 16 -1521795 0 0 -449716
3638 8102 1673951324 479289 16 -1522370 0 0 -421648
3634 8103 1673951324 495203 16 -1522945 0 0 -449649
3636 8093 1673951324 511243 16 -1523520 0 0 -449635
3638 8117 1673951324 543244 16 -1524095 0 0 -449565
3639 8109 1673951324 559210 16 -1524670 0 0 -421446
3638 8138 1673951324 575222 16 -1525245 0 0 -449594
3641 8118 1673951324 591195 16 -1525820 0 0 -449576
3641 8145 1673951324 623197 16 -1526395 0 0 -449565
3649 8155 1673951324 639095 16 -1526969 0 0 -421333
3652 8160 1673951324 655185 16 -1527544 0 0 -449807
3648 8202 1673951324 671131 16 -1528119 0 0 -449549
3649 8207 1673951324 703120 16 -1528694 0 0 -449436
3656 8245 1673951324 719060 16 -1529269 0 0 -421510
3652 8249 1673951324 735087 16 -1529844 0 0 -449798
3655 8299 1673951324 767050 16 -1530419 0 0 -449584
3652 8271 1673951324 783390 16 -1530994 0 0 -421582
3652 8285 1673951324 799048 16 -1531569 0 0 -420319
3649 8294 1673951324 814967 16 -1532144 0 0 -449672
3649 8279 1673951324 846920 16 -1532719 0 0 -449598
3652 8292 1673951324 862977 16 -1533294 0 0 -421877
3645 8287 1673951324 878969 16 -1533869 0 0 -421487
3639 8264 1673951324 894950 16 -1534444 0 0 -449582
3636 8265 1673951324 926946 16 -1535019 0 0 -449437
3636 8241 1673951324 942923 16 -1535594 0 0 -421459
3631 8231 1673951324 958929 16 -1536169 0 0 -449584
3629 8203 1673951324 974920 16 -1536744 0 0 -450731
3626 8194 1673951325 6909 16 -1537319 0 0 -449536
3617 8152 1673951325 22889 16 -1537894 0 0 -421184
3614 8113 1673951325 38882 16 -1538469 0 0 -449289
3601 8089 1673951325 54863 16 -1539044 0 0 -449513
3599 8045 1673951325 86851 16 -1539619 0 0 -449552
3598 8047 1673951325 102875 16 -1540194 0 0 -421419
3602 8031 1673951325 118841 16 -1540769 0 0 -449408
3591 8008 1673951325 134826 16 -1541344 0 0 -449447
3593 8008 1673951325 166743 16 -1541919 0 0 -449520
3593 8011 1673951325 182815 16 -1542494 0 0 -421486
3601 8000 1673951325 199097 16 -1543069 0 0 -449301
3602 7975 1673951325 215079 16 -1543644 0 0 -448258
3595 7975 1673951325 246633 16 -1544219 0 0 -448296
3603 7990 1673951325 262678 16 -1544794 0 0 -420550
3602 8000 1673951325 278702 16 -1545369 0 0 -448458
3608 7980 1673951325 310552 16 -1545944 0 0 -448458
3611 7973 1673951325 326664 16 -1546519 0 0 -420395
3617 7961 1673951325 342676 16 -1547093 0 0 -419855
3623 7981 1673951325 358641 16 -1547668 0 0 -447816
3643 8010 1673951325 390623 16 -1548244 0 0 -448289
3672 8246 1673951325 406623 16 -1548818 0 0 -421152
3678 8633 1673951325 422607 16 -1549393 0 0 -421089
3672 8750 1673951325 438593 16 -1549968 0 0 -448824
3681 8709 1673951325 470550 16 -1550543 0 0 -449031
3681 8777 1673951325 486454 16 -1551118 0 0 -421076
3687 8813 1673951325 502417 16 -1551693 0 0 -449359
3698 8812 1673951325 518515 16 -1552268 0 0 -449977
3701 8806 1673951325 550494 16 -1552843 0 0 -449677
3695 8752 1673951325 566466 16 -1553418 0 0 -421398
3706 8724 1673951325 582520 16 -1553993 0 0 -449606
3699 8696 1673951325 598415 16 -1554568 0 0 -449417
3706 8760 1673951325 630427 16 -1555143 0 0 -449732
3701 8910 1673951325 646416 16 -1555718 0 0 -421596
3710 9049 1673951325 662430 16 -1556293 0 0 -449673
3712 9146 1673951325 678425 16 -1556868 0 0 -449285
3709 9165 1673951325 710426 16 -1557443 0 0 -449172
3717 9136 1673951325 726303 16 -1558018 0 0 -421437
3715 9098 1673951325 742310 16 -1558593 0 0 -449930
3716 9050 1673951325 758235 16 -1559168 0 0 -449807
3716 8983 1673951325 790278 16 -1559743 0 0 -450260
3717 8938 1673951325 806289 16 -1560318 0 0 -421776
3718 8920 1673951325 822286 16 -1560893 0 0 -449824
3720 8923 1673951325 838261 16 -1561468 0 0 -449796
3725 8957 1673951325 870206 16 -1562043 0 0 -449932
3719 8982 1673951325 886145 16 -1562618 0 0 -421887
3714 9045 1673951325 902187 16 -1563193 0 0 -450179
3715 9049 1673951325 934188 16 -1563768 0 0 -449597
3704 9055 1673951325 950228 16 -1564343 0 0 -421545
3695 9044 1673951325 966043 16 -1564918 0 0 -421140
3687 9024 1673951325 982045 16 -1565493 0 0 -449911
3673 8991 1673951326 14135 16 -1566068 0 0 -449942
3653 8949 1673951326 30102 16 -1566643 0 0 -421777
3639 8928 1673951326 46125 16 -1567218 0 0 -421805
3641 8916 1673951326 62083 16 -1567793 0 0 -449752
3648 8911 1673951326 94076 16 -1568368 0 0 -449685
3657 8892 1673951326 110040 16 -1568943 0 0 -421762
3678 8937 1673951326 126061 16 -1569517 0 0 -449868
3710 8985 1673951326 142035 16 -1570092 0 0 -449934
3726 9025 1673951326 174008 16 -1570668 0 0 -449467
3742 9035 1673951326 190002 16 -1571242 0 0 -421372
3744 9005 1673951326 206016 16 -1571817 0 0 -449548
3742 8977 1673951326 222029 16 -1572392 0 0 -449383
3745 8963 1673951326 253988 16 -1572967 0 0 -449418
3748 8938 1673951326 269959 16 -1573542 0 0 -421230
3748 8911 1673951326 285884 16 -1574117 0 0 -449402
3746 8893 1673951326 301940 16 -1574692 0 0 -449638
3738 8854 1673951326 333897 16 -1575267 0 0 -449516
3722 8810 1673951326 349923 16 -1575842 0 0 -421288
3714 8745 1673951326 365788 16 -1576417 0 0 -449298
3702 8733 1673951326 381839 16 -1576992 0 0 -449755
3698 8740 1673951326 413856 16 -1577567 0 0 -449626
3692 8734 1673951326 429878 16 -1578142 0 0 -421580
3697 8751 1673951326 445853 16 -1578717 0 0 -449543
3690 8747 1673951326 477764 16 -1579292 0 0 -449529
3682 8765 1673951326 493802 16 -1579867 0 0 -421267
3685 8773 1673951326 509789 16 -1580442 0 0 -421330
3688 8805 1673951326 525802 16 -1581017 0 0 -449414
3692 8833 1673951326 557723 16 -1581592 0 0 -449459
3702 8875 1673951326 573778 16 -1582167 0 0 -420975
3704 8946 1673951326 589741 16 -1582742 0 0 -420961
3714 9003 1673951326 605737 16 -1583317 0 0 -449182
3716 9059 1673951326 637717 16 -1583892 0 0 -449273
3718 9082 1673951326 653732 16 -1584467 0 0 -421127
3719 9095 1673951326 669688 16 -1585042 0 0 -449072
3718 9078 1673951326 685703 16 -1585617 0 0 -449360
3715 9077 1673951326 717625 16 -1586192 0 0 -449262
3727 9101 1673951326 733659 16 -1586767 0 0 -421300
3720 9068 1673951326 749623 16 -1587342 0 0 -449187
3730 9053 1673951326 765561 16 -1587917 0 0 -449506
3730 9049 1673951326 797623 16 -1588492 0 0 -449595
3727 9105 1673951326 813606 16 -1589067 0 0 -421450
3723 9137 1673951326 829598 16 -1589642 0 0 -449568
3726 9218 1673951326 845582 16 -1590216 0 0 -449551
3721 9300 1673951326 877580 16 -1590792 0 0 -449551
3724 9371 1673951326 893555 16 -1591367 0 0 -421529
3720 9446 1673951326 909536 16 -1591941 0 0 -449526
3711 9474 1673951326 925426 16 -1592516 0 0 -449712
3718 9516 1673951326 957394 16 -1593091 0 0 -449974
3712 9505 1673951326 973391 16 -1593666 0 0 -421708
3706 9460 1673951326 989513 16 -1594241 0 0 -449849
3697 9395 1673951327 21460 16 -1594816 0 0 -449364
3690 9288 1673951327 37452 16 -1595391 0 0 -421404
3689 9171 1673951327 53450 16 -1595966 0 0 -421278
3689 9050 1673951327 69409 16 -1596541 0 0 -449360
3673 8858 1673951327 101432 16 -1597116 0 0 -449514
3674 8721 1673951327 117360 16 -1597691 0 0 -421351
3661 8612 1673951327 133305 16 -1598266 0 0 -421216
3664 8545 1673951327 149504 16 -1598841 0 0 -449458
3657 8490 1673951327 181313 16 -1599416 0 0 -448757
3652 8450 1673951327 197334 16 -1599991 0 0 -421275
3650 8483 1673951327 213284 16 -1600566 0 0 -449231
3642 8599 1673951327 229293 16 -1601141 0 0 -449379
3644 8761 1673951327 261304 16 -1601716 0 0 -449340
3648 8844 1673951327 277272 16 -1602291 0 0 -421110
3642 8867 1673951327 293241 16 -1602866 0 0 -449319
3647 8775 1673951327 309217 16 -1603441 0 0 -449174
3638 8670 1673951327 341211 16 -1604016 0 0 -449065
3630 8541 1673951327 357220 16 -1604591 0 0 -421684
3623 8421 1673951327 373247 16 -1605166 0 0 -449560
3616 8365 1673951327 389207 16 -1605741 0 0 -449539
3612 8356 1673951327 421183 16 -1606316 0 0 -449503
3612 8350 1673951327 437213 16 -1606891 0 0 -421480
3611 8351 1673951327 453162 16 -1607466 0 0 -449460
3611 8393 1673951327 469162 16 -1608041 0 0 -449527
3614 8384 1673951327 501119 16 -1608616 0 0 -449418
3618 8393 1673951327 517035 16 -1609191 0 0 -421296
3610 8412 1673951327 533037 16 -1609766 0 0 -449663
3614 8432 1673951327 549160 16 -1610341 0 0 -449688
3613 8424 1673951327 581041 16 -1610916 0 0 -449354
3610 8409 1673951327 597056 16 -1611491 0 0 -421242
3615 8418 1673951327 613041 16 -1612066 0 0 -449244
3613 8440 1673951327 644946 16 -1612641 0 0 -449402
3611 8431 1673951327 660990 16 -1613215 0 0 -421181
3613 8438 1673951327 677017 16 -1613791 0 0 -421124
3618 8475 1673951327 693029 16 -1614366 0 0 -449068
3612 8464 1673951327 725030 16 -1614940 0 0 -448632
3620 8476 1673951327 740981 16 -1615515 0 0 -420562
3612 8494 1673951327 756970 16 -1616090 0 0 -421163
3610 8507 1673951327 772969 16 -1616665 0 0 -449173
3610 8507 1673951327 804954 16 -1617240 0 0 -449229
3608 8531 1673951327 820927 16 -1617815 0 0 -421113
3600 8521 1673951327 836899 16 -1618390 0 0 -449250
3601 8514 1673951327 852891 16 -1618965 0 0 -449405
3597 8539 1673951327 884950 16 -1619540 0 0 -449527
3597 8488 1673951327 900785 16 -1620115 0 0 -421539
3595 8504 1673951327 916926 16 -1620690 0 0 -450201
3582 8488 1673951327 932789 16 -1621265 0 0 -449538
3589 8482 1673951327 964736 16 -1621840 0 0 -449985
3584 8464 1673951327 980830 16 -1622415 0 0 -421952
3572 8451 1673951327 996849 16 -1622990 0 0 -449687
3570 8437 1673951328 12803 16 -1623565 0 0 -449525
3560 8410 1673951328 44789 16 -1624140 0 0 -449589
3566 8412 1673951328 60772 16 -1624715 0 0 -421497
3558 8398 1673951328 76769 16 -1625290 0 0 -449684
3551 8393 1673951328 92758 16 -1625865 0 0 -449110
3550 8368 1673951328 124720 16 -1626440 0 0 -449639
3556 8366 1673951328 140728 16 -1627015 0 0 -421111
3553 8374 1673951328 156685 16 -1627590 0 0 -449113
3549 8392 1673951328 188694 16 -1628165 0 0 -449592
3551 8402 1673951328 204677 16 -1628740 0 0 -421574
3552 8387 1673951328 220680 16 -1629315 0 0 -421472
3547 8391 1673951328 236656 16 -1629890 0 0 -449526
3550 8406 1673951328 268662 16 -1630465 0 0 -449550
3554 8410 1673951328 284560 16 -1631040 0 0 -421458
3556 8428 1673951328 300633 16 -1631615 0 0 -421780
3558 8423 1673951328 316537 16 -1632190 0 0 -449568
3556 8437 1673951328 348530 16 -1632765 0 0 -449935
3558 8438 1673951328 364518 16 -1633340 0 0 -421713
3565 8459 1673951328 380545 16 -1633915 0 0 -449840
3565 8481 1673951328 396514 16 -1634489 0 0 -449588
3570 8486 1673951328 428558 16 -1635064 0 0 -449707
3570 8499 1673951328 444479 16 -1635639 0 0 -421508
3571 8500 1673951328 460498 16 -1636214 0 0 -449868
3578 8505 1673951328 476485 16 -1636790 0 0 -449539
3574 8537 1673951328 508406 16 -1637365 0 0 -449840
3575 8515 1673951328 524445 16 -1637939 0 0 -421445
3578 8510 1673951328 540460 16 -1638514 0 0 -449378
3581 8546 1673951328 556372 16 -1639089 0 0 -449284
3575 8537 1673951328 588329 16 -1639664 0 0 -449786
3583 8546 1673951328 604435 16 -1640239 0 0 -421639
3580 8537 1673951328 620419 16 -1640814 0 0 -449384
3583 8556 1673951328 636440 16 -1641389 0 0 -449162
3576 8551 1673951328 668424 16 -1641964 0 0 -449057
3577 8542 1673951328 684377 16 -1642539 0 0 -420949
3578 8545 1673951328 700333 16 -1643114 0 0 -449170
3576 8554 1673951328 732267 16 -1643689 0 0 -449462
3570 8552 1673951328 748284 16 -1644264 0 0 -421496
3572 8532 1673951328 764296 16 -1644839 0 0 -421126
3574 8524 1673951328 780280 16 -1645414 0 0 -449122
3572 8535 1673951328 812245 16 -1645989 0 0 -449548
3568 8524 1673951328 828249 16 -1646564 0 0 -421447
3568 8526 1673951328 844264 16 -1647139 0 0 -421506
3573 8535 1673951328 860245 16 -1647714 0 0 -449516
3567 8535 1673951328 892218 16 -1648289 0 0 -449417
3574 8526 1673951328 908206 16 -1648864 0 0 -421210
3575 8532 1673951328 924165 16 -1649439 0 0 -449270
3576 8547 1673951328 940184 16 -1650014 0 0 -449474
3575 8533 1673951328 972037 16 -1650589 0 0 -449449
3571 8528 1673951328 988193 16 -1651164 0 0 -421447
3570 8526 1673951329 4198 16 -1651739 0 0 -448950
3574 8548 1673951329 20176 16 -1652314 0 0 -448946
3568 8558 1673951329 52174 16 -1652889 0 0 -449076
3572 8540 1673951329 68114 16 -1653464 0 0 -420935
3571 8547 1673951329 84098 16 -1654039 0 0 -449199
3573 8549 1673951329 100182 16 -1654614 0 0 -449213
3570 8538 1673951329 132083 16 -1655189 0 0 -448775
3577 8540 1673951329 148021 16 -1655764 0 0 -420853
3571 8559 1673951329 164053 16 -1656339 0 0 -449018
3570 8533 1673951329 180051 16 -1656913 0 0 -449351
3568 8541 1673951329 211997 16 -1657488 0 0 -449375
3572 8527 1673951329 228027 16 -1658063 0 0 -421269
3569 8543 1673951329 243959 16 -1658638 0 0 -449238
3573 8544 1673951329 275941 16 -1659213 0 0 -449267
3563 8529 1673951329 291962 16 -1659789 0 0 -421199
3571 8524 1673951329 307944 16 -1660363 0 0 -421321
3567 8539 1673951329 323943 16 -1660938 0 0 -449373
3569 8540 1673951329 355937 16 -1661513 0 0 -449159
3575 8539 1673951329 371896 16 -1662088 0 0 -421297
3572 8546 1673951329 387911 16 -1662663 0 0 -421434
3574 8539 1673951329 403854 16 -1663238 0 0 -449411
3575 8550 1673951329 435860 16 -1663813 0 0 -449716
3576 8560 1673951329 451854 16 -1664388 0 0 -421395
3579 8566 1673951329 467822 16 -1664963 0 0 -449428
3581 8572 1673951329 483820 16 -1665538 0 0 -449712
3577 8561 1673951329 515775 16 -1666113 0 0 -449655
3579 8552 1673951329 531777 16 -1666688 0 0 -421615
3589 8560 1673951329 547701 16 -1667263 0 0 -449679
3575 8547 1673951329 563757 16 -1667838 0 0 -449803
3580 8557 1673951329 595738 16 -1668413 0 0 -449660
3581 8575 1673951329 611609 16 -1668988 0 0 -421399
3577 8580 1673951329 627720 16 -1669563 0 0 -449937
3583 8548 1673951329 643688 16 -1670138 0 0 -449529
3583 8557 1673951329 675666 16 -1670713 0 0 -449529
3576 8542 1673951329 691669 16 -1671288 0 0 -421465
3571 8536 1673951329 707639 16 -1671863 0 0 -449491
3579 8533 1673951329 723618 16 -1672438 0 0 -449604
3575 8520 1673951329 755590 16 -1673013 0 0 -449410
3566 8511 1673951329 771439 16 -1673588 0 0 -421554
3569 8510 1673951329 787548 16 -1674163 0 0 -450148
3575 8526 1673951329 803491 16 -1674738 0 0 -449312
3571 8514 1673951329 835509 16 -1675313 0 0 -449900
3570 8480 1673951329 851487 16 -1675888 0 0 -421695
3566 8447 1673951329 867442 16 -1676463 0 0 -449829
3566 8424 1673951329 899470 16 -1677038 0 0 -449998
3563 8393 1673951329 915346 16 -1677613 0 0 -421792
3560 8323 1673951329 931428 16 -1678188 0 0 -422157
3556 8333 1673951329 947438 16 -1678762 0 0 -449825
3563 8316 1673951329 979453 16 -1679337 0 0 -449255
3563 8332 1673951329 995327 16 -1679912 0 0 -421546
3557 8299 1673951330 11311 16 -1680487 0 0 -421791
3560 8271 1673951330 27370 16 -1681062 0 0 -449939
3562 8229 1673951330 59364 16 -1681637 0 0 -449655
3565 8255 1673951330 75311 16 -1682212 0 0 -421426
3563 8292 1673951330 91317 16 -1682787 0 0 -449713
3569 8343 1673951330 107316 16 -1683362 0 0 -449254
3578 8378 1673951330 139264 16 -1683937 0 0 -449640
3576 8431 1673951330 155287 16 -1684512 0 0 -421645
3579 8456 1673951330 171248 16 -1685087 0 0 -449654
3578 8451 1673951330 187150 16 -1685662 0 0 -449345
3577 8466 1673951330 219221 16 -1686237 0 0 -449635
3581 8505 1673951330 235213 16 -1686812 0 0 -421703
3587 8491 1673951330 251168 16 -1687387 0 0 -449802
3583 8514 1673951330 267098 16 -1687962 0 0 -449774
3579 8519 1673951330 299150 16 -1688537 0 0 -450042
3581 8519 1673951330 315146 16 -1689112 0 0 -421916
3582 8558 1673951330 331257 16 -1689687 0 0 -449961
3584 8557 1673951330 347136 16 -1690262 0 0 -449655
3575 8572 1673951330 379171 16 -1690837 0 0 -449945
3571 8559 1673951330 395013 16 -1691412 0 0 -421492
3579 8558 1673951330 411097 16 -1691987 0 0 -450191
3573 8539 1673951330 443080 16 -1692562 0 0 -449869
3578 8503 1673951330 459041 16 -1693137 0 0 -421650
3577 8579 1673951330 475025 16 -1693712 0 0 -421540
3575 8555 1673951330 491029 16 -1694287 0 0 -449718
3572 8541 1673951330 522897 16 -1694862 0 0 -449690
3572 8532 1673951330 539004 16 -1695437 0 0 -422117
3576 8529 1673951330 554980 16 -1696012 0 0 -421316
3568 8517 1673951330 570934 16 -1696587 0 0 -449507
3566 8511 1673951330 602912 16 -1697162 0 0 -449109
3565 8503 1673951330 618812 16 -1697737 0 0 -421346
3568 8495 1673951330 634887 16 -1698312 0 0 -449760
3572 8497 1673951330 650821 16 -1698886 0 0 -449264
3580 8501 1673951330 682832 16 -1699462 0 0 -449538
3594 8852 1673951330 698794 16 -1700037 0 0 -421466
3621 8954 1673951330 714754 16 -1700611 0 0 -449462
3564 8772 1673951330 730842 16 -1701186 0 0 -449976
3565 8520 1673951330 762818 16 -1701761 0 0 -449584
3571 8508 1673951330 778794 16 -1702336 0 0 -421367
3575 8497 1673951330 794793 16 -1702911 0 0 -449509
3574 8494 1673951330 810769 16 -1703486 0 0 -449159
3576 8500 1673951330 842772 16 -1704061 0 0 -449602
3573 8471 1673951330 858690 16 -1704636 0 0 -421193
3572 8467 1673951330 874725 16 -1705211 0 0 -449568
3573 8454 1673951330 890722 16 -1705786 0 0 -449410
3570 8433 1673951330 922697 16 -1706361 0 0 -449279
3571 8447 1673951330 938677 16 -1706936 0 0 -421532
3574 8446 1673951330 954655 16 -1707511 0 0 -449658
3571 8464 1673951330 986605 16 -1708086 0 0 -449651
3570 8457 1673951331 2602 16 -1708661 0 0 -421615
3568 8463 1673951331 18607 16 -1709236 0 0 -421541
3568 8448 1673951331 34574 16 -1709811 0 0 -449602
3572 8441 1673951331 66486 16 -1710386 0 0 -449429
3573 8434 1673951331 82538 16 -1710961 0 0 -421553
3574 8432 1673951331 98439 16 -1711536 0 0 -421361
3574 8435 1673951331 114434 16 -1712111 0 0 -449764
3570 8422 1673951331 146521 16 -1712686 0 0 -449712
3571 8437 1673951331 162462 16 -1713261 0 0 -421482
3583 8450 1673951331 178422 16 -1713836 0 0 -449722
3577 8410 1673951331 194422 16 -1714411 0 0 -449852
3576 8407 1673951331 226477 16 -1714986 0 0 -449870
3577 8428 1673951331 242458 16 -1715561 0 0 -421630
3575 8446 1673951331 258459 16 -1716136 0 0 -449695
3577 8433 1673951331 274356 16 -1716711 0 0 -449873
3582 8432 1673951331 306473 16 -1717286 0 0 -449888
3586 8414 1673951331 322388 16 -1717861 0 0 -421692
3577 8448 1673951331 338404 16 -1718436 0 0 -450144
3583 8459 1673951331 354382 16 -1719011 0 0 -449880
3577 8472 1673951331 386341 16 -1719586 0 0 -449816
3575 8466 1673951331 402351 16 -1720161 0 0 -421776
3577 8473 1673951331 418324 16 -1720736 0 0 -449866
3573 8474 1673951331 434256 16 -1721311 0 0 -449894
3581 8482 1673951331 466263 16 -1721886 0 0 -450137
3578 8506 1673951331 482200 16 -1722461 0 0 -421691
3573 8484 1673951331 498321 16 -1723035 0 0 -449993
3582 8489 1673951331 530215 16 -1723610 0 0 -449272
3575 8464 1673951331 546226 16 -1724185 0 0 -421345
3576 8435 1673951331 562206 16 -1724760 0 0 -421229
3578 8452 1673951331 578048 16 -1725335 0 0 -449340
3578 8408 1673951331 610199 16 -1725910 0 0 -449935
3572 8342 1673951331 626212 16 -1726485 0 0 -421632
3576 8283 1673951331 642155 16 -1727060 0 0 -421347
3567 8221 1673951331 658154 16 -1727635 0 0 -449630
3562 8136 1673951331 689993 16 -1728210 0 0 -449509
3559 8021 1673951331 705945 16 -1728785 0 0 -421996
3558 7969 1673951331 722070 16 -1729360 0 0 -450148
3560 8032 1673951331 738041 16 -1729935 0 0 -449752
3573 8128 1673951331 769971 16 -1730510 0 0 -449783
3575 8261 1673951331 785955 16 -1731085 0 0 -421209
3576 8322 1673951331 801989 16 -1731660 0 0 -449473
3583 8328 1673951331 817999 16 -1732235 0 0 -449399
3584 8359 1673951331 849937 16 -1732810 0 0 -449163
3580 8372 1673951331 865927 16 -1733385 0 0 -421138
3588 8399 1673951331 881826 16 -1733960 0 0 -449108
3584 8432 1673951331 897795 16 -1734535 0 0 -449295
3586 8474 1673951331 929899 16 -1735110 0 0 -449840
3590 8484 1673951331 945859 16 -1735685 0 0 -421571
3588 8499 1673951331 961847 16 -1736260 0 0 -449726
3577 8462 1673951331 977771 16 -1736835 0 0 -449712
3567 8374 1673951332 9806 16 -1737410 0 0 -450099
3553 8206 1673951332 25773 16 -1737985 0 0 -422027
3545 7923 1673951332 41762 16 -1738560 0 0 -450165
3540 7723 1673951332 73737 16 -1739135 0 0 -450168
3538 7644 1673951332 89739 16 -1739710 0 0 -421757
3534 7590 1673951332 105631 16 -1740285 0 0 -421641
3528 7366 1673951332 121696 16 -1740860 0 0 -450190
3501 7043 1673951332 153682 16 -1741435 0 0 -449822
3487 6791 1673951332 169658 16 -1742010 0 0 -421716
3491 6737 1673951332 185684 16 -1742585 0 0 -421533
3498 6745 1673951332 201661 16 -1743160 0 0 -449548
3503 6807 1673951332 233622 16 -1743735 0 0 -449513
3502 6859 1673951332 249667 16 -1744309 0 0 -421384
3502 6810 1673951332 265566 16 -1744885 0 0 -449378
3498 6765 1673951332 281513 16 -1745459 0 0 -449643
3495 6731 1673951332 313567 16 -1746034 0 0 -449448
3488 6668 1673951332 329562 16 -1746609 0 0 -421552
3474 6641 1673951332 345540 16 -1747184 0 0 -449633
3467 6593 1673951332 361547 16 -1747759 0 0 -449626
3461 6574 1673951332 393525 16 -1748334 0 0 -449693
3447 6518 1673951332 409503 16 -1748909 0 0 -421555
3442 6480 1673951332 425504 16 -1749484 0 0 -449723
3432 6546 1673951332 441499 16 -1750059 0 0 -449780
3431 6623 1673951332 473481 16 -1750634 0 0 -449539
3429 6771 1673951332 489447 16 -1751209 0 0 -421292
3434 6957 1673951332 505477 16 -1751784 0 0 -449535
3447 7129 1673951332 521462 16 -1752359 0 0 -449412
3452 7255 1673951332 553359 16 -1752934 0 0 -449388
3468 7351 1673951332 569328 16 -1753509 0 0 -421427
3473 7462 1673951332 585357 16 -1754084 0 0 -449593
3486 7581 1673951332 617270 16 -1754659 0 0 -449414
3492 7735 1673951332 633227 16 -1755234 0 0 -421418
3504 7847 1673951332 649287 16 -1755809 0 0 -421551
3515 7955 1673951332 665226 16 -1756384 0 0 -449402
3521 7982 1673951332 697205 16 -1756959 0 0 -449497
3519 7977 1673951332 713229 16 -1757534 0 0 -421545
3521 7958 1673951332 729212 16 -1758109 0 0 -421408
3529 7925 1673951332 745219 16 -1758684 0 0 -449453
3532 7917 1673951332 777175 16 -1759259 0 0 -449320
3533 7923 1673951332 793016 16 -1759834 0 0 -421384
3530 7923 1673951332 809159 16 -1760409 0 0 -449947
3536 7916 1673951332 825155 16 -1760984 0 0 -449298
3542 7933 1673951332 857099 16 -1761559 0 0 -449522
3543 7977 1673951332 873056 16 -1762134 0 0 -421280
3549 8011 1673951332 889073 16 -1762709 0 0 -449489
3552 8066 1673951332 904925 16 -1763284 0 0 -449514
3550 8098 1673951332 936974 16 -1763859 0 0 -449978
3549 8135 1673951332 952975 16 -1764434 0 0 -421884
3549 8173 1673951332 968923 16 -1765009 0 0 -449918
3556 8246 1673951332 984953 16 -1765583 0 0 -449439
3558 8314 1673951333 16916 16 -1766159 0 0 -449929
3561 8365 1673951333 32913 16 -1766734 0 0 -421871
3563 8399 1673951333 48866 16 -1767308 0 0 -449811
3571 8468 1673951333 64814 16 -1767883 0 0 -449825
3563 8460 1673951333 96753 16 -1768458 0 0 -450068
3564 8484 1673951333 112850 16 -1769033 0 0 -421521
3563 8443 1673951333 128855 16 -1769608 0 0 -449302
3554 8359 1673951333 160771 16 -1770183 0 0 -449288
3553 8331 1673951333 176791 16 -1770758 0 0 -421200
3556 8310 1673951333 192781 16 -1771333 0 0 -421138
3552 8335 1673951333 208783 16 -1771908 0 0 -449217
3558 8346 1673951333 240754 16 -1772483 0 0 -449297
3562 8394 1673951333 256760 16 -1773058 0 0 -421081
3571 8472 1673951333 272725 16 -1773633 0 0 -420877
3570 8495 1673951333 288711 16 -1774208 0 0 -449022
3564 8492 1673951333 320687 16 -1774783 0 0 -449410
3563 8489 1673951333 336673 16 -1775358 0 0 -421372
3561 8510 1673951333 352659 16 -1775933 0 0 -449424
3563 8527 1673951333 368620 16 -1776508 0 0 -449543
3565 8485 1673951333 400599 16 -1777083 0 0 -449645
3568 8455 1673951333 416491 16 -1777658 0 0 -421594
3567 8425 1673951333 432582 16 -1778233 0 0 -450027
3569 8438 1673951333 448828 16 -1778808 0 0 -449730
3569 8457 1673951333 480561 16 -1779383 0 0 -448757
3566 8463 1673951333 496452 16 -1779958 0 0 -420868
3569 8445 1673951333 512509 16 -1780533 0 0 -449308
3564 8437 1673951333 528490 16 -1781108 0 0 -449059
3569 8434 1673951333 560486 16 -1781683 0 0 -449077
3565 8431 1673951333 576475 16 -1782258 0 0 -420867
3563 8418 1673951333 592488 16 -1782833 0 0 -448963
3567 8412 1673951333 608469 16 -1783408 0 0 -448536
3562 8405 1673951333 640320 16 -1783983 0 0 -448921
3563 8408 1673951333 656322 16 -1784558 0 0 -421826
3565 8435 1673951333 672336 16 -1785133 0 0 -449659
3563 8390 1673951333 688289 16 -1785708 0 0 -449225
3565 8408 1673951333 720365 16 -1786283 0 0 -449589
3562 8370 1673951333 736329 16 -1786858 0 0 -421380
3562 8358 1673951333 752317 16 -1787433 0 0 -449579
3553 8366 1673951333 784276 16 -1788008 0 0 -449583
3561 8352 1673951333 800239 16 -1788583 0 0 -421588
3556 8348 1673951333 816250 16 -1789157 0 0 -421554
3566 8331 1673951333 832160 16 -1789732 0 0 -449460
3563 8340 1673951333 864197 16 -1790307 0 0 -449785
3563 8357 1673951333 880178 16 -1790882 0 0 -421725
3566 8357 1673951333 896193 16 -1791457 0 0 -421627
3562 8345 1673951333 912132 16 -1792032 0 0 -449717
3560 8343 1673951333 944156 16 -1792607 0 0 -449805
3559 8339 1673951333 960117 16 -1793182 0 0 -421666
3556 8324 1673951333 976074 16 -1793757 0 0 -449843
3556 8305 1673951333 992055 16 -1794332 0 0 -449962
3558 8278 1673951334 24046 16 -1794907 0 0 -450067
3559 8292 1673951334 40031 16 -1795482 0 0 -421681
3554 8278 1673951334 55952 16 -1796057 0 0 -449843
3560 8257 1673951334 71889 16 -1796632 0 0 -450055
3550 8232 1673951334 103952 16 -1797207 0 0 -450329
3548 8223 1673951334 119924 16 -1797782 0 0 -421983
3546 8210 1673951334 135898 16 -1798357 0 0 -450178
3553 8158 1673951334 151906 16 -1798932 0 0 -450133
3546 8136 1673951334 183858 16 -1799507 0 0 -449953
3546 8119 1673951334 199796 16 -1800082 0 0 -421853
3547 8115 1673951334 215820 16 -1800657 0 0 -450139
3542 8093 1673951334 231983 16 -1801232 0 0 -450002
3539 8089 1673951334 263834 16 -1801807 0 0 -449158
3544 8073 1673951334 279796 16 -1802382 0 0 -420991
3547 8061 1673951334 295810 16 -1802957 0 0 -449256
3541 8040 1673951334 327765 16 -1803532 0 0 -449108
3547 8046 1673951334 343748 16 -1804107 0 0 -420980
3554 8051 1673951334 359736 16 -1804682 0 0 -421068
3548 8034 1673951334 375736 16 -1805257 0 0 -449144
3550 7987 1673951334 407710 16 -1805832 0 0 -448926
3551 8018 1673951334 423662 16 -1806407 0 0 -420956
3556 8035 1673951334 439666 16 -1806982 0 0 -421692
3546 8019 1673951334 455663 16 -1807557 0 0 -449623
3542 7993 1673951334 487514 16 -1808132 0 0 -449499
3547 7982 1673951334 503600 16 -1808707 0 0 -421604
3537 7977 1673951334 519502 16 -1809282 0 0 -449340
3534 8006 1673951334 535591 16 -1809857 0 0 -449626
3526 7982 1673951334 567557 16 -1810432 0 0 -449274
3512 7908 1673951334 583511 16 -1811007 0 0 -421227
3233 5511 1673951334 599435 16 -1811581 0 0 -449345
3535 6485 1673951334 615412 16 -1812156 0 0 -449444
3530 7522 1673951334 647500 16 -1812731 0 0 -449539
3521 7622 1673951334 663491 16 -1813306 0 0 -421375
3515 7641 1673951334 679488 16 -1813881 0 0 -449351
3511 7606 1673951334 695488 16 -1814456 0 0 -449662
3501 7504 1673951334 727414 16 -1815031 0 0 -449316
3490 7376 1673951334 743376 16 -1815606 0 0 -421615
3482 7250 1673951334 759353 16 -1816181 0 0 -449795
3482 7158 1673951334 775342 16 -1816756 0 0 -449812
3482 7166 1673951334 807343 16 -1817331 0 0 -449583
3473 7155 1673951334 823314 16 -1817906 0 0 -421425
3468 7116 1673951334 839292 16 -1818481 0 0 -449680
3459 7003 1673951334 871283 16 -1819056 0 0 -449726
3462 7008 1673951334 887244 16 -1819631 0 0 -421647
3467 7110 1673951334 903241 16 -1820206 0 0 -421784
3469 7125 1673951334 919242 16 -1820781 0 0 -449806
3458 7151 1673951334 951181 16 -1821356 0 0 -449669
3470 7148 1673951334 967076 16 -1821931 0 0 -421565
3463 7163 1673951334 983166 16 -1822506 0 0 -421898
3460 7177 1673951334 999030 16 -1823081 0 0 -449661
3460 7152 1673951335 31107 16 -1823656 0 0 -450040
3460 7163 1673951335 47084 16 -1824231 0 0 -421819
3454 7151 1673951335 63093 16 -1824806 0 0 -449968
3454 7143 1673951335 79093 16 -1825381 0 0 -449799
3453 7128 1673951335 111025 16 -1825956 0 0 -449789
3457 7130 1673951335 127027 16 -1826531 0 0 -421776
3457 7123 1673951335 142976 16 -1827106 0 0 -449792
3457 7135 1673951335 158973 16 -1827681 0 0 -449600
3457 7150 1673951335 190953 16 -1828256 0 0 -449925
3459 7141 1673951335 206930 16 -1828831 0 0 -421385
3457 7147 1673951335 222900 16 -1829406 0 0 -449609
3455 7156 1673951335 238900 16 -1829981 0 0 -449634
3460 7144 1673951335 270872 16 -1830556 0 0 -449665
3452 7133 1673951335 286859 16 -1831131 0 0 -421614
3455 7110 1673951335 302844 16 -1831706 0 0 -449676
3457 7099 1673951335 318824 16 -1832280 0 0 -449638
3452 7087 1673951335 350789 16 -1832856 0 0 -449626
3453 7084 1673951335 366767 16 -1833431 0 0 -421570
3445 7109 1673951335 382720 16 -1834005 0 0 -449609
3445 7119 1673951335 414756 16 -1834580 0 0 -449693
3451 7098 1673951335 430730 16 -1835155 0 0 -421480
3442 7106 1673951335 446681 16 -1835730 0 0 -421571
3445 7093 1673951335 462676 16 -1836305 0 0 -449795
3446 7091 1673951335 494626 16 -1836880 0 0 -449767
3449 7102 1673951335 510652 16 -1837455 0 0 -421780
3447 7126 1673951335 526669 16 -1838030 0 0 -421521
3448 7137 1673951335 542666 16 -1838605 0 0 -449507
3445 7159 1673951335 574617 16 -1839180 0 0 -449538
3447 7177 1673951335 590588 16 -1839755 0 0 -421339
3447 7171 1673951335 606543 16 -1840330 0 0 -449549
3450 7186 1673951335 622530 16 -1840905 0 0 -449616
3453 7229 1673951335 654567 16 -1841480 0 0 -449489
3445 7215 1673951335 670528 16 -1842055 0 0 -421363
3450 7189 1673951335 686548 16 -1842630 0 0 -449532
3443 7174 1673951335 702521 16 -1843205 0 0 -449553
3443 7190 1673951335 734512 16 -1843780 0 0 -449708
3446 7211 1673951335 750538 16 -1844355 0 0 -421629
3446 7211 1673951335 766501 16 -1844930 0 0 -449571
3442 7241 1673951335 782509 16 -1845505 0 0 -449599
3443 7217 1673951335 814450 16 -1846080 0 0 -449413
3441 7215 1673951335 830494 16 -1846655 0 0 -421343
3438 7214 1673951335 846421 16 -1847230 0 0 -449298
3440 7237 1673951335 862418 16 -1847805 0 0 -449418
3444 7264 1673951335 894378 16 -1848380 0 0 -449498
3443 7266 1673951335 910358 16 -1848955 0 0 -421362
3445 7284 1673951335 926305 16 -1849530 0 0 -449501
3444 7280 1673951335 958348 16 -1850105 0 0 -449779
3452 7300 1673951335 974310 16 -1850680 0 0 -421535
3442 7307 1673951335 990323 16 -1851255 0 0 -421696
3442 7319 1673951336 6243 16 -1851830 0 0 -449675
3449 7353 1673951336 38296 16 -1852405 0 0 -450111
3452 7363 1673951336 54261 16 -1852980 0 0 -421731
3457 7380 1673951336 70178 16 -1853555 0 0 -421844
3455 7396 1673951336 86244 16 -1854130 0 0 -450178
3460 7425 1673951336 118226 16 -1854705 0 0 -449877
3465 7434 1673951336 134096 16 -1855280 0 0 -421630
3474 7449 1673951336 150216 16 -1855854 0 0 -450105
3475 7438 1673951336 166113 16 -1856429 0 0 -449553
3483 7463 1673951336 198172 16 -1857004 0 0 -449963
3487 7492 1673951336 214048 16 -1857579 0 0 -421553
3491 7503 1673951336 230130 16 -1858154 0 0 -450114
3496 7519 1673951336 246152 16 -1858729 0 0 -449705
3506 7546 1673951336 278041 16 -1859304 0 0 -449335
3506 7586 1673951336 294069 16 -1859879 0 0 -421587
3510 7579 1673951336 310034 16 -1860454 0 0 -449549
3507 7628 1673951336 326057 16 -1861029 0 0 -449311
3521 7624 1673951336 358058 16 -1861604 0 0 -449648
3524 7649 1673951336 373925 16 -1862179 0 0 -421207
3516 7688 1673951336 390033 16 -1862754 0 0 -449806
3526 7693 1673951336 406003 16 -1863329 0 0 -448991
3524 7704 1673951336 437987 16 -1863904 0 0 -449383
3530 7722 1673951336 453969 16 -1864479 0 0 -421398
3537 7733 1673951336 469956 16 -1865054 0 0 -449439
3542 7733 1673951336 501937 16 -1865629 0 0 -449583
3539 7731 1673951336 517937 16 -1866204 0 0 -421400
3541 7687 1673951336 533912 16 -1866779 0 0 -421481
3548 7735 1673951336 549936 16 -1867354 0 0 -449646
3550 7735 1673951336 581930 16 -1867929 0 0 -449091
3554 7747 1673951336 597795 16 -1868504 0 0 -421397
3555 7731 1673951336 613896 16 -1869079 0 0 -421769
3550 7742 1673951336 629899 16 -1869654 0 0 -449479
3553 7730 1673951336 661859 16 -1870229 0 0 -449405
3555 7754 1673951336 677880 16 -1870804 0 0 -421318
3558 7806 1673951336 693849 16 -1871379 0 0 -449304
3558 7810 1673951336 709851 16 -1871954 0 0 -449413
3558 7810 1673951336 741825 16 -1872529 0 0 -449318
3552 7806 1673951336 757810 16 -1873104 0 0 -421349
3554 7829 1673951336 773798 16 -1873679 0 0 -449473
3557 7842 1673951336 789801 16 -1874254 0 0 -449037
3548 7807 1673951336 821735 16 -1874829 0 0 -449379
3547 7812 1673951336 837646 16 -1875404 0 0 -421371
3547 7808 1673951336 853659 16 -1875979 0 0 -449726
3546 7798 1673951336 869726 16 -1876554 0 0 -449754
3543 7801 1673951336 901703 16 -1877128 0 0 -449314
3543 7777 1673951336 917722 16 -1877704 0 0 -421314
3540 7788 1673951336 933654 16 -1878279 0 0 -449301
3535 7762 1673951336 949674 16 -1878853 0 0 -449390
3530 7754 1673951336 981719 16 -1879428 0 0 -449277
3525 7757 1673951336 997589 16 -1880003 0 0 -421172
3522 7766 1673951337 13582 16 -1880578 0 0 -449650
3522 7743 1673951337 45605 16 -1881153 0 0 -449361
3506 7652 1673951337 61636 16 -1881728 0 0 -421310
3497 7590 1673951337 77585 16 -1882303 0 0 -421533
3490 7485 1673951337 93589 16 -1882878 0 0 -449720
3484 7433 1673951337 125600 16 -1883453 0 0 -449772
3478 7395 1673951337 141558 16 -1884028 0 0 -421545
3475 7384 1673951337 157573 16 -1884603 0 0 -421763
3468 7347 1673951337 173531 16 -1885178 0 0 -449826
3472 7329 1673951337 205531 16 -1885753 0 0 -449513
3475 7375 1673951337 221516 16 -1886328 0 0 -421413
3480 7386 1673951337 237485 16 -1886903 0 0 -449562
3474 7379 1673951337 253476 16 -1887478 0 0 -449779
3476 7400 1673951337 285439 16 -1888053 0 0 -449631
3476 7415 1673951337 301483 16 -1888628 0 0 -421602
3477 7406 1673951337 317468 16 -1889203 0 0 -449534
3482 7419 1673951337 333411 16 -1889778 0 0 -449438
3483 7419 1673951337 365405 16 -1890353 0 0 -449692
3492 7415 1673951337 381312 16 -1890928 0 0 -421473
3487 7449 1673951337 397388 16 -1891503 0 0 -449878
3494 7469 1673951337 413328 16 -1892078 0 0 -449559
3506 7495 1673951337 445251 16 -1892653 0 0 -449662
3501 7517 1673951337 461274 16 -1893228 0 0 -421622
3505 7546 1673951337 477324 16 -1893803 0 0 -449585
3516 7591 1673951337 493290 16 -1894378 0 0 -449564
3522 7610 1673951337 525184 16 -1894953 0 0 -449631
3520 7626 1673951337 541272 16 -1895528 0 0 -421447
3519 7631 1673951337 557281 16 -1896103 0 0 -449211
3522 7630 1673951337 573236 16 -1896678 0 0 -448851
3518 7610 1673951337 605235 16 -1897253 0 0 -449275
3526 7646 1673951337 621186 16 -1897828 0 0 -420988
3523 7643 1673951337 637112 16 -1898403 0 0 -449169
3522 7660 1673951337 669154 16 -1898977 0 0 -449413
3523 7677 1673951337 685131 16 -1899553 0 0 -421523
3523 7670 1673951337 701102 16 -1900128 0 0 -421485
3523 7692 1673951337 717091 16 -1900702 0 0 -449472
3524 7664 1673951337 749060 16 -1901277 0 0 -449817
3525 7685 1673951337 764969 16 -1901852 0 0 -421800
3532 7683 1673951337 781077 16 -1902427 0 0 -421963
3524 7673 1673951337 797028 16 -1903002 0 0 -449662
3525 7679 1673951337 829022 16 -1903577 0 0 -449662
3527 7688 1673951337 845007 16 -1904152 0 0 -421428
3530 7704 1673951337 861005 16 -1904727 0 0 -449545
3534 7694 1673951337 876983 16 -1905302 0 0 -449471
3532 7702 1673951337 908988 16 -1905877 0 0 -449544
3535 7715 1673951337 924949 16 -1906452 0 0 -421425
3538 7730 1673951337 940964 16 -1907027 0 0 -449611
3542 7721 1673951337 956857 16 -1907602 0 0 -449237
3541 7742 1673951337 988930 16 -1908177 0 0 -449992
3546 7744 1673951338 4918 16 -1908752 0 0 -421679
3540 7750 1673951338 20860 16 -1909327 0 0 -449792
3549 7781 1673951338 36885 16 -1909902 0 0 -449944
3550 7783 1673951338 68851 16 -1910477 0 0 -449849
3543 7796 1673951338 84850 16 -1911052 0 0 -421726
3546 7762 1673951338 100830 16 -1911627 0 0 -449810
3548 7788 1673951338 116792 16 -1912202 0 0 -449743
3548 7796 1673951338 148677 16 -1912777 0 0 -449929
3553 7794 1673951338 164699 16 -1913352 0 0 -421576
3555 7796 1673951338 180752 16 -1913927 0 0 -449639
3550 7816 1673951338 212698 16 -1914502 0 0 -449412
3545 7788 1673951338 228737 16 -1915077 0 0 -421179
3554 7807 1673951338 244667 16 -1915652 0 0 -421130
3555 7827 1673951338 260705 16 -1916227 0 0 -449423
3555 7828 1673951338 292705 16 -1916802 0 0 -449286
3558 7839 1673951338 308666 16 -1917377 0 0 -421140
3554 7832 1673951338 324678 16 -1917952 0 0 -421143
3552 7835 1673951338 340685 16 -1918527 0 0 -449076
3554 7835 1673951338 372653 16 -1919102 0 0 -449129
3559 7835 1673951338 388635 16 -1919677 0 0 -421266
3553 7834 1673951338 404568 16 -1920252 0 0 -449358
3558 7850 1673951338 420611 16 -1920827 0 0 -449730
3556 7830 1673951338 452470 16 -1921402 0 0 -449333
3553 7826 1673951338 468501 16 -1921977 0 0 -421514
3559 7821 1673951338 484558 16 -1922551 0 0 -449384
3563 7816 1673951338 500495 16 -1923126 0 0 -449048
3557 7834 1673951338 532431 16 -1923701 0 0 -449312
3562 7821 1673951338 548451 16 -1924276 0 0 -421317
3558 7802 1673951338 564420 16 -1924851 0 0 -449295
3561 7827 1673951338 580466 16 -1925426 0 0 -449340
3563 7825 1673951338 612511 16 -1926001 0 0 -448943
3558 7807 1673951338 628474 16 -1926576 0 0 -420978
3560 7809 1673951338 644530 16 -1927151 0 0 -449060
3560 7805 1673951338 660509 16 -1927726 0 0 -449070
3558 7821 1673951338 692433 16 -1928301 0 0 -449344
3562 7811 1673951338 708419 16 -1928876 0 0 -421112
3562 7833 1673951338 724288 16 -1929451 0 0 -449181
3560 7817 1673951338 756399 16 -1930026 0 0 -449715
3564 7837 1673951338 772349 16 -1930601 0 0 -421433
3567 7806 1673951338 788363 16 -1931176 0 0 -421770
3569 7820 1673951338 804326 16 -1931751 0 0 -449836
3563 7801 1673951338 836314 16 -1932326 0 0 -449836
3568 7792 1673951338 852315 16 -1932901 0 0 -421967
3568 7793 1673951338 868287 16 -1933476 0 0 -421889
3560 7784 1673951338 884256 16 -1934051 0 0 -449997
3570 7793 1673951338 916237 16 -1934626 0 0 -450057
3561 7776 1673951338 932235 16 -1935201 0 0 -421534
3563 7795 1673951338 948111 16 -1935776 0 0 -449714
3564 7770 1673951338 964158 16 -1936351 0 0 -449977
3567 7791 1673951338 996217 16 -1936926 0 0 -449861
3561 7770 1673951339 12183 16 -1937501 0 0 -421603
3565 7754 1673951339 28072 16 -1938076 0 0 -449788
3564 7771 1673951339 44209 16 -1938651 0 0 -450184
3566 7774 1673951339 76182 16 -1939226 0 0 -449609
3563 7778 1673951339 92159 16 -1939801 0 0 -421448
3562 7787 1673951339 108010 16 -1940376 0 0 -449588
3564 7777 1673951339 124137 16 -1940951 0 0 -450109
3564 7761 1673951339 156109 16 -1941526 0 0 -449228
3569 7767 1673951339 172100 16 -1942101 0 0 -421341
3562 7763 1673951339 188077 16 -1942676 0 0 -449500
3560 7761 1673951339 204057 16 -1943250 0 0 -449364
3562 7741 1673951339 236026 16 -1943825 0 0 -449042
3560 7727 1673951339 251927 16 -1944401 0 0 -421518
3552 7736 1673951339 268004 16 -1944975 0 0 -449822
3546 7714 1673951339 299955 16 -1945550 0 0 -449472
3532 7682 1673951339 315906 16 -1946125 0 0 -420911
3530 7642 1673951339 331972 16 -1946700 0 0 -421526
3517 7584 1673951339 347908 16 -1947275 0 0 -449347
3503 7566 1673951339 379895 16 -1947850 0 0 -449541
3486 7515 1673951339 395936 16 -1948425 0 0 -421493
3482 7508 1673951339 411934 16 -1949000 0 0 -421279
3464 7474 1673951339 427854 16 -1949575 0 0 -449286
3466 7434 1673951339 459780 16 -1950150 0 0 -449317
3461 7414 1673951339 475882 16 -1950725 0 0 -421575
3451 7406 1673951339 491910 16 -1951300 0 0 -449253
3445 7378 1673951339 507861 16 -1951875 0 0 -448982
3446 7390 1673951339 539859 16 -1952450 0 0 -449385
3456 7399 1673951339 555867 16 -1953025 0 0 -421085
3468 7468 1673951339 571838 16 -1953600 0 0 -449122
3485 7490 1673951339 587842 16 -1954175 0 0 -449367
3509 7648 1673951339 619791 16 -1954750 0 0 -449346
3537 7765 1673951339 635718 16 -1955325 0 0 -421033
3508 7689 1673951339 651710 16 -1955900 0 0 -449301
3472 7573 1673951339 667741 16 -1956475 0 0 -449685
3467 7446 1673951339 699737 16 -1957050 0 0 -449675
3460 7432 1673951339 715675 16 -1957625 0 0 -421429
3459 7436 1673951339 731725 16 -1958200 0 0 -449722
3463 7445 1673951339 747702 16 -1958775 0 0 -449575
3463 7458 1673951339 779687 16 -1959350 0 0 -449554
3463 7472 1673951339 795689 16 -1959925 0 0 -421505
3465 7476 1673951339 811617 16 -1960500 0 0 -449530
3468 7462 1673951339 827648 16 -1961075 0 0 -449526
3477 7481 1673951339 859636 16 -1961650 0 0 -449389
3472 7457 1673951339 875624 16 -1962225 0 0 -421432
3473 7462 1673951339 891616 16 -1962800 0 0 -449547
3475 7486 1673951339 923581 16 -1963375 0 0 -449357
3464 7495 1673951339 939576 16 -1963950 0 0 -421486
3471 7478 1673951339 955566 16 -1964525 0 0 -421423
3469 7487 1673951339 971544 16 -1965100 0 0 -449521
3473 7475 1673951340 3505 16 -1965674 0 0 -449508
3475 7479 1673951340 19503 16 -1966249 0 0 -421212
3473 7478 1673951340 35502 16 -1966824 0 0 -421328
3474 7480 1673951340 51493 16 -1967399 0 0 -449397
3476 7471 1673951340 83488 16 -1967974 0 0 -449386
3480 7484 1673951340 99489 16 -1968549 0 0 -421286
3481 7481 1673951340 115422 16 -1969124 0 0 -449328
3482 7482 1673951340 131399 16 -1969699 0 0 -449547
3482 7486 1673951340 163424 16 -1970274 0 0 -449593
3480 7479 1673951340 179397 16 -1970849 0 0 -421515
3480 7482 1673951340 195391 16 -1971424 0 0 -449652
3476 7467 1673951340 211338 16 -1971999 0 0 -449666
3479 7491 1673951340 243366 16 -1972574 0 0 -449849
3475 7515 1673951340 259300 16 -1973149 0 0 -421717
3478 7519 1673951340 275339 16 -1973724 0 0 -450021
3470 7502 1673951340 291314 16 -1974299 0 0 -449888
3466 7510 1673951340 323290 16 -1974874 0 0 -449740
3470 7502 1673951340 339255 16 -1975449 0 0 -421604
3463 7507 1673951340 355251 16 -1976024 0 0 -449825
3459 7516 1673951340 371248 16 -1976599 0 0 -449744
3461 7520 1673951340 403218 16 -1977174 0 0 -449733
3459 7522 1673951340 419210 16 -1977749 0 0 -421497
3462 7500 1673951340 435196 16 -1978324 0 0 -449626
3468 7516 1673951340 467185 16 -1978899 0 0 -449442
3466 7527 1673951340 483071 16 -1979474 0 0 -421512
3475 7544 1673951340 499079 16 -1980049 0 0 -421828
3470 7566 1673951340 515365 16 -1980624 0 0 -449855
3463 7493 1673951340 547121 16 -1981199 0 0 -448745
3452 7376 1673951340 563108 16 -1981774 0 0 -420871
3450 7303 1673951340 579103 16 -1982349 0 0 -420906
3442 7236 1673951340 595091 16 -1982924 0 0 -448973
3430 7155 1673951340 627094 16 -1983499 0 0 -448987
3396 7011 1673951340 643060 16 -1984074 0 0 -420859
3405 6950 1673951340 659044 16 -1984649 0 0 -449046
3410 7071 1673951340 675053 16 -1985224 0 0 -448699
3409 7135 1673951340 707476 16 -1985799 0 0 -448695
3410 7107 1673951340 722926 16 -1986374 0 0 -421239
3407 7062 1673951340 738894 16 -1986949 0 0 -451098
3415 7012 1673951340 754982 16 -1987523 0 0 -451067
3408 6966 1673951340 786955 16 -1988098 0 0 -450743
3408 6906 1673951340 802961 16 -1988674 0 0 -422697
3408 6858 1673951340 818936 16 -1989248 0 0 -450657
3406 6805 1673951340 834932 16 -1989823 0 0 -450625
3400 6774 1673951340 866904 16 -1990398 0 0 -450583
3397 6755 1673951340 882857 16 -1990973 0 0 -422563
3394 6745 1673951340 898827 16 -1991548 0 0 -451171
3383 6736 1673951340 914801 16 -1992123 0 0 -449278
3370 6731 1673951340 946895 16 -1992698 0 0 -449354
3372 6757 1673951340 962801 16 -1993273 0 0 -421503
3369 6722 1673951340 978869 16 -1993848 0 0 -449839
3368 6725 1673951341 10824 16 -1994423 0 0 -449720
3362 6711 1673951341 26710 16 -1994998 0 0 -421595
3352 6701 1673951341 42818 16 -1995573 0 0 -421984
3326 6663 1673951341 58820 16 -1996148 0 0 -449659
3297 6548 1673951341 90796 16 -1996723 0 0 -449487
3263 6280 1673951341 106797 16 -1997298 0 0 -421326
3236 5998 1673951341 122662 16 -1997873 0 0 -421231
3220 5887 1673951341 138771 16 -1998448 0 0 -449867
3190 5760 1673951341 170716 16 -1999023 0 0 -449156
3181 5572 1673951341 186655 16 -1999598 0 0 -421365
3196 5480 1673951341 202683 16 -2000173 0 0 -449617
3220 5383 1673951341 218681 16 -2000748 0 0 -449116
3264 5436 1673951341 250671 16 -2001323 0 0 -449499
3303 5693 1673951341 266633 16 -2001898 0 0 -421439
3329 5854 1673951341 282528 16 -2002473 0 0 -449628
3341 5920 1673951341 298874 16 -2003048 0 0 -450002
3361 6073 1673951341 330626 16 -2003623 0 0 -448336
3380 6166 1673951341 346479 16 -2004198 0 0 -420859
3308 5612 1673951341 362617 16 -2004773 0 0 -449407
3396 5498 1673951341 378598 16 -2005348 0 0 -448712
3412 5947 1673951341 410566 16 -2005923 0 0 -448877
3418 6098 1673951341 426557 16 -2006497 0 0 -420773
3421 6217 1673951341 442571 16 -2007073 0 0 -448970
3414 6312 1673951341 458533 16 -2007648 0 0 -448787
3416 6443 1673951341 490522 16 -2008223 0 0 -448550
3425 6630 1673951341 506526 16 -2008798 0 0 -421672
3433 6779 1673951341 522506 16 -2009372 0 0 -449417
3425 6894 1673951341 538492 16 -2009947 0 0 -448967
3436 6968 1673951341 570403 16 -2010522 0 0 -449496
3438 7009 1673951341 586397 16 -2011097 0 0 -421431
3450 7102 1673951341 602502 16 -2011672 0 0 -449549
3456 7156 1673951341 634392 16 -2012247 0 0 -449054
3452 7232 1673951341 650402 16 -2012822 0 0 -421124
3452 7276 1673951341 666338 16 -2013397 0 0 -420955
3461 7326 1673951341 682346 16 -2013972 0 0 -449247
3461 7351 1673951341 714342 16 -2014547 0 0 -449331
3459 7370 1673951341 730357 16 -2015122 0 0 -421188
3461 7406 1673951341 746304 16 -2015697 0 0 -421086
3459 7435 1673951341 762270 16 -2016272 0 0 -449270
3455 7345 1673951341 794296 16 -2016847 0 0 -449369
3448 7279 1673951341 810297 16 -2017422 0 0 -421636
3448 7229 1673951341 826199 16 -2017997 0 0 -449612
3445 7189 1673951341 842266 16 -2018572 0 0 -449993
3440 7157 1673951341 874273 16 -2019147 0 0 -449533
3443 7158 1673951341 890235 16 -2019722 0 0 -421479
3443 7126 1673951341 906243 16 -2020297 0 0 -449685
3448 7164 1673951341 922219 16 -2020872 0 0 -449710
3446 7201 1673951341 954048 16 -2021447 0 0 -449608
3452 7234 1673951341 970175 16 -2022022 0 0 -421563
3451 7250 1673951341 986185 16 -2022597 0 0 -449220
3315 7090 1673951342 2192 16 -2023172 0 0 -449188
3461 5578 1673951342 34140 16 -2023747 0 0 -448817
3462 7068 1673951342 50040 16 -2024322 0 0 -421021
3463 7184 1673951342 66120 16 -2024897 0 0 -449457
3456 7224 1673951342 81990 16 -2025472 0 0 -449044
3460 7260 1673951342 114096 16 -2026047 0 0 -449532
3454 7306 1673951342 130070 16 -2026622 0 0 -421278
3459 7314 1673951342 145949 16 -2027197 0 0 -449295
3465 7321 1673951342 177986 16 -2027772 0 0 -450165
3469 7338 1673951342 194042 16 -2028347 0 0 -422092
3469 7353 1673951342 210057 16 -2028922 0 0 -421920
3472 7367 1673951342 226004 16 -2029497 0 0 -449898
3468 7389 1673951342 257980 16 -2030072 0 0 -449732
3471 7413 1673951342 273977 16 -2030647 0 0 -421956
3474 7420 1673951342 289973 16 -2031222 0 0 -421507
3473 7436 1673951342 305968 16 -2031796 0 0 -449592
3479 7456 1673951342 337893 16 -2032371 0 0 -449518
3477 7468 1673951342 353934 16 -2032946 0 0 -421080
3477 7478 1673951342 369879 16 -2033521 0 0 -449045
3480 7483 1673951342 385920 16 -2034096 0 0 -449434
3475 7471 1673951342 417861 16 -2034671 0 0 -449343
3484 7470 1673951342 433882 16 -2035246 0 0 -421133
3486 7479 1673951342 449899 16 -2035821 0 0 -449114
3478 7483 1673951342 465897 16 -2036396 0 0 -449044
3482 7510 1673951342 497888 16 -2036971 0 0 -449135
3479 7503 1673951342 513789 16 -2037546 0 0 -421049
3487 7510 1673951342 529750 16 -2038121 0 0 -449409
3483 7532 1673951342 545775 16 -2038696 0 0 -449689
3492 7559 1673951342 577764 16 -2039271 0 0 -449408
3486 7557 1673951342 593679 16 -2039846 0 0 -421485
3488 7565 1673951342 609730 16 -2040421 0 0 -449809
3489 7575 1673951342 625716 16 -2040996 0 0 -449704
3495 7567 1673951342 657687 16 -2041571 0 0 -449813
3495 7587 1673951342 673674 16 -2042146 0 0 -421755
3491 7594 1673951342 689685 16 -2042721 0 0 -449869
3486 7582 1673951342 721592 16 -2043296 0 0 -449481
3486 7578 1673951342 737617 16 -2043871 0 0 -421350
3483 7566 1673951342 753602 16 -2044446 0 0 -421350
3488 7592 1673951342 769601 16 -2045021 0 0 -449469
3484 7595 1673951342 801523 16 -2045596 0 0 -449172
3476 7559 1673951342 817543 16 -2046171 0 0 -421343
3477 7565 1673951342 833499 16 -2046746 0 0 -421224
3476 7560 1673951342 849518 16 -2047321 0 0 -449430
3477 7581 1673951342 881420 16 -2047896 0 0 -449317
3480 7588 1673951342 897527 16 -2048471 0 0 -421366
3475 7577 1673951342 913507 16 -2049046 0 0 -448987
3477 7545 1673951342 929510 16 -2049621 0 0 -449145
3480 7581 1673951342 961478 16 -2050196 0 0 -449082
3476 7574 1673951342 977416 16 -2050771 0 0 -421030
3485 7591 1673951342 993514 16 -2051346 0 0 -449256
3481 7590 1673951343 9440 16 -2051921 0 0 -448985
3488 7580 1673951343 41419 16 -2052496 0 0 -449091
3483 7600 1673951343 57387 16 -2053070 0 0 -421051
3487 7583 1673951343 73389 16 -2053646 0 0 -449251
3491 7583 1673951343 89391 16 -2054221 0 0 -449617
3492 7584 1673951343 121360 16 -2054795 0 0 -449442
3482 7585 1673951343 137303 16 -2055370 0 0 -421404
3488 7596 1673951343 153330 16 -2055945 0 0 -449653
3491 7595 1673951343 169241 16 -2056520 0 0 -449339
3493 7598 1673951343 201274 16 -2057095 0 0 -449995
3492 7611 1673951343 217262 16 -2057670 0 0 -421629
3493 7613 1673951343 233298 16 -2058245 0 0 -449778
3495 7610 1673951343 265140 16 -2058820 0 0 -449442
3499 7632 1673951343 281199 16 -2059395 0 0 -421512
3497 7639 1673951343 297233 16 -2059970 0 0 -421410
3498 7623 1673951343 313189 16 -2060545 0 0 -449340
