13414 4956 1674824510 569416 0 79604888 0 0 -887750
13454 4951 1674824510 585375 0 79603690 0 0 -898022
13354 4915 1674824510 617399 0 79602479 0 0 -910428
13091 4868 1674824510 633330 0 79601257 0 0 -861012
12770 4806 1674824510 649354 0 79600023 0 0 -926393
12495 4763 1674824510 665331 0 79598778 0 0 -937212
12262 4733 1674824510 697323 0 79597520 0 0 -949088
12075 4716 1674824510 713280 0 79596251 0 0 -895778
12065 4729 1674824510 729291 0 79594970 0 0 -963789
12228 4788 1674824510 745317 0 79593677 0 0 -974220
12499 4843 1674824510 777250 0 79592372 0 0 -984477
12793 4893 1674824510 793371 0 79591056 0 0 -930305
13100 4937 1674824510 809224 0 79589728 0 0 -999395
13391 4955 1674824510 825219 0 79588387 0 0 -1010537
13464 4938 1674824510 857256 0 79587036 0 0 -1021112
13336 4887 1674824510 873264 0 79585672 0 0 -964608
13089 4823 1674824510 889305 0 79584296 0 0 -1036938
12780 4779 1674824510 921232 0 79582909 0 0 -1046606
12465 4739 1674824510 937294 0 79581510 0 0 -988890
12174 4716 1674824510 953236 0 79580099 0 0 -998916
12092 4771 1674824510 969231 0 79578677 0 0 -1073896
12337 4869 1674824511 1199 0 79577242 0 0 -1085362
12790 4928 1674824511 17190 0 79575796 0 0 -1023867
13230 4956 1674824511 33183 0 79574338 0 0 -1034355
13445 4937 1674824511 49188 0 79572868 0 0 -1111448
13422 4875 1674824511 81193 0 79571387 0 0 -1121724
13144 4792 1674824511 97169 0 79569893 0 0 -1059559
12732 4736 1674824511 113130 0 79568389 0 0 -1138188
12290 4731 1674824511 129105 0 79566872 0 0 -1149433
12058 4764 1674824511 161146 0 79565343 0 0 -1159611
12064 4841 1674824511 177034 0 79563802 0 0 -1094578
12347 4919 1674824511 193028 0 79562250 0 0 -1176533
12887 4966 1674824511 209061 0 79560686 0 0 -1186862
13338 4944 1674824511 241059 0 79559110 0 0 -1196834
13443 4853 1674824511 257076 0 79557522 0 0 -1129794
13202 4763 1674824511 273055 0 79555923 0 0 -1212843
12790 4735 1674824511 289051 0 79554312 0 0 -1223278
12373 4737 1674824511 321001 0 79552689 0 0 -1233307
12084 4798 1674824511 337040 0 79551054 0 0 -1163716
12073 4876 1674824511 353031 16 79549407 0 0 -1249017
12299 4939 1674824511 369026 16 79547756 0 0 -1257707
12812 4960 1674824511 401001 16 79546105 0 0 -1266196
13230 4919 1674824511 417001 16 79544453 0 0 -1193334
13457 4832 1674824511 433008 16 79542802 0 0 -1277021
13347 4767 1674824511 449006 16 79541151 0 0 -1282194
12968 4723 1674824511 480974 16 79539500 0 0 -1285914
12506 4739 1674824511 496978 16 79537848 0 0 -1208123
12136 4808 1674824511 512956 16 79536197 0 0 -1289354
11977 4880 1674824511 544907 16 79534546 0 0 -1290358
12107 4932 1674824511 561368 16 79532894 0 0 -1209824
12479 4954 1674824511 576926 16 79531243 0 0 -1205259
12951 4910 1674824511 593005 16 79529592 0 0 -1290342
13333 4834 1674824511 624794 16 79527941 0 0 -1289550
13430 4749 1674824511 640827 16 79526290 0 0 -1209541
13141 4715 1674824511 656856 16 79524639 0 0 -1209189
12733 4730 1674824511 672838 16 79522987 0 0 -1289480
12246 4807 1674824511 704842 16 79521336 0 0 -1289702
11969 4868 1674824511 720830 16 79519685 0 0 -1208855
11974 4922 1674824511 736818 16 79518034 0 0 -1289418
12281 4945 1674824511 752810 16 79516383 0 0 -1294055
12706 4914 1674824511 784789 16 79514731 0 0 -1289652
13199 4830 1674824511 800781 16 79513080 0 0 -1209882
13415 4746 1674824511 816792 16 79511429 0 0 -1290043
13391 4714 1674824511 832791 16 79509778 0 0 -1290264
13102 4720 1674824511 864772 16 79508127 0 0 -1290469
12549 4787 1674824511 880765 16 79506475 0 0 -1209768
12179 4832 1674824511 896740 16 79504824 0 0 -1290464
11984 4901 1674824511 912739 16 79503173 0 0 -1290596
11987 4942 1674824511 944730 16 79501522 0 0 -1290485
12204 4941 1674824511 960719 16 79499871 0 0 -1209714
12648 4885 1674824511 976701 16 79498219 0 0 -1290485
13126 4808 1674824511 992796 16 79496568 0 0 -1290586
13457 4732 1674824512 24693 16 79494917 0 0 -1289745
13412 4709 1674824512 40635 16 79493266 0 0 -1209380
13195 4742 1674824512 56695 16 79491615 0 0 -1290485
12710 4802 1674824512 88711 16 79489964 0 0 -1289812
12207 4906 1674824512 104699 16 79488312 0 0 -1208953
11993 4957 1674824512 120679 16 79486661 0 0 -1209064
12069 4960 1674824512 136679 16 79485010 0 0 -1289858
12470 4901 1674824512 168687 16 79483359 0 0 -1289650
12989 4823 1674824512 184655 16 79481707 0 0 -1208881
13408 4753 1674824512 200678 16 79480056 0 0 -1210156
13488 4739 1674824512 216657 16 79478405 0 0 -1290280
13194 4794 1674824512 248639 16 79476754 0 0 -1289905
12677 4875 1674824512 264624 16 79475103 0 0 -1209937
12154 4972 1674824512 280601 16 79473451 0 0 -1290793
11987 4979 1674824512 296612 16 79471800 0 0 -1290904
12279 4905 1674824512 328584 16 79470149 0 0 -1290592
12808 4822 1674824512 344594 16 79468498 0 0 -1210047
13331 4749 1674824512 360595 16 79466847 0 0 -1290533
13562 4755 1674824512 376523 16 79465195 0 0 -1290297
13264 4851 1674824512 408588 16 79463544 0 0 -1291258
12544 4951 1674824512 424491 16 79461893 0 0 -1210267
12090 4975 1674824512 440592 16 79460241 0 0 -1291919
12046 4932 1674824512 456562 16 79458590 0 0 -1290658
12291 4847 1674824512 488586 16 79456939 0 0 -1290729
12796 4774 1674824512 504549 16 79455288 0 0 -1210164
13277 4735 1674824512 520554 16 79453637 0 0 -1291082
13570 4758 1674824512 536555 16 79451986 0 0 -1291133
13503 4821 1674824512 568560 16 79450334 0 0 -1291133
13094 4918 1674824512 584537 16 79448683 0 0 -1209776
12641 4969 1674824512 600531 16 79447032 0 0 -1290787
12172 4964 1674824512 616536 16 79445381 0 0 -1289766
11988 4919 1674824512 648449 16 79443729 0 0 -1290824
12081 4853 1674824512 664471 16 79442078 0 0 -1210126
12390 4789 1674824512 680395 16 79440427 0 0 -1290580
12886 4732 1674824512 712480 16 79438776 0 0 -1290976
13386 4741 1674824512 728449 16 79437125 0 0 -1210198
13581 4776 1674824512 744481 16 79435473 0 0 -1210521
13552 4844 1674824512 760401 16 79433822 0 0 -1290827
13344 4911 1674824512 792377 16 79432171 0 0 -1291405
12786 4961 1674824512 808358 16 79430520 0 0 -1210790
12325 4959 1674824512 824558 16 79428869 0 0 -1210934
12043 4890 1674824512 840329 16 79427218 0 0 -1289339
12057 4838 1674824512 872329 16 79425567 0 0 -1291902
12342 4757 1674824512 888332 16 79423915 0 0 -1210566
12827 4718 1674824512 904292 16 79422264 0 0 -1291364
13335 4755 1674824512 920278 16 79420613 0 0 -1291358
13599 4821 1674824512 952331 16 79418962 0 0 -1291821
13528 4909 1674824512 968325 16 79417310 0 0 -1210311
13229 4942 1674824512 984344 16 79415659 0 0 -1290926
12823 4965 1674824513 343 16 79414008 0 0 -1290543
12296 4937 1674824513 32300 16 79412357 0 0 -1292544
12053 4872 1674824513 48357 16 79410706 0 0 -1209696
12048 4791 1674824513 64316 16 79409054 0 0 -1289787
12372 4728 1674824513 80306 16 79407403 0 0 -1290231
13003 4750 1674824513 112323 16 79405752 0 0 -1289928
13386 4785 1674824513 128321 16 79404101 0 0 -1209129
13598 4865 1674824513 144221 16 79402449 0 0 -1289947
13555 4938 1674824513 160243 16 79400798 0 0 -1290900
13204 4972 1674824513 192300 16 79399147 0 0 -1290870
12672 4956 1674824513 208375 16 79397496 0 0 -1210101
12180 4887 1674824513 224260 16 79395844 0 0 -1289953
11967 4807 1674824513 256274 16 79394193 0 0 -1291595
12087 4756 1674824513 272229 16 79392542 0 0 -1210531
12539 4742 1674824513 288242 16 79390891 0 0 -1210885
13069 4797 1674824513 304241 16 79389240 0 0 -1291412
13532 4887 1674824513 336168 16 79387588 0 0 -1291402
13622 4942 1674824513 352170 16 79385937 0 0 -1209957
13348 4987 1674824513 368172 16 79384286 0 0 -1210158
12973 4966 1674824513 384184 16 79382635 0 0 -1290896
12432 4885 1674824513 416187 16 79380984 0 0 -1291431
12015 4799 1674824513 432126 16 79379332 0 0 -1209689
12005 4742 1674824513 448161 16 79377681 0 0 -1290957
12301 4743 1674824513 464159 16 79376030 0 0 -1290150
12824 4802 1674824513 496097 16 79374379 0 0 -1290301
13383 4914 1674824513 512091 16 79372728 0 0 -1209735
13649 4975 1674824513 528096 16 79371077 0 0 -1290226
13402 4982 1674824513 544066 16 79369425 0 0 -1290294
12865 4921 1674824513 576061 16 79367774 0 0 -1290617
12341 4831 1674824513 592051 16 79366123 0 0 -1210135
11996 4747 1674824513 607984 16 79364472 0 0 -1290810
12297 4781 1674824513 624076 16 79362821 0 0 -1290871
12869 4870 1674824513 656048 16 79361169 0 0 -1290398
13442 4949 1674824513 672014 16 79359518 0 0 -1209833
13635 4999 1674824513 688036 16 79357867 0 0 -1290635
13392 4947 1674824513 704007 16 79356216 0 0 -1290353
12923 4888 1674824513 736012 16 79354565 0 0 -1290599
12468 4802 1674824513 752009 20 79352913 0 0 -1209717
12067 4751 1674824513 768008 16 79351262 0 0 -1290350
11916 4734 1674824513 783983 16 79349611 0 0 -1290259
12200 4802 1674824513 815988 16 79347960 0 0 -1289833
12711 4863 1674824513 831978 16 79346309 0 0 -1210030
13270 4964 1674824513 847970 16 79344657 0 0 -1290773
13632 4984 1674824513 879967 16 79343006 0 0 -1290511
13427 4903 1674824513 895958 16 79341355 0 0 -1210124
12755 4791 1674824513 911942 16 79339704 0 0 -1209922
12253 4748 1674824513 927922 16 79338053 0 0 -1290663
11936 4727 1674824513 959931 16 79336401 0 0 -1290932
11922 4761 1674824513 975914 16 79334750 0 0 -1210284
12240 4838 1674824513 991876 16 79333099 0 0 -1210203
12725 4912 1674824514 7818 16 79331447 0 0 -1291313
13296 4977 1674824514 39904 16 79329796 0 0 -1291701
13587 4965 1674824514 55910 16 79328145 0 0 -1210789
13431 4891 1674824514 71879 16 79326494 0 0 -1291336
12949 4814 1674824514 87859 16 79324843 0 0 -1291558
12451 4750 1674824514 119883 16 79323191 0 0 -1291696
11970 4722 1674824514 135847 16 79321540 0 0 -1210721
11819 4746 1674824514 151859 16 79319889 0 0 -1291723
12006 4820 1674824514 167859 16 79318238 0 0 -1291430
12412 4895 1674824514 199834 16 79316586 0 0 -1291046
12925 4961 1674824514 215821 16 79314935 0 0 -1209908
13323 4971 1674824514 231832 16 79313284 0 0 -1290870
13674 4931 1674824514 247834 16 79311633 0 0 -1290820
13624 4880 1674824514 279808 16 79309982 0 0 -1290487
13218 4789 1674824514 295805 16 79308331 0 0 -1209637
12704 4755 1674824514 311746 16 79306679 0 0 -1290441
12189 4753 1674824514 327728 16 79305028 0 0 -1290674
11963 4812 1674824514 359786 16 79303377 0 0 -1290976
12094 4891 1674824514 375743 16 79301726 0 0 -1210118
12624 4976 1674824514 391676 16 79300075 0 0 -1291104
13113 4994 1674824514 423749 16 79298423 0 0 -1291749
13515 4965 1674824514 439705 16 79296772 0 0 -1211061
13691 4888 1674824514 455737 16 79295121 0 0 -1211526
13473 4798 1674824514 471718 16 79293470 0 0 -1291754
13027 4761 1674824514 503713 16 79291819 0 0 -1291818
12539 4757 1674824514 519594 16 79290167 0 0 -1210667
12122 4789 1674824514 535606 16 79288516 0 0 -1211694
11949 4882 1674824514 551584 16 79286865 0 0 -1292334
12108 4950 1674824514 583645 16 79285214 0 0 -1292122
12517 4988 1674824514 599624 16 79283563 0 0 -1210577
13094 4980 1674824514 615589 16 79281911 0 0 -1291685
13517 4924 1674824514 631596 16 79280260 0 0 -1291594
13740 4841 1674824514 663593 16 79278609 0 0 -1291845
13468 4772 1674824514 679577 16 79276957 0 0 -1211095
12722 4758 1674824514 695597 16 79275307 0 0 -1291712
12163 4831 1674824514 711592 16 79273655 0 0 -1290400
11854 4917 1674824514 743557 16 79272004 0 0 -1290572
11965 4976 1674824514 759540 16 79270353 0 0 -1209823
12533 4991 1674824514 775636 16 79268702 0 0 -1290763
13146 4921 1674824514 791504 16 79267050 0 0 -1289589
13583 4842 1674824514 823559 16 79265399 0 0 -1290576
13688 4787 1674824514 839545 16 79263748 0 0 -1209893
13419 4751 1674824514 855555 16 79262097 0 0 -1290593
12757 4799 1674824514 871553 16 79260446 0 0 -1290429
12108 4909 1674824514 903534 16 79258794 0 0 -1290651
12057 4996 1674824514 919505 16 79257143 0 0 -1210033
12567 4979 1674824514 935512 16 79255492 0 0 -1290853
13221 4907 1674824514 951549 16 79253841 0 0 -1290611
13651 4822 1674824514 983518 16 79252189 0 0 -1291201
13752 4757 1674824514 999464 20 79250538 0 0 -1209322
13570 4748 1674824515 15462 16 79248887 0 0 -1290622
13020 4787 1674824515 47462 16 79247236 0 0 -1290501
12398 4874 1674824515 63423 16 79245585 0 0 -1209986
12035 4955 1674824515 79422 16 79243934 0 0 -1210262
11976 4992 1674824515 95424 16 79242282 0 0 -1290937
12290 4958 1674824515 127414 16 79240631 0 0 -1290625
12974 4890 1674824515 143429 16 79238980 0 0 -1210105
13419 4808 1674824515 159447 16 79237329 0 0 -1210229
13757 4746 1674824515 175354 16 79235678 0 0 -1290584
13685 4738 1674824515 207405 16 79234026 0 0 -1291079
13312 4775 1674824515 223379 16 79232375 0 0 -1210316
12759 4839 1674824515 239410 16 79230724 0 0 -1291193
12231 4912 1674824515 255330 16 79229073 0 0 -1290488
11945 4970 1674824515 287389 16 79227421 0 0 -1291288
11978 4994 1674824515 303386 16 79225770 0 0 -1210545
12284 4946 1674824515 319300 16 79224119 0 0 -1291165
12804 4859 1674824515 335359 16 79222468 0 0 -1292187
13374 4783 1674824515 367344 16 79220817 0 0 -1291776
13751 4744 1674824515 383309 16 79219166 0 0 -1210158
13725 4747 1674824515 399296 16 79217514 0 0 -1291353
13264 4841 1674824515 415294 16 79215863 0 0 -1291221
12720 4913 1674824515 447312 16 79214212 0 0 -1291553
12244 4968 1674824515 463311 16 79212561 0 0 -1209984
11949 4986 1674824515 479313 16 79210909 0 0 -1290856
11980 4965 1674824515 495316 16 79209258 0 0 -1290805
12243 4895 1674824515 527292 16 79207607 0 0 -1289904
12805 4823 1674824515 543186 16 79205956 0 0 -1209941
13400 4759 1674824515 559282 16 79204305 0 0 -1291594
13702 4762 1674824515 591192 16 79202653 0 0 -1290278
13595 4793 1674824515 607143 16 79201002 0 0 -1209759
13046 4889 1674824515 623233 16 79199351 0 0 -1210234
12457 4966 1674824515 639214 16 79197700 0 0 -1289993
11978 4998 1674824515 671107 16 79196048 0 0 -1290175
11849 4975 1674824515 687204 16 79194397 0 0 -1209850
12184 4854 1674824515 703209 16 79192746 0 0 -1208909
12720 4791 1674824515 719250 16 79191095 0 0 -1289413
13378 4751 1674824515 751188 16 79189444 0 0 -1287926
13754 4763 1674824515 767169 16 79187792 0 0 -1208381
13673 4843 1674824515 783186 16 79186141 0 0 -1288960
13283 4932 1674824515 799138 16 79184490 0 0 -1288294
12696 4992 1674824515 831145 16 79182839 0 0 -1289681
12049 4992 1674824515 847117 16 79181188 0 0 -1208758
11916 4955 1674824515 863149 16 79179536 0 0 -1289484
12108 4852 1674824515 879097 16 79177885 0 0 -1290133
12526 4785 1674824515 911117 16 79176234 0 0 -1290710
13227 4747 1674824515 927092 16 79174583 0 0 -1210456
13724 4782 1674824515 943185 16 79172932 0 0 -1291118
13810 4875 1674824515 959022 16 79171280 0 0 -1290092
13477 4945 1674824515 991025 16 79169629 0 0 -1291922
12900 4997 1674824516 7058 16 79167978 0 0 -1210814
12299 4987 1674824516 22993 16 79166327 0 0 -1291115
11932 4915 1674824516 39070 16 79164676 0 0 -1291393
11952 4828 1674824516 70964 16 79163024 0 0 -1291039
12407 4753 1674824516 87040 16 79161373 0 0 -1210166
13031 4752 1674824516 103047 16 79159722 0 0 -1290070
13555 4796 1674824516 119049 16 79158071 0 0 -1289747
13795 4855 1674824516 151024 16 79156420 0 0 -1290561
13707 4930 1674824516 167026 16 79154769 0 0 -1208350
13241 4994 1674824516 183001 16 79153117 0 0 -1289050
12618 4983 1674824516 214976 16 79151466 0 0 -1289634
12077 4920 1674824516 230968 16 79149815 0 0 -1208424
11815 4843 1674824516 246955 16 79148164 0 0 -1209180
12084 4758 1674824516 262953 16 79146513 0 0 -1289658
12739 4745 1674824516 294953 16 79144861 0 0 -1290539
13272 4774 1674824516 310921 16 79143210 0 0 -1209994
13663 4842 1674824516 326916 16 79141559 0 0 -1210337
13753 4894 1674824516 342892 16 79139907 0 0 -1291037
13546 4962 1674824516 374924 16 79138256 0 0 -1291202
13119 4993 1674824516 390822 16 79136605 0 0 -1210254
12471 4954 1674824516 406889 16 79134954 0 0 -1291841
12065 4877 1674824516 422905 16 79133302 0 0 -1291185
11846 4812 1674824516 454872 16 79131651 0 0 -1290893
12030 4750 1674824516 470905 16 79130000 0 0 -1210243
12606 4761 1674824516 486883 16 79128349 0 0 -1290526
13335 4824 1674824516 502867 16 79126698 0 0 -1290425
13777 4922 1674824516 534866 16 79125047 0 0 -1290438
13788 4993 1674824516 550855 16 79123395 0 0 -1209632
13410 4999 1674824516 566868 16 79121744 0 0 -1290439
12693 4932 1674824516 582822 16 79120093 0 0 -1289274
12220 4877 1674824516 614821 16 79118442 0 0 -1290314
11885 4776 1674824516 630807 16 79116791 0 0 -1209862
11942 4730 1674824516 646798 16 79115139 0 0 -1290633
12472 4779 1674824516 662801 16 79113488 0 0 -1291056
13117 4835 1674824516 694789 16 79111837 0 0 -1290803
13626 4925 1674824516 710755 16 79110186 0 0 -1210057
13827 4994 1674824516 726742 16 79108535 0 0 -1290964
13465 4981 1674824516 758753 16 79106883 0 0 -1291082
12608 4883 1674824516 774709 16 79105232 0 0 -1210570
11994 4793 1674824516 790753 16 79103581 0 0 -1210550
11856 4744 1674824516 806750 16 79101930 0 0 -1290720
12137 4784 1674824516 838740 16 79100278 0 0 -1290609
12798 4868 1674824516 854620 16 79098627 0 0 -1209929
13416 4938 1674824516 870700 16 79096976 0 0 -1211177
13862 5007 1674824516 886699 16 79095325 0 0 -1290960
13808 5001 1674824516 918696 16 79093674 0 0 -1290627
13413 4951 1674824516 934681 16 79092023 0 0 -1209790
12833 4882 1674824516 950698 16 79090371 0 0 -1290682
12256 4803 1674824516 966697 16 79088720 0 0 -1290066
11860 4753 1674824516 998628 16 79087069 0 0 -1290519
11819 4760 1674824517 14615 16 79085418 0 0 -1209950
12114 4802 1674824517 30616 16 79083767 0 0 -1290671
12664 4891 1674824517 46615 16 79082115 0 0 -1289540
13419 4985 1674824517 78619 16 79080464 0 0 -1290352
13820 5007 1674824517 94601 16 79078813 0 0 -1209717
13879 4976 1674824517 110574 16 79077162 0 0 -1290506
13471 4916 1674824517 126645 16 79075510 0 0 -1290628
12956 4838 1674824517 158574 16 79073859 0 0 -1290086
12310 4762 1674824517 174479 16 79072208 0 0 -1209640
11935 4756 1674824517 190539 16 79070557 0 0 -1291044
11959 4812 1674824517 206559 16 79068906 0 0 -1290311
12393 4902 1674824517 238538 16 79067254 0 0 -1290120
13140 4980 1674824517 254511 16 79065603 0 0 -1209547
13677 5008 1674824517 270497 16 79063952 0 0 -1290445
13904 4973 1674824517 286497 16 79062301 0 0 -1290405
13607 4864 1674824517 318493 16 79060649 0 0 -1290132
12809 4776 1674824517 334487 16 79058998 0 0 -1210239
12163 4745 1674824517 350478 16 79057347 0 0 -1290736
11898 4808 1674824517 382446 16 79055696 0 0 -1289863
12024 4866 1674824517 398420 16 79054045 0 0 -1209931
12608 4960 1674824517 414420 16 79052394 0 0 -1210297
13341 5004 1674824517 430409 16 79050742 0 0 -1290957
13790 4985 1674824517 462412 16 79049091 0 0 -1290796
13929 4919 1674824517 478423 16 79047440 0 0 -1210032
13719 4843 1674824517 494387 16 79045789 0 0 -1209823
13072 4753 1674824517 510360 16 79044137 0 0 -1290890
12476 4737 1674824517 542393 16 79042486 0 0 -1291102
11939 4783 1674824517 558407 16 79040835 0 0 -1210313
11853 4851 1674824517 574312 16 79039184 0 0 -1290706
12139 4933 1674824517 590383 16 79037533 0 0 -1291407
12567 4972 1674824517 622367 16 79035881 0 0 -1290694
13160 4999 1674824517 638262 16 79034230 0 0 -1210008
13671 4977 1674824517 654295 16 79032579 0 0 -1291696
13876 4894 1674824517 670297 16 79030928 0 0 -1291475
13744 4815 1674824517 702267 16 79029277 0 0 -1290994
13261 4755 1674824517 718267 16 79027625 0 0 -1210230
12453 4752 1674824517 734266 16 79025974 0 0 -1290929
11992 4798 1674824517 750269 16 79024323 0 0 -1291080
11846 4896 1674824517 782221 16 79022672 0 0 -1290086
11949 4928 1674824517 798213 16 79021021 0 0 -1210207
12463 4990 1674824517 814207 16 79019370 0 0 -1290863
12998 5003 1674824517 830228 16 79017718 0 0 -1289956
13581 4942 1674824517 862197 16 79016067 0 0 -1290077
13879 4851 1674824517 878198 16 79014416 0 0 -1209560
13493 4767 1674824517 894213 16 79012765 0 0 -1290040
12735 4762 1674824517 926150 16 79011113 0 0 -1289987
12106 4829 1674824517 942115 16 79009462 0 0 -1209521
11822 4910 1674824517 958110 16 79007811 0 0 -1209904
11869 4970 1674824517 974201 16 79006160 0 0 -1290449
12453 5003 1674824518 6153 16 79004509 0 0 -1289456
13052 4984 1674824518 22170 16 79002857 0 0 -1208853
13745 4883 1674824518 38186 16 79001206 0 0 -1208893
13872 4788 1674824518 54197 16 78999555 0 0 -1289269
13179 4776 1674824518 86146 16 78997903 0 0 -1289266
12592 4812 1674824518 102121 16 78996252 0 0 -1208833
12063 4897 1674824518 118105 16 78994601 0 0 -1289541
11820 4962 1674824518 134086 16 78992950 0 0 -1289349
11893 5013 1674824518 166088 16 78991299 0 0 -1289491
12364 5007 1674824518 182085 16 78989648 0 0 -1209782
13000 4935 1674824518 198088 16 78987996 0 0 -1290355
13668 4863 1674824518 214015 16 78986345 0 0 -1290496
13916 4786 1674824518 246038 16 78984694 0 0 -1291396
13784 4760 1674824518 262026 16 78983043 0 0 -1210736
13343 4791 1674824518 278034 16 78981392 0 0 -1291344
12560 4879 1674824518 294006 16 78979740 0 0 -1291109
11993 4946 1674824518 326006 16 78978089 0 0 -1291230
11784 5006 1674824518 341962 16 78976438 0 0 -1210423
11908 5007 1674824518 357960 16 78974787 0 0 -1291488
12536 4938 1674824518 373972 16 78973135 0 0 -1291478
13218 4849 1674824518 405992 16 78971484 0 0 -1291387
13723 4764 1674824518 421971 16 78969833 0 0 -1209983
13881 4749 1674824518 437979 16 78968182 0 0 -1290868
13544 4791 1674824518 453983 16 78966531 0 0 -1290666
12671 4900 1674824518 485959 16 78964880 0 0 -1290609
12088 4975 1674824518 501941 16 78963229 0 0 -1209771
11850 4997 1674824518 517950 16 78961577 0 0 -1290666
12052 4963 1674824518 549890 16 78959926 0 0 -1290131
12764 4865 1674824518 565930 16 78958275 0 0 -1209549
13506 4783 1674824518 581929 16 78956624 0 0 -1209268
13885 4736 1674824518 597928 16 78954972 0 0 -1290041
13722 4766 1674824518 629900 16 78953321 0 0 -1289839
13042 4872 1674824518 645890 16 78951670 0 0 -1209375
12233 4979 1674824518 661905 16 78950019 0 0 -1209516
11778 4985 1674824518 677905 16 78948368 0 0 -1289920
11886 4941 1674824518 709857 16 78946716 0 0 -1289738
12454 4838 1674824518 725941 16 78945065 0 0 -1209335
13148 4773 1674824518 741784 16 78943414 0 0 -1288957
13724 4734 1674824518 757843 16 78941763 0 0 -1290956
13898 4779 1674824518 789874 16 78940111 0 0 -1290354
13452 4851 1674824518 805836 16 78938460 0 0 -1209650
12736 4969 1674824518 821848 16 78936809 0 0 -1290579
12020 4993 1674824518 837741 16 78935157 0 0 -1290455
11752 4962 1674824518 869804 16 78933506 0 0 -1291691
12013 4890 1674824518 885795 16 78931855 0 0 -1210820
12661 4808 1674824518 901795 16 78930204 0 0 -1291405
13544 4749 1674824518 917797 16 78928553 0 0 -1292247
13910 4780 1674824518 949779 16 78926902 0 0 -1290629
13817 4862 1674824518 965763 16 78925251 0 0 -1210554
13257 4957 1674824518 981820 16 78923599 0 0 -1291507
12457 5012 1674824518 997819 16 78921948 0 0 -1290550
11907 4993 1674824519 29757 16 78920297 0 0 -1290584
11792 4909 1674824519 45721 16 78918646 0 0 -1209039
12269 4808 1674824519 61780 16 78916995 0 0 -1290177
13088 4759 1674824519 93685 16 78915343 0 0 -1289591
13734 4783 1674824519 109729 16 78913692 0 0 -1209216
13971 4857 1674824519 125649 16 78912041 0 0 -1208794
13688 4955 1674824519 141701 16 78910390 0 0 -1290174
12939 5018 1674824519 173684 16 78908738 0 0 -1289490
12175 4999 1674824519 189708 16 78907087 0 0 -1209490
11813 4938 1674824519 205680 16 78905436 0 0 -1209238
11979 4822 1674824519 221671 16 78903785 0 0 -1289979
12718 4760 1674824519 253648 16 78902134 0 0 -1289707
13444 4785 1674824519 269630 16 78900482 0 0 -1209693
13853 4831 1674824519 285632 16 78898831 0 0 -1290250
13980 4913 1674824519 301651 16 78897180 0 0 -1290672
13770 4980 1674824519 333636 16 78895529 0 0 -1289671
13391 5014 1674824519 349619 16 78893878 0 0 -1209518
12706 5014 1674824519 365636 16 78892227 0 0 -1290262
12103 4961 1674824519 381611 16 78890576 0 0 -1290332
11792 4889 1674824519 413592 16 78888924 0 0 -1290400
11833 4814 1674824519 429616 16 78887273 0 0 -1209742
12260 4764 1674824519 445621 16 78885622 0 0 -1290009
12879 4765 1674824519 461571 16 78883970 0 0 -1289874
13493 4811 1674824519 493555 16 78882319 0 0 -1290400
13897 4893 1674824519 509466 16 78880668 0 0 -1210016
13984 4973 1674824519 525448 16 78879017 0 0 -1291496
13724 5015 1674824519 541416 16 78877366 0 0 -1291506
13020 5000 1674824519 573454 16 78875714 0 0 -1292098
12385 4949 1674824519 589436 16 78874063 0 0 -1211037
11953 4876 1674824519 605428 16 78872412 0 0 -1291786
11822 4779 1674824519 621457 16 78870761 0 0 -1292108
12191 4753 1674824519 653452 16 78869110 0 0 -1291769
12948 4798 1674824519 669406 16 78867458 0 0 -1210710
13489 4841 1674824519 685327 16 78865807 0 0 -1291749
13906 4935 1674824519 717423 16 78864156 0 0 -1291648
13996 4986 1674824519 733430 16 78862505 0 0 -1210610
13673 5012 1674824519 749404 16 78860853 0 0 -1210216
13135 4976 1674824519 765382 16 78859202 0 0 -1291189
12329 4873 1674824519 797397 16 78857551 0 0 -1291229
11817 4793 1674824519 813353 16 78855900 0 0 -1210496
11954 4738 1674824519 829379 16 78854249 0 0 -1211232
12449 4777 1674824519 845371 16 78852597 0 0 -1291622
13258 4868 1674824519 877357 16 78850946 0 0 -1291238
13784 4939 1674824519 893362 16 78849295 0 0 -1209858
13996 5006 1674824519 909260 16 78847644 0 0 -1290664
13751 5003 1674824519 925296 16 78845993 0 0 -1291671
13171 4940 1674824519 957336 16 78844341 0 0 -1291144
12421 4866 1674824519 973305 16 78842690 0 0 -1210206
11951 4799 1674824519 989360 16 78841039 0 0 -1291172
11776 4750 1674824520 5295 16 78839388 0 0 -1290175
11935 4746 1674824520 37292 16 78837737 0 0 -1290997
12461 4810 1674824520 53328 16 78836086 0 0 -1210309
13167 4893 1674824520 69341 16 78834434 0 0 -1290624
13719 4972 1674824520 85317 16 78832783 0 0 -1290544
14020 5003 1674824520 117338 16 78831132 0 0 -1289751
13716 4960 1674824520 133256 16 78829481 0 0 -1209348
12998 4885 1674824520 149257 16 78827829 0 0 -1290992
12309 4805 1674824520 165254 16 78826178 0 0 -1290669
11799 4761 1674824520 197257 16 78824527 0 0 -1291252
11816 4772 1674824520 213229 16 78822876 0 0 -1209971
12273 4837 1674824520 229240 16 78821225 0 0 -1290862
12919 4923 1674824520 245269 16 78819573 0 0 -1291113
13607 5007 1674824520 277171 16 78817922 0 0 -1290952
13987 5022 1674824520 293295 16 78816271 0 0 -1210342
13948 4979 1674824520 309218 16 78814620 0 0 -1289771
13484 4901 1674824520 341102 16 78812969 0 0 -1289622
12763 4814 1674824520 357130 16 78811317 0 0 -1209359
11981 4755 1674824520 373187 16 78809666 0 0 -1209047
11736 4772 1674824520 389226 16 78808015 0 0 -1289097
12017 4865 1674824520 421047 16 78806364 0 0 -1288423
12924 4977 1674824520 437136 16 78804712 0 0 -1208323
13757 5019 1674824520 453153 16 78803061 0 0 -1207723
14004 4956 1674824520 469159 16 78801410 0 0 -1287919
13540 4848 1674824520 501112 16 78799759 0 0 -1289099
12755 4779 1674824520 517126 16 78798107 0 0 -1207871
12117 4760 1674824520 533142 16 78796456 0 0 -1288003
11713 4801 1674824520 549139 16 78794805 0 0 -1288124
11886 4887 1674824520 581093 16 78793154 0 0 -1288727
12410 4968 1674824520 597096 16 78791503 0 0 -1208619
13083 4999 1674824520 613096 16 78789851 0 0 -1288799
13778 4993 1674824520 629071 16 78788200 0 0 -1289691
13988 4930 1674824520 661035 16 78786549 0 0 -1290115
13815 4850 1674824520 677040 16 78784898 0 0 -1209651
13248 4786 1674824520 693140 16 78783247 0 0 -1290048
12491 4745 1674824520 709133 16 78781595 0 0 -1289285
11973 4777 1674824520 740971 16 78779944 0 0 -1289516
11702 4847 1674824520 757013 16 78778293 0 0 -1209281
11849 4920 1674824520 773022 16 78776642 0 0 -1289358
12347 4980 1674824520 789028 16 78774991 0 0 -1289200
12969 4998 1674824520 820973 16 78773340 0 0 -1289140
13611 4985 1674824520 836992 16 78771688 0 0 -1208460
13988 4899 1674824520 852941 16 78770037 0 0 -1288793
13927 4826 1674824520 884940 16 78768386 0 0 -1289359
13478 4764 1674824520 900952 16 78766735 0 0 -1209651
12789 4744 1674824520 916944 16 78765083 0 0 -1209557
12089 4779 1674824520 932946 16 78763432 0 0 -1289843
11730 4851 1674824520 964924 16 78761781 0 0 -1290244
11832 4951 1674824520 980910 16 78760130 0 0 -1209775
12469 5007 1674824520 996917 16 78758479 0 0 -1209977
13442 4961 1674824521 12912 16 78756828 0 0 -1290334
13957 4859 1674824521 44916 16 78755176 0 0 -1290673
13877 4776 1674824521 60853 16 78753525 0 0 -1209532
13343 4740 1674824521 76840 16 78751874 0 0 -1290783
12683 4766 1674824521 92942 16 78750223 0 0 -1290937
12058 4817 1674824521 124879 16 78748572 0 0 -1289835
11738 4902 1674824521 140891 16 78746920 0 0 -1209448
11809 4981 1674824521 156858 16 78745269 0 0 -1289887
12351 5011 1674824521 172856 16 78743618 0 0 -1290079
13190 4956 1674824521 204845 16 78741966 0 0 -1290267
13714 4908 1674824521 220835 16 78740315 0 0 -1209531
13985 4799 1674824521 236817 16 78738664 0 0 -1290258
13808 4750 1674824521 252820 16 78737013 0 0 -1289802
13243 4754 1674824521 284827 16 78735362 0 0 -1289640
12437 4815 1674824521 300823 16 78733710 0 0 -1210078
12067 4865 1674824521 316755 16 78732059 0 0 -1290525
11699 4952 1674824521 332808 16 78730408 0 0 -1291334
11821 5008 1674824521 364784 16 78728757 0 0 -1290469
12596 4980 1674824521 380709 16 78727106 0 0 -1209796
13376 4904 1674824521 396739 16 78725454 0 0 -1291241
13939 4807 1674824521 412738 16 78723803 0 0 -1290839
13989 4755 1674824521 444740 16 78722152 0 0 -1290667
13499 4775 1674824521 460742 16 78720501 0 0 -1210077
12711 4832 1674824521 476741 16 78718850 0 0 -1290641
12044 4935 1674824521 508715 16 78717198 0 0 -1290708
11670 5005 1674824521 524527 16 78715547 0 0 -1209471
11866 5020 1674824521 540657 16 78713896 0 0 -1211920
12611 4944 1674824521 556588 16 78712245 0 0 -1291175
13397 4845 1674824521 588608 16 78710594 0 0 -1291016
13953 4772 1674824521 604594 16 78708943 0 0 -1210652
13984 4757 1674824521 620615 16 78707291 0 0 -1210881
13393 4826 1674824521 636583 16 78705640 0 0 -1291290
12544 4920 1674824521 668589 16 78703989 0 0 -1291633
11867 4999 1674824521 684563 16 78702337 0 0 -1210944
11672 5008 1674824521 700593 16 78700686 0 0 -1291756
12113 4957 1674824521 716549 16 78699035 0 0 -1289537
12845 4878 1674824521 748569 16 78697384 0 0 -1291281
13590 4793 1674824521 764494 16 78695733 0 0 -1209918
14059 4753 1674824521 780544 16 78694082 0 0 -1291342
13951 4784 1674824521 796538 16 78692431 0 0 -1290601
13374 4869 1674824521 828529 16 78690779 0 0 -1290971
12617 4963 1674824521 844541 16 78689128 0 0 -1210055
11944 5013 1674824521 860457 16 78687477 0 0 -1290516
11691 5004 1674824521 876616 16 78685826 0 0 -1291104
11903 4945 1674824521 908417 16 78684174 0 0 -1289916
12342 4889 1674824521 924465 16 78682523 0 0 -1209361
13056 4807 1674824521 940470 16 78680872 0 0 -1289544
13597 4767 1674824521 956455 16 78679221 0 0 -1288735
13973 4751 1674824521 988462 16 78677569 0 0 -1289486
14066 4787 1674824522 4412 16 78675918 0 0 -1208695
13706 4865 1674824522 20472 16 78674267 0 0 -1289793
12919 4967 1674824522 52434 16 78672616 0 0 -1289311
12160 5003 1674824522 68433 16 78670965 0 0 -1207941
11768 4984 1674824522 84448 16 78669314 0 0 -1209441
11804 4932 1674824522 100437 16 78667662 0 0 -1289498
12268 4839 1674824522 132425 16 78666011 0 0 -1290091
12952 4771 1674824522 148423 16 78664360 0 0 -1209557
13744 4751 1674824522 164397 16 78662708 0 0 -1209425
14044 4788 1674824522 180387 16 78661057 0 0 -1290321
13752 4887 1674824522 212364 16 78659406 0 0 -1289916
13061 4964 1674824522 228290 16 78657755 0 0 -1209961
12273 4998 1674824522 244350 16 78656104 0 0 -1291230
11782 4970 1674824522 260373 16 78654453 0 0 -1290617
11716 4904 1674824522 292267 16 78652801 0 0 -1290537
12184 4804 1674824522 308291 16 78651150 0 0 -1210079
12918 4745 1674824522 324277 16 78649499 0 0 -1290422
13670 4750 1674824522 340337 16 78647848 0 0 -1290446
14032 4820 1674824522 372343 16 78646197 0 0 -1289581
13785 4926 1674824522 388311 16 78644545 0 0 -1208898
13037 5002 1674824522 404302 16 78642894 0 0 -1289779
12364 4999 1674824522 420341 16 78641243 0 0 -1289120
11836 4950 1674824522 452339 16 78639592 0 0 -1289331
11711 4858 1674824522 468343 16 78637940 0 0 -1208903
12099 4787 1674824522 484341 16 78636289 0 0 -1289210
12796 4752 1674824522 500265 16 78634638 0 0 -1289472
13576 4781 1674824522 532252 16 78632987 0 0 -1290100
13977 4841 1674824522 548261 16 78631336 0 0 -1210120
13977 4950 1674824522 564271 16 78629685 0 0 -1290611
13576 4990 1674824522 580239 16 78628033 0 0 -1290285
12811 5007 1674824522 612240 16 78626382 0 0 -1290517
12178 4964 1674824522 628254 16 78624731 0 0 -1210291
11725 4882 1674824522 644143 16 78623080 0 0 -1290712
11799 4806 1674824522 676093 16 78621429 0 0 -1291878
12385 4757 1674824522 692110 16 78619777 0 0 -1211418
13199 4785 1674824522 708126 16 78618126 0 0 -1210477
13829 4868 1674824522 724218 16 78616475 0 0 -1290899
14056 4957 1674824522 756137 16 78614824 0 0 -1290068
13781 5017 1674824522 772136 16 78613172 0 0 -1209709
12905 4995 1674824522 788117 16 78611521 0 0 -1209396
12154 4928 1674824522 804097 16 78609870 0 0 -1290206
11725 4806 1674824522 836091 16 78608219 0 0 -1290548
11969 4766 1674824522 852023 16 78606568 0 0 -1208822
12754 4788 1674824522 868071 16 78604917 0 0 -1289950
13524 4856 1674824522 884044 16 78603265 0 0 -1289736
13993 4962 1674824522 916005 16 78601614 0 0 -1290170
14051 5013 1674824522 932032 16 78599963 0 0 -1210575
13611 5015 1674824522 947984 16 78598311 0 0 -1290762
12775 4947 1674824522 964036 16 78596660 0 0 -1291238
12076 4854 1674824522 995953 16 78595009 0 0 -1290524
11654 4776 1674824523 12068 16 78593358 0 0 -1209916
11833 4760 1674824523 28036 16 78591707 0 0 -1289366
12572 4809 1674824523 43990 16 78590056 0 0 -1289001
13284 4883 1674824523 75977 16 78588404 0 0 -1289948
13901 4983 1674824523 91933 16 78586753 0 0 -1209093
14055 5009 1674824523 107901 16 78585102 0 0 -1290055
13619 4983 1674824523 123956 16 78583451 0 0 -1290552
12800 4899 1674824523 155929 16 78581800 0 0 -1289515
12122 4812 1674824523 171936 16 78580148 0 0 -1209539
11692 4758 1674824523 187876 16 78578497 0 0 -1289874
11740 4754 1674824523 219946 16 78576846 0 0 -1291631
12291 4799 1674824523 235917 16 78575194 0 0 -1210566
13002 4879 1674824523 251902 16 78573543 0 0 -1210296
13796 4981 1674824523 267921 16 78571892 0 0 -1291029
14083 5013 1674824523 299891 16 78570241 0 0 -1290393
13813 4970 1674824523 315872 16 78568590 0 0 -1209531
13312 4902 1674824523 331870 16 78566939 0 0 -1210275
12378 4810 1674824523 347873 16 78565288 0 0 -1290793
11797 4753 1674824523 379873 16 78563636 0 0 -1290931
11755 4768 1674824523 395833 16 78561985 0 0 -1209709
12116 4820 1674824523 411838 16 78560334 0 0 -1290856
12858 4911 1674824523 427820 16 78558683 0 0 -1290512
13673 4988 1674824523 459815 16 78557032 0 0 -1290543
14046 5001 1674824523 475871 16 78555380 0 0 -1210180
13879 4962 1674824523 491731 16 78553729 0 0 -1290157
13263 4863 1674824523 507742 16 78552078 0 0 -1291389
12360 4778 1674824523 539806 16 78550427 0 0 -1291258
11822 4753 1674824523 555765 16 78548775 0 0 -1210463
11680 4791 1674824523 571762 16 78547124 0 0 -1291493
12139 4883 1674824523 587738 16 78545473 0 0 -1291119
13008 4976 1674824523 619746 16 78543822 0 0 -1291411
13722 5025 1674824523 635735 16 78542171 0 0 -1210594
14089 4980 1674824523 651749 16 78540519 0 0 -1291357
13826 4904 1674824523 667743 16 78538868 0 0 -1291778
13132 4807 1674824523 699724 16 78537217 0 0 -1290415
12350 4765 1674824523 715704 16 78535565 0 0 -1210008
11822 4776 1674824523 731722 16 78533914 0 0 -1290937
11676 4822 1674824523 747697 16 78532263 0 0 -1290342
12025 4926 1674824523 779693 16 78530612 0 0 -1290564
12846 5001 1674824523 795685 16 78528961 0 0 -1209716
13664 5020 1674824523 811697 16 78527310 0 0 -1290432
14053 4980 1674824523 843570 16 78525658 0 0 -1290200
14044 4898 1674824523 859742 16 78524007 0 0 -1210047
13431 4798 1674824523 875737 16 78522356 0 0 -1208272
12630 4760 1674824523 891580 16 78520705 0 0 -1288841
11961 4799 1674824523 923609 16 78519054 0 0 -1290237
11787 4911 1674824523 939593 16 78517402 0 0 -1209779
12211 4982 1674824523 955616 16 78515751 0 0 -1209688
12843 5028 1674824523 971608 16 78514100 0 0 -1290061
13668 5004 1674824524 3611 16 78512449 0 0 -1290061
14106 4924 1674824524 19614 16 78510797 0 0 -1209511
13874 4809 1674824524 35613 16 78509146 0 0 -1289775
13167 4759 1674824524 51613 16 78507495 0 0 -1291499
12365 4778 1674824524 83595 16 78505844 0 0 -1291449
11793 4856 1674824524 99545 16 78504193 0 0 -1209281
11814 4972 1674824524 115569 16 78502542 0 0 -1290426
12436 5022 1674824524 131545 16 78500891 0 0 -1290023
13337 4996 1674824524 163516 16 78499239 0 0 -1290595
13976 4904 1674824524 179511 16 78497588 0 0 -1209972
14071 4808 1674824524 195507 16 78495937 0 0 -1290596
13521 4758 1674824524 211499 16 78494286 0 0 -1290667
12711 4772 1674824524 243369 16 78492634 0 0 -1290835
12057 4847 1674824524 259454 16 78490983 0 0 -1210549
11747 4956 1674824524 275433 16 78489332 0 0 -1290267
11901 5003 1674824524 291400 16 78487681 0 0 -1289973
12540 5005 1674824524 323442 16 78486029 0 0 -1290646
13348 4946 1674824524 339437 16 78484378 0 0 -1209585
13956 4854 1674824524 355449 16 78482727 0 0 -1290177
14057 4758 1674824524 387404 16 78481076 0 0 -1290006
13549 4747 1674824524 403415 16 78479425 0 0 -1209464
12704 4792 1674824524 419404 16 78477774 0 0 -1209175
12175 4866 1674824524 435430 16 78476122 0 0 -1289670
11724 4950 1674824524 467421 16 78474471 0 0 -1290260
11717 5003 1674824524 483407 16 78472820 0 0 -1209456
12146 5012 1674824524 499401 16 78471169 0 0 -1209166
12737 4976 1674824524 515403 16 78469517 0 0 -1290045
13610 4870 1674824524 547379 16 78467866 0 0 -1289975
14057 4805 1674824524 563358 16 78466215 0 0 -1209541
14038 4745 1674824524 579377 16 78464564 0 0 -1290254
13656 4749 1674824524 595319 16 78462913 0 0 -1290174
13002 4793 1674824524 627348 16 78461261 0 0 -1290650
12226 4895 1674824524 643346 16 78459610 0 0 -1210223
11763 4965 1674824524 659344 16 78457959 0 0 -1290836
11730 5012 1674824524 675278 16 78456308 0 0 -1290715
12154 4986 1674824524 707352 16 78454657 0 0 -1291225
12800 4935 1674824524 723355 16 78453005 0 0 -1210492
13546 4836 1674824524 739285 16 78451354 0 0 -1291017
14064 4769 1674824524 755278 16 78449703 0 0 -1291513
14004 4747 1674824524 787270 16 78448052 0 0 -1291775
13513 4786 1674824524 803258 16 78446400 0 0 -1210544
12888 4867 1674824524 819268 16 78444749 0 0 -1291353
12028 4986 1674824524 835268 16 78443098 0 0 -1291233
11671 5026 1674824524 867236 16 78441447 0 0 -1291212
11893 4992 1674824524 883233 16 78439796 0 0 -1210010
12552 4924 1674824524 899235 16 78438144 0 0 -1290890
13227 4832 1674824524 915222 16 78436493 0 0 -1290901
13924 4771 1674824524 947203 16 78434842 0 0 -1290323
14084 4752 1674824524 963199 16 78433191 0 0 -1209685
13835 4787 1674824524 979161 16 78431540 0 0 -1290272
13408 4861 1674824525 11171 16 78429889 0 0 -1290535
12496 4963 1674824525 27116 16 78428238 0 0 -1209995
11994 5008 1674824525 43238 16 78426586 0 0 -1210649
11673 5004 1674824525 59160 16 78424935 0 0 -1289964
11806 4973 1674824525 91062 16 78423284 0 0 -1290625
12456 4872 1674824525 107135 16 78421633 0 0 -1210278
13272 4803 1674824525 123142 16 78419981 0 0 -1209512
13866 4746 1674824525 139106 16 78418330 0 0 -1290009
14112 4772 1674824525 171041 16 78416679 0 0 -1290332
13769 4868 1674824525 187072 16 78415028 0 0 -1209497
12923 4968 1674824525 203085 16 78413376 0 0 -1289923
12153 5020 1674824525 219086 16 78411725 0 0 -1289138
11684 5012 1674824525 251089 16 78410074 0 0 -1290348
11729 4941 1674824525 267056 16 78408423 0 0 -1208935
12377 4829 1674824525 283044 16 78406771 0 0 -1289734
13302 4759 1674824525 299034 16 78405120 0 0 -1290490
13913 4760 1674824525 331037 16 78403469 0 0 -1290662
14049 4841 1674824525 347004 16 78401818 0 0 -1209675
13576 4941 1674824525 363014 16 78400167 0 0 -1290460
12829 5005 1674824525 379010 16 78398516 0 0 -1290573
12024 5015 1674824525 410980 16 78396864 0 0 -1290842
11631 4937 1674824525 426915 16 78395213 0 0 -1210312
11763 4870 1674824525 443039 16 78393562 0 0 -1291593
12189 4820 1674824525 458965 16 78391911 0 0 -1289922
12632 4779 1674824525 490943 16 78390259 0 0 -1290648
13216 4733 1674824525 506940 16 78388608 0 0 -1209988
13890 4787 1674824525 522956 16 78386957 0 0 -1290641
14016 4872 1674824525 554913 20 78385306 0 0 -1290146
13690 4946 1674824525 570968 16 78383655 0 0 -1209740
12854 5004 1674824525 586932 16 78382003 0 0 -1209147
12014 4980 1674824525 602934 16 78380352 0 0 -1290050
11714 4868 1674824525 634926 16 78378701 0 0 -1289373
12222 4757 1674824525 650919 16 78377050 0 0 -1210017
13120 4754 1674824525 666907 16 78375399 0 0 -1209241
13742 4767 1674824525 682882 16 78373747 0 0 -1290019
13991 4825 1674824525 714877 16 78372096 0 0 -1290241
14030 4917 1674824525 730854 16 78370445 0 0 -1209800
13510 4992 1674824525 746857 16 78368794 0 0 -1290539
12470 4993 1674824525 762853 16 78367143 0 0 -1290963
11777 4910 1674824525 794851 16 78365492 0 0 -1290640
11674 4814 1674824525 810832 16 78363840 0 0 -1210099
12071 4757 1674824525 826800 16 78362189 0 0 -1290886
13102 4782 1674824525 842905 16 78360538 0 0 -1291138
13769 4835 1674824525 874808 16 78358887 0 0 -1289868
14034 4953 1674824525 890768 16 78357235 0 0 -1209295
13639 5006 1674824525 906820 16 78355584 0 0 -1290302
12928 4998 1674824525 922815 16 78353933 0 0 -1289547
12081 4925 1674824525 954788 16 78352282 0 0 -1289628
11637 4830 1674824525 970793 16 78350631 0 0 -1209040
11941 4752 1674824525 986793 16 78348979 0 0 -1289649
12765 4778 1674824526 2791 16 78347328 0 0 -1289457
13639 4883 1674824526 34775 16 78345677 0 0 -1289154
14090 4976 1674824526 50746 16 78344026 0 0 -1209631
13890 5017 1674824526 66768 16 78342374 0 0 -1290342
13202 4986 1674824526 82702 16 78340723 0 0 -1289717
12507 4931 1674824526 114647 16 78339072 0 0 -1290907
11888 4853 1674824526 130681 16 78337421 0 0 -1210380
11653 4791 1674824526 146682 16 78335769 0 0 -1290683
11805 4756 1674824526 178669 16 78334118 0 0 -1290626
12359 4786 1674824526 194642 16 78332467 0 0 -1210043
13082 4840 1674824526 210647 16 78330816 0 0 -1210295
13617 4922 1674824526 226735 16 78329165 0 0 -1290820
14067 4988 1674824526 258632 16 78327514 0 0 -1289547
14058 5021 1674824526 274596 16 78325862 0 0 -1209463
13621 4999 1674824526 290603 16 78324211 0 0 -1209159
12834 4918 1674824526 306600 16 78322560 0 0 -1289565
12169 4841 1674824526 338593 16 78320909 0 0 -1289839
11740 4783 1674824526 354590 16 78319257 0 0 -1209301
11826 4764 1674824526 370576 16 78317606 0 0 -1289913
12453 4829 1674824526 386460 16 78315955 0 0 -1289782
13143 4901 1674824526 418551 16 78314304 0 0 -1291010
13763 4980 1674824526 434598 16 78312653 0 0 -1211048
14083 5007 1674824526 450548 16 78311002 0 0 -1290882
14024 5019 1674824526 466506 16 78309350 0 0 -1291121
13681 4965 1674824526 498488 16 78307699 0 0 -1291616
13014 4884 1674824526 514494 16 78306048 0 0 -1211016
12203 4798 1674824526 530468 16 78304397 0 0 -1291504
11779 4758 1674824526 546478 16 78302745 0 0 -1291834
11900 4797 1674824526 578449 16 78301094 0 0 -1291593
12601 4895 1674824526 594444 16 78299443 0 0 -1209873
13559 4979 1674824526 610417 16 78297792 0 0 -1290767
14060 5016 1674824526 626530 16 78296141 0 0 -1291512
13899 4948 1674824526 658418 16 78294489 0 0 -1289875
13245 4857 1674824526 674364 16 78292838 0 0 -1209118
12246 4759 1674824526 690395 16 78291187 0 0 -1290234
11734 4764 1674824526 722363 16 78289536 0 0 -1289983
12074 4861 1674824526 738387 16 78287885 0 0 -1209088
12745 4945 1674824526 754339 16 78286234 0 0 -1208947
13636 5016 1674824526 770383 16 78284582 0 0 -1290073
14027 4999 1674824526 802379 20 78282931 0 0 -1289580
13985 4915 1674824526 818331 16 78281280 0 0 -1208702
13445 4840 1674824526 834318 16 78279629 0 0 -1210221
12621 4762 1674824526 850345 16 78277977 0 0 -1290782
11866 4741 1674824526 882356 16 78276326 0 0 -1289965
11712 4825 1674824526 898337 20 78274675 0 0 -1209633
12341 4942 1674824526 914352 16 78273024 0 0 -1290360
13265 5000 1674824526 930352 16 78271373 0 0 -1290450
14002 4982 1674824526 962376 16 78269721 0 0 -1289965
14130 4935 1674824526 978304 16 78268070 0 0 -1209731
13885 4860 1674824526 994225 16 78266419 0 0 -1291065
13359 4795 1674824527 10344 16 78264768 0 0 -1291380
12532 4748 1674824527 42303 16 78263117 0 0 -1289961
11856 4780 1674824527 58244 16 78261465 0 0 -1209770
11755 4878 1674824527 74290 16 78259814 0 0 -1291009
12073 4946 1674824527 90286 16 78258163 0 0 -1290355
12775 5007 1674824527 122276 16 78256512 0 0 -1290547
13757 4990 1674824527 138302 16 78254860 0 0 -1209908
14080 4928 1674824527 154281 16 78253209 0 0 -1290322
13959 4831 1674824527 170273 16 78251558 0 0 -1289805
13471 4777 1674824527 202259 16 78249907 0 0 -1289086
12698 4755 1674824527 218225 16 78248256 0 0 -1209696
12021 4794 1674824527 234233 16 78246604 0 0 -1290600
11686 4891 1674824527 250208 16 78244953 0 0 -1289923
11857 4973 1674824527 282249 16 78243302 0 0 -1290637
12519 5018 1674824527 298199 16 78241651 0 0 -1209879
13296 5002 1674824527 314226 16 78240000 0 0 -1290925
13901 4934 1674824527 346035 16 78238348 0 0 -1291013
14115 4836 1674824527 362228 16 78236697 0 0 -1210670
13772 4772 1674824527 378184 16 78235046 0 0 -1208667
12938 4754 1674824527 394122 16 78233395 0 0 -1289692
12260 4796 1674824527 426113 16 78231744 0 0 -1289878
11766 4892 1674824527 442046 16 78230093 0 0 -1209366
11636 4965 1674824527 458019 16 78228441 0 0 -1209890
11988 5014 1674824527 474139 16 78226790 0 0 -1290881
12589 5007 1674824527 506094 16 78225139 0 0 -1289175
13366 4949 1674824527 522076 16 78223488 0 0 -1208847
14012 4877 1674824527 538093 16 78221836 0 0 -1289258
14118 4803 1674824527 554066 16 78220185 0 0 -1291008
13750 4748 1674824527 586068 16 78218534 0 0 -1290836
13215 4776 1674824527 602040 16 78216883 0 0 -1209589
12284 4861 1674824527 618046 16 78215232 0 0 -1290464
11756 4923 1674824527 634037 16 78213580 0 0 -1289725
11732 5010 1674824527 665989 16 78211929 0 0 -1289543
12117 5012 1674824527 681989 16 78210278 0 0 -1210249
12896 4954 1674824527 697998 16 78208627 0 0 -1290751
13684 4882 1674824527 713992 16 78206976 0 0 -1290381
14066 4785 1674824527 745948 16 78205324 0 0 -1290710
13960 4751 1674824527 761948 16 78203673 0 0 -1209934
13315 4783 1674824527 777951 16 78202022 0 0 -1290554
12660 4854 1674824527 793940 16 78200370 0 0 -1290339
11916 4971 1674824527 826265 16 78198719 0 0 -1290412
11649 5014 1674824527 841846 16 78197068 0 0 -1208896
11948 4991 1674824527 857821 16 78195417 0 0 -1293726
12832 4915 1674824527 889883 16 78193766 0 0 -1293978
13607 4820 1674824527 905886 16 78192114 0 0 -1213346
14040 4753 1674824527 921860 16 78190463 0 0 -1213158
13941 4746 1674824527 937835 16 78188812 0 0 -1293925
13411 4805 1674824527 969881 16 78187161 0 0 -1294177
12488 4914 1674824527 985855 16 78185510 0 0 -1213379
11835 4998 1674824528 1857 16 78183859 0 0 -1213530
11742 5003 1674824528 17856 16 78182207 0 0 -1295033
12255 4936 1674824528 49864 16 78180556 0 0 -1290708
13160 4827 1674824528 65807 16 78178905 0 0 -1209820
13782 4782 1674824528 81821 16 78177254 0 0 -1291119
14077 4754 1674824528 97820 16 78175603 0 0 -1291008
13906 4797 1674824528 129719 16 78173951 0 0 -1290853
13273 4873 1674824528 145782 16 78172300 0 0 -1210241
12485 4962 1674824528 161804 16 78170649 0 0 -1290340
11787 5010 1674824528 177852 16 78168998 0 0 -1289856
11666 5007 1674824528 209762 16 78167346 0 0 -1289394
12057 4935 1674824528 225644 16 78165695 0 0 -1208996
12771 4845 1674824528 241697 16 78164044 0 0 -1290829
13488 4783 1674824528 257640 16 78162393 0 0 -1289720
14005 4749 1674824528 289708 16 78160742 0 0 -1290438
14091 4788 1674824528 305680 16 78159091 0 0 -1209544
13709 4876 1674824528 321710 16 78157440 0 0 -1290186
13045 4948 1674824528 337705 16 78155788 0 0 -1290614
12224 5021 1674824528 369689 16 78154137 0 0 -1290886
11761 5022 1674824528 385579 16 78152486 0 0 -1210696
11691 4970 1674824528 401666 16 78150834 0 0 -1292298
12086 4901 1674824528 417663 16 78149183 0 0 -1290229
12796 4819 1674824528 449620 16 78147532 0 0 -1290791
13588 4768 1674824528 465607 16 78145881 0 0 -1209708
14104 4793 1674824528 481595 16 78144230 0 0 -1290625
14064 4856 1674824528 513567 16 78142579 0 0 -1290464
13681 4948 1674824528 529564 16 78140927 0 0 -1210172
12857 5022 1674824528 545568 16 78139276 0 0 -1210152
12190 5034 1674824528 561564 16 78137624 0 0 -1290784
11721 4976 1674824528 593537 16 78135973 0 0 -1289610
11807 4891 1674824528 609626 16 78134322 0 0 -1209935
12477 4803 1674824528 625450 16 78132671 0 0 -1209013
13330 4781 1674824528 641441 16 78131020 0 0 -1291313
13957 4806 1674824528 673525 16 78129369 0 0 -1291272
14130 4897 1674824528 689531 16 78127717 0 0 -1210374
13747 4980 1674824528 705509 16 78126066 0 0 -1290809
12869 5027 1674824528 721509 16 78124415 0 0 -1291001
12248 5007 1674824528 753506 16 78122764 0 0 -1290943
11735 4928 1674824528 769456 16 78121113 0 0 -1210295
11837 4831 1674824528 785466 16 78119461 0 0 -1291446
12559 4770 1674824528 801483 16 78117810 0 0 -1292237
13292 4769 1674824528 833467 16 78116159 0 0 -1290273
13998 4843 1674824528 849442 16 78114508 0 0 -1209607
14165 4933 1674824528 865445 16 78112857 0 0 -1290637
13719 5016 1674824528 881382 16 78111205 0 0 -1290765
13118 5030 1674824528 913419 16 78109554 0 0 -1291180
12191 4970 1674824528 929403 16 78107903 0 0 -1210472
11755 4902 1674824528 945393 16 78106252 0 0 -1291241
11819 4808 1674824528 961300 16 78104601 0 0 -1290738
12351 4762 1674824528 993340 16 78102949 0 0 -1291880
13052 4787 1674824529 9388 16 78101298 0 0 -1211335
13847 4848 1674824529 25323 16 78099647 0 0 -1291428
