24936 -65 1673605465 687494 16 980452 0 0 -449322
24980 -71 1673605465 719476 16 979878 0 0 -449224
24998 -53 1673605465 735496 16 979303 0 0 -421069
24998 -52 1673605465 751441 16 978728 0 0 -449074
24976 -73 1673605465 767492 16 978153 0 0 -449275
24945 -78 1673605465 799482 16 977578 0 0 -449093
24900 -79 1673605465 815480 16 977003 0 0 -421029
24898 -89 1673605465 831485 16 976428 0 0 -449091
24837 -73 1673605465 847353 16 975853 0 0 -449066
23036 -91 1673605465 879455 16 975278 0 0 -449540
17064 -91 1673605465 895395 16 974703 0 0 -421480
11420 -74 1673605465 911385 16 974128 0 0 -449751
15273 -75 1673605465 927439 16 973553 0 0 -449857
22966 -90 1673605465 959439 16 972978 0 0 -449474
21378 -80 1673605465 975416 16 972403 0 0 -421576
13267 -69 1673605465 991414 16 971828 0 0 -449725
13072 -75 1673605466 23334 16 971253 0 0 -449725
20852 -76 1673605466 39451 16 970678 0 0 -421736
23699 -76 1673605466 55424 16 970103 0 0 -420862
17585 -67 1673605466 71426 16 969528 0 0 -449122
11448 -56 1673605466 103408 16 968953 0 0 -448903
13671 -51 1673605466 119389 16 968378 0 0 -420808
21094 -44 1673605466 135388 16 967803 0 0 -421064
23731 -67 1673605466 151386 16 967228 0 0 -449143
18108 -108 1673605466 183364 16 966653 0 0 -449069
11884 -81 1673605466 199341 16 966078 0 0 -421006
11952 -62 1673605466 215363 16 965503 0 0 -449092
17529 -71 1673605466 231364 16 964928 0 0 -449423
22779 -70 1673605466 263328 16 964353 0 0 -449324
24725 -63 1673605466 279250 16 963778 0 0 -421287
24154 -64 1673605466 295245 16 963203 0 0 -449622
22148 -88 1673605466 311355 16 962628 0 0 -449573
18834 -87 1673605466 343311 16 962053 0 0 -449186
15526 -83 1673605466 359312 16 961478 0 0 -421142
12586 -85 1673605466 375361 16 960903 0 0 -449195
10860 -74 1673605466 391350 16 960328 0 0 -448943
10363 -98 1673605466 423325 16 959753 0 0 -449058
11107 -59 1673605466 439321 16 959178 0 0 -421008
12830 -55 1673605466 455300 16 958603 0 0 -449066
15520 -69 1673605466 471299 16 958029 0 0 -448767
18709 -77 1673605466 503259 16 957454 0 0 -448753
21403 -60 1673605466 519248 16 956879 0 0 -421096
22983 -62 1673605466 535253 16 956304 0 0 -449172
24079 -55 1673605466 551224 16 955729 0 0 -449158
24804 -65 1673605466 583208 16 955154 0 0 -449431
24738 -69 1673605466 599202 16 954579 0 0 -421330
23699 -65 1673605466 615202 16 954004 0 0 -449406
22056 -61 1673605466 647112 16 953429 0 0 -449392
20101 -80 1673605466 663195 16 952854 0 0 -421419
18636 -92 1673605466 679170 16 952279 0 0 -421125
16972 -88 1673605466 695142 16 951704 0 0 -449254
15197 -88 1673605466 727168 16 951129 0 0 -449314
13057 -79 1673605466 743160 16 950554 0 0 -421233
11677 -70 1673605466 759175 16 949979 0 0 -421159
10880 -82 1673605466 775168 16 949404 0 0 -449168
10504 -76 1673605466 807176 16 948829 0 0 -449172
10313 -84 1673605466 823153 16 948254 0 0 -421089
10311 -71 1673605466 839167 16 947679 0 0 -449166
10446 -64 1673605466 855166 16 947104 0 0 -449407
11044 -58 1673605466 887164 16 946529 0 0 -449323
12001 -81 1673605466 903163 16 945954 0 0 -421150
12717 -67 1673605466 919162 16 945379 0 0 -449252
13324 -71 1673605466 935142 16 944804 0 0 -449228
14056 -56 1673605466 967124 16 944229 0 0 -449351
14790 -57 1673605466 983112 16 943654 0 0 -421266
15702 -65 1673605466 999124 16 943079 0 0 -449391
17038 -56 1673605467 15101 16 942504 0 0 -449268
17907 -55 1673605467 47039 16 941929 0 0 -449398
18386 -76 1673605467 63113 16 941354 0 0 -421373
19338 -41 1673605467 79075 16 940779 0 0 -449189
20519 -62 1673605467 95031 16 940204 0 0 -449319
21010 -96 1673605467 127102 16 939629 0 0 -449470
21630 -58 1673605467 143088 16 939054 0 0 -421262
22515 -61 1673605467 159112 16 938479 0 0 -449371
22792 -81 1673605467 175075 16 937904 0 0 -449245
22750 -64 1673605467 207086 16 937329 0 0 -449417
23074 -68 1673605467 223080 16 936754 0 0 -421251
23644 -84 1673605467 239088 16 936180 0 0 -449196
24225 -61 1673605467 271064 16 935605 0 0 -449426
24511 -65 1673605467 287052 16 935030 0 0 -421237
24695 -77 1673605467 303060 16 934455 0 0 -421125
24855 -81 1673605467 319062 16 933880 0 0 -449235
24909 -68 1673605467 351014 16 933305 0 0 -449179
24845 -69 1673605467 367057 16 932730 0 0 -421229
24637 -67 1673605467 383022 16 932155 0 0 -420948
24219 -81 1673605467 399021 16 931580 0 0 -449157
23825 -61 1673605467 431007 16 931005 0 0 -449237
23214 -72 1673605467 447006 16 930430 0 0 -421201
22529 -71 1673605467 463058 16 929855 0 0 -449260
21463 -89 1673605467 478994 16 929280 0 0 -449036
20225 -72 1673605467 510972 16 928705 0 0 -449289
18911 -72 1673605467 526967 16 928130 0 0 -421240
17603 -80 1673605467 542949 16 927555 0 0 -449291
16248 -85 1673605467 558960 16 926980 0 0 -449505
15069 -98 1673605467 590959 16 926405 0 0 -449343
13817 -84 1673605467 606956 16 925830 0 0 -421264
12232 -80 1673605467 622933 16 925255 0 0 -449339
11287 -81 1673605467 638932 16 924680 0 0 -449416
10679 -77 1673605467 670919 16 924105 0 0 -449602
10445 -72 1673605467 686928 16 923530 0 0 -421311
10315 -78 1673605467 702961 16 922955 0 0 -449337
10519 -64 1673605467 718938 16 922380 0 0 -449203
11122 -66 1673605467 750910 16 921805 0 0 -449221
11801 -45 1673605467 766915 16 921230 0 0 -421208
12602 -73 1673605467 782913 16 920655 0 0 -449266
13709 -85 1673605467 814853 16 920080 0 0 -449262
15194 -43 1673605467 830915 16 919505 0 0 -421158
16923 -39 1673605467 846946 16 918930 0 0 -420938
18189 -55 1673605467 862987 16 918355 0 0 -448894
20087 -70 1673605467 894851 16 917780 0 0 -448782
21506 -54 1673605467 910846 16 917205 0 0 -420941
22814 -25 1673605467 926834 16 916630 0 0 -420878
23799 -49 1673605467 942834 16 916055 0 0 -448972
24442 -49 1673605467 974830 16 915480 0 0 -448989
24795 -70 1673605467 990825 16 914905 0 0 -420910
24892 -67 1673605468 6836 16 914330 0 0 -448950
24563 -80 1673605468 22732 16 913756 0 0 -449031
24029 -84 1673605468 54813 16 913181 0 0 -449507
23027 -63 1673605468 70819 16 912606 0 0 -421503
21484 -63 1673605468 86788 16 912031 0 0 -449439
19713 -84 1673605468 102778 16 911456 0 0 -449530
17953 -77 1673605468 134802 16 910881 0 0 -449523
16328 -58 1673605468 150799 16 910306 0 0 -421426
14756 -74 1673605468 166786 16 909731 0 0 -449509
13487 -100 1673605468 182788 16 909156 0 0 -449537
12247 -99 1673605468 214750 16 908581 0 0 -449666
11324 -83 1673605468 230775 16 908006 0 0 -421256
10536 -81 1673605468 246699 16 907431 0 0 -449316
10330 -57 1673605468 262745 16 906856 0 0 -449605
10497 -69 1673605468 294741 16 906281 0 0 -449335
11115 -71 1673605468 310733 16 905706 0 0 -421227
11899 -54 1673605468 326724 16 905131 0 0 -449352
13141 -67 1673605468 342725 16 904556 0 0 -449373
14472 -76 1673605468 374752 16 903981 0 0 -449324
16087 -44 1673605468 390712 16 903406 0 0 -421231
17321 -72 1673605468 406717 16 902831 0 0 -449415
18717 -68 1673605468 438693 16 902256 0 0 -449485
20792 -65 1673605468 454696 16 901681 0 0 -421162
21936 -64 1673605468 470699 16 901106 0 0 -421312
23150 -47 1673605468 486703 16 900531 0 0 -449374
23958 -71 1673605468 518673 16 899956 0 0 -449332
24550 -75 1673605468 534665 16 899381 0 0 -421251
24817 -77 1673605468 550688 16 898806 0 0 -421283
24872 -76 1673605468 566679 16 898231 0 0 -449302
24456 -66 1673605468 598522 16 897656 0 0 -449193
23692 -74 1673605468 614577 16 897081 0 0 -421272
22733 -68 1673605468 630583 16 896506 0 0 -449135
21731 -59 1673605468 646651 16 895931 0 0 -449125
20213 -90 1673605468 678550 16 895356 0 0 -448898
19008 -80 1673605468 694592 16 894781 0 0 -420924
17646 -83 1673605468 710667 16 894206 0 0 -448827
16546 -79 1673605468 726645 16 893631 0 0 -448537
14933 -110 1673605468 758625 16 893057 0 0 -448597
13290 -96 1673605468 774593 16 892481 0 0 -420556
12006 -93 1673605468 790594 16 891906 0 0 -448606
11189 -86 1673605468 806613 16 891332 0 0 -448697
10673 -87 1673605468 838590 16 890757 0 0 -448652
10358 -84 1673605468 854583 16 890182 0 0 -420833
10357 -86 1673605468 870590 16 889607 0 0 -448845
10776 -82 1673605468 886594 16 889032 0 0 -448968
11628 -68 1673605468 918561 16 888457 0 0 -449216
12647 -61 1673605468 934538 16 887882 0 0 -421189
13967 -49 1673605468 950575 16 887307 0 0 -449280
15325 -81 1673605468 966546 16 886732 0 0 -449037
16701 -72 1673605468 998532 16 886157 0 0 -449241
18343 -58 1673605469 14504 16 885582 0 0 -421243
20146 -53 1673605469 30498 16 885007 0 0 -449398
21705 -64 1673605469 62424 16 884432 0 0 -449394
23079 -77 1673605469 78399 16 883857 0 0 -421408
24094 -63 1673605469 94406 16 883282 0 0 -421510
24687 -62 1673605469 110478 16 882707 0 0 -449532
24884 -54 1673605469 142443 16 882132 0 0 -449200
24680 -72 1673605469 158466 16 881557 0 0 -421284
24138 -67 1673605469 174490 16 880982 0 0 -421101
23195 -59 1673605469 190487 16 880407 0 0 -449081
22084 -63 1673605469 222499 16 879832 0 0 -448993
20841 -71 1673605469 238458 16 879257 0 0 -420885
19507 -66 1673605469 254448 16 878682 0 0 -449041
17988 -89 1673605469 270462 16 878107 0 0 -448988
16800 -86 1673605469 302473 16 877532 0 0 -448964
14507 -74 1673605469 318445 16 876957 0 0 -421129
12767 -93 1673605469 334420 16 876382 0 0 -449273
11678 -83 1673605469 350419 16 875807 0 0 -449442
10937 -77 1673605469 382419 16 875232 0 0 -449529
10464 -75 1673605469 398417 16 874657 0 0 -421443
10372 -85 1673605469 414407 16 874082 0 0 -449536
10565 -78 1673605469 430381 16 873507 0 0 -449427
11339 -64 1673605469 462396 16 872932 0 0 -449483
12011 -84 1673605469 478313 16 872357 0 0 -421443
13230 -85 1673605469 494384 16 871782 0 0 -449822
14520 -50 1673605469 510365 16 871207 0 0 -449475
15649 -57 1673605469 542412 16 870632 0 0 -449454
17090 -60 1673605469 558335 16 870057 0 0 -421333
19068 -62 1673605469 574370 16 869482 0 0 -449681
20569 -56 1673605469 606346 16 868908 0 0 -449454
21640 -50 1673605469 622292 16 868333 0 0 -421364
22711 -86 1673605469 638361 16 867758 0 0 -421463
23460 -77 1673605469 654330 16 867183 0 0 -449311
24409 -68 1673605469 686342 16 866608 0 0 -449127
24853 -56 1673605469 702318 16 866033 0 0 -421288
24689 -70 1673605469 718345 16 865458 0 0 -421306
24069 -60 1673605469 734283 16 864883 0 0 -449329
23292 -76 1673605469 766303 16 864308 0 0 -449276
22318 -67 1673605469 782296 16 863733 0 0 -421402
20740 -77 1673605469 798282 16 863158 0 0 -449482
18611 -90 1673605469 814262 16 862583 0 0 -449341
17010 -78 1673605469 846248 16 862008 0 0 -449652
15770 -82 1673605469 862184 16 861433 0 0 -421479
14611 -71 1673605469 878213 16 860858 0 0 -449791
13271 -94 1673605469 894262 16 860283 0 0 -449605
12059 -72 1673605469 926248 16 859708 0 0 -449528
11046 -83 1673605469 942240 16 859133 0 0 -421246
10442 -68 1673605469 958180 16 858558 0 0 -449368
10365 -81 1673605469 974252 16 857983 0 0 -449555
10704 -37 1673605470 6225 16 857408 0 0 -449254
11330 -57 1673605470 22238 16 856833 0 0 -421131
12132 -69 1673605470 38225 16 856258 0 0 -449150
13610 -70 1673605470 54224 16 855683 0 0 -448970
15281 -62 1673605470 86205 16 855108 0 0 -449075
16646 -69 1673605470 102192 16 854533 0 0 -421187
17915 -76 1673605470 118180 16 853958 0 0 -449296
19653 -70 1673605470 134185 16 853383 0 0 -449310
21053 -56 1673605470 166179 16 852808 0 0 -449081
22459 -55 1673605470 182158 16 852233 0 0 -421262
23644 -59 1673605470 198159 16 851658 0 0 -449388
24304 -50 1673605470 230151 16 851083 0 0 -449430
24674 -57 1673605470 246132 16 850508 0 0 -421316
24855 -55 1673605470 262096 16 849934 0 0 -421281
24774 -60 1673605470 278096 16 849359 0 0 -449467
24221 -59 1673605470 310141 16 848783 0 0 -449519
22830 -76 1673605470 326149 16 848208 0 0 -421361
21471 -77 1673605470 342123 16 847633 0 0 -421351
20191 -80 1673605470 358123 16 847059 0 0 -449415
18946 -70 1673605470 390123 16 846484 0 0 -449342
17489 -81 1673605470 406089 16 845909 0 0 -421269
15572 -80 1673605470 422104 16 845334 0 0 -449458
14020 -93 1673605470 438104 16 844759 0 0 -449436
12585 -85 1673605470 470106 16 844184 0 0 -449309
11624 -71 1673605470 486100 16 843609 0 0 -421134
10878 -69 1673605470 502074 16 843034 0 0 -449271
10464 -90 1673605470 518071 16 842459 0 0 -449390
10381 -76 1673605470 550073 16 841884 0 0 -449407
10863 -67 1673605470 566010 16 841309 0 0 -421329
11945 -79 1673605470 582051 16 840734 0 0 -449627
13169 -59 1673605470 598054 16 840159 0 0 -449364
14446 -63 1673605470 630044 16 839584 0 0 -449406
16003 -87 1673605470 645977 16 839009 0 0 -421339
17122 -76 1673605470 661982 16 838434 0 0 -449653
19261 -76 1673605470 678051 16 837859 0 0 -449614
21120 -63 1673605470 710012 16 837284 0 0 -449282
22295 -93 1673605470 726042 16 836709 0 0 -421229
23478 -69 1673605470 742020 16 836134 0 0 -449202
24036 -65 1673605470 758049 16 835559 0 0 -449057
24556 -77 1673605470 789994 16 834984 0 0 -449099
24842 -73 1673605470 805966 16 834409 0 0 -421082
24669 -66 1673605470 821999 16 833834 0 0 -449248
24147 -72 1673605470 853972 16 833259 0 0 -448896
23400 -63 1673605470 869944 16 832684 0 0 -420861
22336 -82 1673605470 885951 16 832109 0 0 -421201
20864 -101 1673605470 901948 16 831534 0 0 -449218
19333 -91 1673605470 933925 16 830959 0 0 -449334
17547 -70 1673605470 949923 16 830384 0 0 -421201
15693 -103 1673605470 965862 16 829809 0 0 -421309
14177 -64 1673605470 981930 16 829234 0 0 -449552
12884 -71 1673605471 13923 16 828660 0 0 -449119
11678 -66 1673605471 29994 16 828084 0 0 -421213
10763 -48 1673605471 45874 16 827510 0 0 -448920
10399 -77 1673605471 61863 16 826934 0 0 -449344
10342 -71 1673605471 93938 16 826360 0 0 -449310
10797 -84 1673605471 109919 16 825784 0 0 -421206
11667 -85 1673605471 125950 16 825209 0 0 -449329
12741 -42 1673605471 141926 16 824635 0 0 -449116
13995 -77 1673605471 173945 16 824060 0 0 -448985
15493 -76 1673605471 189948 16 823485 0 0 -421227
17061 -66 1673605471 205897 16 822910 0 0 -449238
18497 -61 1673605471 221956 16 822335 0 0 -449763
20008 -48 1673605471 253951 16 821760 0 0 -449034
21226 -64 1673605471 269922 16 821185 0 0 -421021
22887 -49 1673605471 285929 16 820610 0 0 -449216
23903 -54 1673605471 301929 16 820035 0 0 -449125
24516 -78 1673605471 333930 16 819460 0 0 -449331
24778 -76 1673605471 349901 16 818885 0 0 -421170
24733 -68 1673605471 365935 16 818310 0 0 -449364
24172 -88 1673605471 397799 16 817735 0 0 -449256
23267 -61 1673605471 413788 16 817160 0 0 -421120
21898 -75 1673605471 429906 16 816585 0 0 -421365
20618 -75 1673605471 445800 16 816010 0 0 -449026
19107 -65 1673605471 477847 16 815435 0 0 -449298
17261 -82 1673605471 493829 16 814860 0 0 -421205
15412 -80 1673605471 509849 16 814285 0 0 -421269
13918 -68 1673605471 525848 16 813710 0 0 -449275
12518 -69 1673605471 557850 16 813135 0 0 -449177
11700 -73 1673605471 573795 16 812560 0 0 -421218
10972 -89 1673605471 589829 16 811985 0 0 -449368
10488 -81 1673605471 605825 16 811410 0 0 -449210
10361 -66 1673605471 637828 16 810835 0 0 -449636
10561 -70 1673605471 653797 16 810260 0 0 -421182
11332 -63 1673605471 669804 16 809685 0 0 -449409
12393 -88 1673605471 685796 16 809110 0 0 -449321
13277 -72 1673605471 717781 16 808535 0 0 -449419
14250 -70 1673605471 733799 16 807960 0 0 -421353
15796 -64 1673605471 749689 16 807385 0 0 -449367
17436 -63 1673605471 765752 16 806810 0 0 -449562
19415 -49 1673605471 797750 16 806235 0 0 -449461
20992 -54 1673605471 813766 16 805661 0 0 -421324
22240 -61 1673605471 829677 16 805086 0 0 -449347
23417 -75 1673605471 845766 16 804511 0 0 -449552
24237 -62 1673605471 877729 16 803936 0 0 -449266
24712 -77 1673605471 893692 16 803361 0 0 -421194
24795 -68 1673605471 909708 16 802785 0 0 -449485
24420 -59 1673605471 925700 16 802210 0 0 -449492
23868 -80 1673605471 957704 16 801636 0 0 -449034
23134 -70 1673605471 973695 16 801061 0 0 -421174
22113 -60 1673605471 989689 16 800486 0 0 -449329
21423 -67 1673605472 21684 16 799911 0 0 -449406
19963 -67 1673605472 37688 16 799336 0 0 -421020
17875 -95 1673605472 53689 16 798761 0 0 -421317
16148 -94 1673605472 69664 16 798186 0 0 -449357
15153 -99 1673605472 101659 16 797611 0 0 -449217
13708 -89 1673605472 117659 16 797036 0 0 -421201
12777 -89 1673605472 133650 16 796461 0 0 -421271
12305 -98 1673605472 149651 16 795886 0 0 -449382
11111 -95 1673605472 181629 16 795311 0 0 -449347
10416 -74 1673605472 197571 16 794736 0 0 -421269
10382 -59 1673605472 213543 16 794161 0 0 -449545
10633 -77 1673605472 229593 16 793586 0 0 -449658
11047 -76 1673605472 261604 16 793011 0 0 -449486
11548 -55 1673605472 277592 16 792436 0 0 -421313
12834 -56 1673605472 293563 16 791861 0 0 -449426
14772 -74 1673605472 309627 16 791286 0 0 -449528
16111 -68 1673605472 341524 16 790711 0 0 -449273
16927 -62 1673605472 357590 16 790136 0 0 -421291
17736 -59 1673605472 373585 16 789561 0 0 -449117
18968 -52 1673605472 389518 16 788986 0 0 -448931
20372 -38 1673605472 421582 16 788411 0 0 -449068
21949 -50 1673605472 437576 16 787836 0 0 -421111
23095 -48 1673605472 453550 16 787261 0 0 -449218
23604 -57 1673605472 469551 16 786686 0 0 -449267
24009 -54 1673605472 501517 16 786111 0 0 -449162
24448 -65 1673605472 517508 16 785536 0 0 -421339
24767 -55 1673605472 533539 16 784961 0 0 -449356
24788 -49 1673605472 549507 16 784386 0 0 -449478
24436 -41 1673605472 581511 16 783812 0 0 -449475
23748 -80 1673605472 597487 16 783237 0 0 -421160
22385 -91 1673605472 613486 16 782662 0 0 -449376
20655 -81 1673605472 645477 16 782087 0 0 -449359
19520 -68 1673605472 661408 16 781511 0 0 -421248
17863 -87 1673605472 677481 16 780937 0 0 -421396
15888 -89 1673605472 693454 16 780362 0 0 -449188
13839 -92 1673605472 725479 16 779787 0 0 -449251
12652 -106 1673605472 741496 16 779212 0 0 -421261
11624 -90 1673605472 757510 16 778637 0 0 -421187
10899 -65 1673605472 773508 16 778062 0 0 -449218
10390 -109 1673605472 805487 16 777487 0 0 -449140
10489 -83 1673605472 821482 16 776912 0 0 -421079
11087 -77 1673605472 837468 16 776337 0 0 -449116
12259 -64 1673605472 853469 16 775762 0 0 -449020
13139 -75 1673605472 885419 16 775187 0 0 -449272
14491 -62 1673605472 901418 16 774612 0 0 -421145
16237 -75 1673605472 917367 16 774037 0 0 -449246
18329 -63 1673605472 933392 16 773462 0 0 -449485
20428 -57 1673605472 965392 16 772887 0 0 -449447
22015 -69 1673605472 981329 16 772312 0 0 -421364
23083 -78 1673605472 997313 16 771737 0 0 -449643
23895 -74 1673605473 13428 16 771162 0 0 -449682
24569 -75 1673605473 45316 16 770587 0 0 -449232
24828 -70 1673605473 61355 16 770012 0 0 -421258
24651 -75 1673605473 77342 16 769437 0 0 -449154
24214 -75 1673605473 93342 16 768862 0 0 -449196
23455 -71 1673605473 125364 16 768287 0 0 -449016
22662 -84 1673605473 141357 16 767712 0 0 -421008
21412 -85 1673605473 157317 16 767137 0 0 -449109
19710 -75 1673605473 173318 16 766562 0 0 -449028
18136 -89 1673605473 205317 16 765987 0 0 -448968
16506 -68 1673605473 221317 16 765412 0 0 -421294
15044 -98 1673605473 237318 16 764837 0 0 -449271
13560 -95 1673605473 269299 16 764262 0 0 -449404
12334 -84 1673605473 285299 16 763687 0 0 -421299
11355 -67 1673605473 301296 16 763112 0 0 -421299
10693 -74 1673605473 317268 16 762537 0 0 -449405
10327 -74 1673605473 349270 16 761963 0 0 -449381
10667 -67 1673605473 365270 16 761388 0 0 -421163
11285 -76 1673605473 381274 16 760813 0 0 -421166
12170 -63 1673605473 397287 16 760238 0 0 -449227
13271 -69 1673605473 429179 16 759663 0 0 -449182
14833 -64 1673605473 445509 16 759088 0 0 -421204
16282 -71 1673605473 461248 16 758513 0 0 -448129
17717 -74 1673605473 477247 16 757938 0 0 -449060
19178 -69 1673605473 509219 16 757363 0 0 -449053
20585 -44 1673605473 525199 16 756788 0 0 -421001
21891 -62 1673605473 541218 16 756213 0 0 -449149
23009 -75 1673605473 557220 16 755638 0 0 -449082
24014 -69 1673605473 589218 16 755063 0 0 -449089
24596 -63 1673605473 605196 16 754488 0 0 -421061
24823 -75 1673605473 621192 16 753913 0 0 -449119
24715 -63 1673605473 637193 16 753338 0 0 -450268
24356 -90 1673605473 669173 16 752763 0 0 -449333
23490 -70 1673605473 685197 16 752188 0 0 -421271
22411 -73 1673605473 701199 16 751613 0 0 -449238
20887 -85 1673605473 717193 16 751038 0 0 -449161
19570 -82 1673605473 749498 16 750463 0 0 -449249
18031 -100 1673605473 765174 16 749888 0 0 -420915
16519 -69 1673605473 781180 16 749313 0 0 -450150
14764 -92 1673605473 813101 16 748738 0 0 -450051
13178 -93 1673605473 829101 16 748163 0 0 -422031
12075 -81 1673605473 845100 16 747588 0 0 -422034
11063 -82 1673605473 861144 16 747013 0 0 -450096
10650 -84 1673605473 893122 16 746438 0 0 -450026
10376 -96 1673605473 909124 16 745863 0 0 -421976
10379 -87 1673605473 925116 16 745288 0 0 -421948
10777 -88 1673605473 941119 16 744713 0 0 -450318
11559 -78 1673605473 973099 16 744138 0 0 -449147
12611 -71 1673605473 989096 16 743563 0 0 -421109
13929 -69 1673605474 5095 16 742988 0 0 -449126
15217 -46 1673605474 21017 16 742413 0 0 -449130
16999 -87 1673605474 53101 16 741838 0 0 -449401
18704 -59 1673605474 69083 16 741263 0 0 -421406
20604 -72 1673605474 85091 16 740688 0 0 -449526
21882 -57 1673605474 101087 16 740113 0 0 -449505
22967 -75 1673605474 133093 16 739538 0 0 -449491
23700 -48 1673605474 149064 16 738964 0 0 -421371
24307 -66 1673605474 165059 16 738389 0 0 -449531
24742 -83 1673605474 181066 16 737814 0 0 -449538
24671 -87 1673605474 213055 16 737239 0 0 -449510
24091 -77 1673605474 229103 16 736664 0 0 -421169
23400 -91 1673605474 244980 16 736089 0 0 -449151
22430 -80 1673605474 261039 16 735514 0 0 -449522
20980 -84 1673605474 293039 16 734939 0 0 -449344
19256 -97 1673605474 309037 16 734364 0 0 -421254
17473 -82 1673605474 324981 16 733789 0 0 -449391
15539 -91 1673605474 341018 16 733214 0 0 -449486
14107 -76 1673605474 373105 16 732639 0 0 -449339
12952 -89 1673605474 389099 16 732064 0 0 -421212
11896 -92 1673605474 405104 16 731489 0 0 -449299
10970 -81 1673605474 437108 16 730914 0 0 -449450
10445 -99 1673605474 453106 16 730339 0 0 -420935
10384 -94 1673605474 469105 16 729764 0 0 -421148
10699 -80 1673605474 485089 16 729189 0 0 -449228
11509 -82 1673605474 517020 16 728614 0 0 -449277
12428 -76 1673605474 533069 16 728039 0 0 -421064
13599 -82 1673605474 549067 16 727464 0 0 -421022
15314 -61 1673605474 565036 16 726889 0 0 -449182
17557 -72 1673605474 597057 16 726314 0 0 -449270
19755 -90 1673605474 613120 16 725739 0 0 -421193
21560 -68 1673605474 628981 16 725164 0 0 -449052
22717 -74 1673605474 644974 16 724589 0 0 -449537
23274 -73 1673605474 677046 16 724014 0 0 -449558
24152 -65 1673605474 693019 16 723439 0 0 -421363
24684 -62 1673605474 709019 16 722864 0 0 -449473
24713 -74 1673605474 724961 16 722289 0 0 -449645
24111 -98 1673605474 757031 16 721714 0 0 -449842
23207 -87 1673605474 772997 16 721139 0 0 -421596
21900 -64 1673605474 788978 16 720564 0 0 -449810
20315 -94 1673605474 804979 16 719989 0 0 -450097
18803 -84 1673605474 836979 16 719414 0 0 -449601
17351 -79 1673605474 852979 16 718839 0 0 -421500
15500 -81 1673605474 868956 16 718264 0 0 -449640
14200 -67 1673605474 884934 16 717689 0 0 -449625
12610 -80 1673605474 916933 16 717115 0 0 -449605
11524 -88 1673605474 932928 16 716540 0 0 -421325
10757 -84 1673605474 948906 16 715965 0 0 -449480
10411 -57 1673605474 964910 16 715390 0 0 -449438
10388 -74 1673605474 996906 16 714815 0 0 -449357
10753 -92 1673605475 12914 16 714240 0 0 -421288
11429 -95 1673605475 28908 16 713665 0 0 -449336
12563 -64 1673605475 60905 16 713090 0 0 -449357
13894 -62 1673605475 76904 16 712515 0 0 -421203
15495 -63 1673605475 92912 16 711940 0 0 -421227
16957 -63 1673605475 108914 16 711365 0 0 -449274
18731 -74 1673605475 140923 16 710790 0 0 -449250
20290 -57 1673605475 156930 16 710215 0 0 -421088
21478 -68 1673605475 172930 16 709640 0 0 -421078
22959 -71 1673605475 188931 16 709065 0 0 -449150
24015 -81 1673605475 220855 16 708490 0 0 -449175
24648 -75 1673605475 236854 16 707915 0 0 -421145
24796 -70 1673605475 252857 16 707340 0 0 -449222
24633 -60 1673605475 268856 16 706765 0 0 -449208
24173 -54 1673605475 300809 16 706190 0 0 -449239
23404 -79 1673605475 316808 16 705615 0 0 -421211
21868 -73 1673605475 332807 16 705040 0 0 -449299
20372 -81 1673605475 348806 16 704465 0 0 -449327
19070 -85 1673605475 380780 16 703890 0 0 -449330
17543 -97 1673605475 396723 16 703315 0 0 -421281
15926 -84 1673605475 412781 16 702740 0 0 -449491
14576 -87 1673605475 428776 16 702165 0 0 -449284
13295 -75 1673605475 460757 16 701590 0 0 -449312
11891 -80 1673605475 476767 16 701015 0 0 -421249
11009 -90 1673605475 492764 16 700440 0 0 -449249
10522 -83 1673605475 508699 16 699865 0 0 -449256
10358 -81 1673605475 540783 16 699290 0 0 -449482
10586 -68 1673605475 556759 16 698715 0 0 -421329
11147 -63 1673605475 572674 16 698140 0 0 -449466
12234 -87 1673605475 604722 16 697565 0 0 -449565
13389 -67 1673605475 620772 16 696990 0 0 -421650
14245 -79 1673605475 636787 16 696415 0 0 -421458
15764 -55 1673605475 652763 16 695840 0 0 -449464
17709 -74 1673605475 684744 16 695265 0 0 -449584
19100 -61 1673605475 700714 16 694691 0 0 -421465
20661 -56 1673605475 716729 16 694116 0 0 -421341
22462 -84 1673605475 732724 16 693541 0 0 -449439
23513 -76 1673605475 764736 16 692966 0 0 -449372
24276 -63 1673605475 780748 16 692391 0 0 -420985
24708 -70 1673605475 796747 16 691816 0 0 -449061
24770 -70 1673605475 812687 16 691241 0 0 -449240
24292 -67 1673605475 844736 16 690666 0 0 -449504
23469 -73 1673605475 860736 16 690091 0 0 -421300
22412 -88 1673605475 876707 16 689516 0 0 -449409
21302 -88 1673605475 892707 16 688941 0 0 -449405
19311 -106 1673605475 924712 16 688366 0 0 -449458
17479 -93 1673605475 940685 16 687791 0 0 -421359
15864 -84 1673605475 956713 16 687216 0 0 -449541
14326 -71 1673605475 972684 16 686641 0 0 -449485
12686 -69 1673605476 4686 16 686066 0 0 -449584
11656 -77 1673605476 20710 16 685491 0 0 -421294
10832 -72 1673605476 36690 16 684916 0 0 -449329
10395 -72 1673605476 52667 16 684341 0 0 -449400
10506 -81 1673605476 84649 16 683766 0 0 -449378
11243 -74 1673605476 100635 16 683191 0 0 -421318
12594 -64 1673605476 116649 16 682616 0 0 -449448
13955 -76 1673605476 132651 16 682041 0 0 -449304
15399 -56 1673605476 164619 16 681466 0 0 -449395
17020 -55 1673605476 180630 16 680891 0 0 -421245
18825 -64 1673605476 196648 16 680316 0 0 -449284
20545 -69 1673605476 228593 16 679741 0 0 -449305
21931 -50 1673605476 244567 16 679166 0 0 -421207
23052 -58 1673605476 260587 16 678591 0 0 -421218
23945 -47 1673605476 276588 16 678016 0 0 -449208
24605 -65 1673605476 308506 16 677441 0 0 -449155
24765 -84 1673605476 324589 16 676866 0 0 -421200
24610 -75 1673605476 340573 16 676291 0 0 -420917
24029 -73 1673605476 356570 16 675716 0 0 -449022
23091 -76 1673605476 388546 16 675141 0 0 -449071
21881 -70 1673605476 404557 16 674566 0 0 -421079
20516 -73 1673605476 420499 16 673991 0 0 -449068
18676 -77 1673605476 436546 16 673416 0 0 -449181
16817 -80 1673605476 468494 16 672842 0 0 -448989
14706 -92 1673605476 484451 16 672267 0 0 -420962
13191 -89 1673605476 500526 16 671692 0 0 -449118
11892 -82 1673605476 516523 16 671117 0 0 -449145
11127 -71 1673605476 548510 16 670542 0 0 -449100
10483 -87 1673605476 564547 16 669967 0 0 -421025
10424 -88 1673605476 580451 16 669392 0 0 -448950
10803 -72 1673605476 596514 16 668817 0 0 -449328
11630 -56 1673605476 628491 16 668242 0 0 -448903
12695 -67 1673605476 644398 16 667667 0 0 -421109
13942 -76 1673605476 660417 16 667092 0 0 -449468
14831 -70 1673605476 676445 16 666517 0 0 -449250
16186 -73 1673605476 708385 16 665942 0 0 -449414
17995 -80 1673605476 724471 16 665367 0 0 -421380
19786 -77 1673605476 740468 16 664792 0 0 -449144
21236 -62 1673605476 756453 16 664217 0 0 -449284
22706 -66 1673605476 788452 16 663642 0 0 -448998
23703 -71 1673605476 804417 16 663067 0 0 -421143
24446 -62 1673605476 820414 16 662492 0 0 -449322
24744 -70 1673605476 852454 16 661917 0 0 -449004
24684 -53 1673605476 868403 16 661342 0 0 -420960
24233 -73 1673605476 884384 16 660767 0 0 -421237
23574 -99 1673605476 900371 16 660192 0 0 -449328
22840 -99 1673605476 932389 16 659617 0 0 -449673
21916 -94 1673605476 948370 16 659042 0 0 -421571
20489 -97 1673605476 964415 16 658467 0 0 -421585
18672 -68 1673605476 980409 16 657892 0 0 -449503
17201 -87 1673605477 12372 16 657317 0 0 -449401
15434 -91 1673605477 28333 16 656742 0 0 -421347
14060 -85 1673605477 44382 16 656167 0 0 -449595
12837 -74 1673605477 60397 16 655592 0 0 -449244
11642 -73 1673605477 92386 16 655017 0 0 -449125
10787 -74 1673605477 108287 16 654442 0 0 -421012
10411 -88 1673605477 124375 16 653867 0 0 -449454
10418 -76 1673605477 140348 16 653292 0 0 -449080
10824 -85 1673605477 172344 16 652717 0 0 -449333
11378 -51 1673605477 188337 16 652142 0 0 -421239
12449 -57 1673605477 204304 16 651567 0 0 -449307
13828 -67 1673605477 220277 16 650992 0 0 -449286
15376 -60 1673605477 252281 16 650418 0 0 -449454
17087 -62 1673605477 268300 16 649843 0 0 -421427
18875 -68 1673605477 284263 16 649268 0 0 -449427
20914 -69 1673605477 300254 16 648693 0 0 -449208
22283 -76 1673605477 332248 16 648118 0 0 -449547
23634 -87 1673605477 348259 16 647543 0 0 -421381
24315 -50 1673605477 364264 16 646968 0 0 -449415
24653 -67 1673605477 380179 16 646393 0 0 -449373
24768 -81 1673605477 412242 16 645818 0 0 -449557
24596 -84 1673605477 428249 16 645243 0 0 -421428
23920 -65 1673605477 444241 16 644668 0 0 -449483
22983 -91 1673605477 476224 16 644093 0 0 -449578
21552 -81 1673605477 492214 16 643518 0 0 -421387
20300 -73 1673605477 508192 16 642943 0 0 -421390
18640 -97 1673605477 524203 16 642368 0 0 -449538
16963 -71 1673605477 556206 16 641793 0 0 -449538
15138 -95 1673605477 572206 16 641218 0 0 -421477
13637 -89 1673605477 588205 16 640643 0 0 -421177
12192 -88 1673605477 604177 16 640068 0 0 -449312
11115 -74 1673605477 636183 16 639493 0 0 -449435
10568 -76 1673605477 652170 16 638918 0 0 -421325
10376 -78 1673605477 668160 16 638343 0 0 -449432
10540 -76 1673605477 684165 16 637768 0 0 -449432
11145 -77 1673605477 716143 16 637193 0 0 -449337
12123 -90 1673605477 732130 16 636618 0 0 -421319
13544 -74 1673605477 748133 16 636043 0 0 -449444
15388 -59 1673605477 764092 16 635468 0 0 -449433
17285 -63 1673605477 796097 16 634893 0 0 -449574
19085 -57 1673605477 812031 16 634318 0 0 -421395
20813 -54 1673605477 828118 16 633743 0 0 -449709
22373 -83 1673605477 844094 16 633168 0 0 -449360
23540 -71 1673605477 876086 16 632593 0 0 -449409
24290 -77 1673605477 892082 16 632018 0 0 -421357
24680 -61 1673605477 908117 16 631443 0 0 -449428
24676 -58 1673605477 924098 16 630868 0 0 -449260
24195 -49 1673605477 956099 16 630293 0 0 -449337
23205 -65 1673605477 972069 16 629718 0 0 -421116
21369 -73 1673605477 988041 16 629143 0 0 -449302
19227 -84 1673605478 25251 16 628568 0 0 -449168
17474 -89 1673605478 38102 16 627994 0 0 -417422
15881 -72 1673605478 51993 16 627419 0 0 -431097
14370 -85 1673605478 67971 16 626844 0 0 -467692
12741 -86 1673605478 100006 16 626269 0 0 -467755
11566 -100 1673605478 115974 16 625694 0 0 -439771
10734 -69 1673605478 132002 16 625119 0 0 -439817
10420 -84 1673605478 148001 16 624544 0 0 -467795
10479 -83 1673605478 180022 16 623969 0 0 -467694
10862 -76 1673605478 196029 16 623394 0 0 -439500
11634 -57 1673605478 211874 16 622819 0 0 -471525
13132 -60 1673605478 227977 16 622244 0 0 -458315
14941 -61 1673605478 259951 16 621669 0 0 -449430
16795 -56 1673605478 275946 16 621094 0 0 -421300
18659 -63 1673605478 291951 16 620519 0 0 -449424
20425 -75 1673605478 307951 16 619944 0 0 -449294
21720 -77 1673605478 339955 16 619369 0 0 -449392
23296 -59 1673605478 355940 16 618794 0 0 -421309
24155 -62 1673605478 371951 16 618219 0 0 -449456
24639 -51 1673605478 387956 16 617644 0 0 -449442
24712 -66 1673605478 419948 16 617069 0 0 -448875
24448 -79 1673605478 435954 16 616494 0 0 -421166
23896 -65 1673605478 451952 16 615919 0 0 -449198
23013 -87 1673605478 467953 16 615344 0 0 -449187
21583 -67 1673605478 499880 16 614769 0 0 -449201
20053 -47 1673605478 515867 16 614194 0 0 -421189
18214 -95 1673605478 531885 16 613619 0 0 -449315
16583 -64 1673605478 547914 16 613044 0 0 -449199
15099 -81 1673605478 579781 16 612469 0 0 -449136
13671 -86 1673605478 595797 16 611894 0 0 -421194
12329 -74 1673605478 611764 16 611319 0 0 -449207
11453 -102 1673605478 643827 16 610744 0 0 -449345
10883 -76 1673605478 659822 16 610169 0 0 -421206
10440 -71 1673605478 675804 16 609594 0 0 -421227
10397 -82 1673605478 691820 16 609019 0 0 -449302
10711 -72 1673605478 723827 16 608444 0 0 -449201
11485 -63 1673605478 739823 16 607869 0 0 -421182
12240 -48 1673605478 755803 16 607294 0 0 -421297
13401 -61 1673605478 771801 16 606719 0 0 -449326
14850 -66 1673605478 803796 16 606145 0 0 -449292
16408 -69 1673605478 819777 16 605570 0 0 -421104
17880 -60 1673605478 835805 16 604995 0 0 -449302
19528 -60 1673605478 851781 16 604420 0 0 -449186
20986 -68 1673605478 883775 16 603845 0 0 -449208
22438 -67 1673605478 899730 16 603270 0 0 -421193
23633 -61 1673605478 915672 16 602695 0 0 -449433
24314 -63 1673605478 931755 16 602120 0 0 -449624
24712 -80 1673605478 963685 16 601545 0 0 -449264
24730 -61 1673605478 979689 16 600970 0 0 -421340
24438 -65 1673605478 995688 16 600395 0 0 -449397
23580 -66 1673605479 11683 16 599820 0 0 -449334
22168 -65 1673605479 43721 16 599245 0 0 -449450
20907 -75 1673605479 59726 16 598670 0 0 -421256
19760 -84 1673605479 75731 16 598095 0 0 -449309
17937 -83 1673605479 91671 16 597520 0 0 -449133
16439 -99 1673605479 123724 16 596945 0 0 -449141
14661 -87 1673605479 139707 16 596370 0 0 -421308
12957 -78 1673605479 155682 16 595795 0 0 -449382
11737 -95 1673605479 171699 16 595220 0 0 -449484
11023 -74 1673605479 203701 16 594645 0 0 -449421
10537 -82 1673605479 219712 16 594070 0 0 -421325
10393 -96 1673605479 235683 16 593495 0 0 -449396
10619 -82 1673605479 267682 16 592920 0 0 -449516
11483 -82 1673605479 283535 16 592345 0 0 -421458
12342 -67 1673605479 299647 16 591770 0 0 -421767
13396 -79 1673605479 315724 16 591195 0 0 -449500
14536 -74 1673605479 347613 16 590620 0 0 -449171
16106 -59 1673605479 363593 16 590045 0 0 -421105
17694 -73 1673605479 379585 16 589470 0 0 -421235
19782 -50 1673605479 395584 16 588895 0 0 -449341
21623 -57 1673605479 427625 16 588320 0 0 -449383
22780 -64 1673605479 443600 16 587745 0 0 -421169
23725 -71 1673605479 459539 16 587170 0 0 -449332
24402 -60 1673605479 475510 16 586595 0 0 -449026
24706 -80 1673605479 507582 16 586020 0 0 -449518
24392 -65 1673605479 523553 16 585446 0 0 -421599
23381 -87 1673605479 539575 16 584870 0 0 -449777
22383 -73 1673605479 555556 16 584295 0 0 -449630
21113 -69 1673605479 587541 16 583721 0 0 -449571
19321 -74 1673605479 603537 16 583146 0 0 -421504
17500 -81 1673605479 619516 16 582571 0 0 -449631
15453 -75 1673605479 635446 16 581996 0 0 -449617
13772 -68 1673605479 667525 16 581421 0 0 -449648
12522 -85 1673605479 683525 16 580846 0 0 -421401
11566 -94 1673605479 699508 16 580271 0 0 -449589
10816 -79 1673605479 715505 16 579696 0 0 -449449
10450 -78 1673605479 747510 16 579121 0 0 -449537
10416 -109 1673605479 763461 16 578546 0 0 -421487
10912 -79 1673605479 779462 16 577971 0 0 -449723
11816 -83 1673605479 811466 16 577396 0 0 -449705
12852 -76 1673605479 827480 16 576821 0 0 -421552
14609 -84 1673605479 843481 16 576246 0 0 -421256
16496 -48 1673605479 859423 16 575671 0 0 -449397
18097 -41 1673605479 891454 16 575096 0 0 -449602
19577 -57 1673605479 907478 16 574521 0 0 -421439
21343 -52 1673605479 923451 16 573946 0 0 -421344
22694 -45 1673605479 939480 16 573371 0 0 -449520
23771 -74 1673605479 971452 16 572796 0 0 -449245
24425 -79 1673605479 987453 16 572221 0 0 -421197
24731 -76 1673605480 3432 16 571646 0 0 -449274
24589 -80 1673605480 19457 16 571071 0 0 -449396
24042 -81 1673605480 51435 16 570496 0 0 -449312
23089 -80 1673605480 67406 16 569921 0 0 -421051
22010 -59 1673605480 83427 16 569346 0 0 -449257
20373 -71 1673605480 99436 16 568771 0 0 -449267
18415 -81 1673605480 131388 16 568196 0 0 -449141
16128 -89 1673605480 147434 16 567621 0 0 -421208
14359 -94 1673605480 163469 16 567046 0 0 -449099
12879 -113 1673605480 179399 16 566471 0 0 -448980
11697 -98 1673605480 211392 16 565896 0 0 -449153
11097 -88 1673605480 227359 16 565321 0 0 -421170
10602 -83 1673605480 243379 16 564746 0 0 -449343
10398 -83 1673605480 259396 16 564171 0 0 -449171
10682 -85 1673605480 291408 16 563596 0 0 -449185
11333 -71 1673605480 307347 16 563021 0 0 -421130
12456 -87 1673605480 323376 16 562446 0 0 -449379
13523 -68 1673605480 339373 16 561872 0 0 -449341
15069 -79 1673605480 371380 16 561297 0 0 -449474
16733 -64 1673605480 387355 16 560722 0 0 -421145
18443 -60 1673605480 403353 16 560147 0 0 -449303
20307 -57 1673605480 435330 16 559572 0 0 -449194
21929 -55 1673605480 451328 16 558997 0 0 -421208
23205 -48 1673605480 467347 16 558422 0 0 -421274
23940 -70 1673605480 483296 16 557847 0 0 -449294
24566 -82 1673605480 515300 16 557272 0 0 -449259
24707 -64 1673605480 531275 16 556697 0 0 -421379
24355 -89 1673605480 547412 16 556122 0 0 -421456
23643 -95 1673605480 563306 16 555547 0 0 -449061
22907 -87 1673605480 595350 16 554972 0 0 -449348
21714 -81 1673605480 611224 16 554397 0 0 -421226
20247 -90 1673605480 627322 16 553822 0 0 -449728
17999 -79 1673605480 643331 16 553247 0 0 -449379
16288 -79 1673605480 675321 16 552672 0 0 -449414
14753 -82 1673605480 691313 16 552097 0 0 -421167
13211 -85 1673605480 707301 16 551522 0 0 -449275
12141 -86 1673605480 723307 16 550947 0 0 -449229
11159 -90 1673605480 755267 16 550372 0 0 -449685
10534 -81 1673605480 771257 16 549797 0 0 -421269
10414 -89 1673605480 787262 16 549222 0 0 -449419
10644 -83 1673605480 803261 16 548647 0 0 -448956
11692 -75 1673605480 835221 16 548072 0 0 -449301
12835 -63 1673605480 851216 16 547497 0 0 -421292
13628 -65 1673605480 867216 16 546922 0 0 -449377
15631 -65 1673605480 883219 16 546347 0 0 -449349
17338 -63 1673605480 915187 16 545772 0 0 -449296
19102 -64 1673605480 931197 16 545197 0 0 -421269
20695 -67 1673605480 947196 16 544622 0 0 -449275
21909 -57 1673605480 963299 16 544047 0 0 -449243
22936 -49 1673605480 995178 16 543472 0 0 -448902
24177 -58 1673605481 11094 16 542897 0 0 -420929
24649 -59 1673605481 27180 16 542322 0 0 -449266
24711 -71 1673605481 59163 16 541747 0 0 -448948
24345 -86 1673605481 75180 16 541173 0 0 -420838
23768 -86 1673605481 91166 16 540597 0 0 -420887
22761 -69 1673605481 107168 16 540022 0 0 -448984
21473 -75 1673605481 139172 16 539447 0 0 -449012
19759 -68 1673605481 155169 16 538873 0 0 -420880
18362 -65 1673605481 171176 16 538298 0 0 -421250
17070 -85 1673605481 187148 16 537723 0 0 -449195
15411 -85 1673605481 219148 16 537148 0 0 -448997
13834 -87 1673605481 235093 16 536573 0 0 -421221
12360 -87 1673605481 251102 16 535998 0 0 -449525
11227 -84 1673605481 267077 16 535423 0 0 -449455
10530 -68 1673605481 299105 16 534848 0 0 -449494
10444 -78 1673605481 315100 16 534273 0 0 -421400
10779 -72 1673605481 331087 16 533698 0 0 -449546
11390 -63 1673605481 347169 16 533123 0 0 -449581
12552 -64 1673605481 379097 16 532548 0 0 -449320
14323 -60 1673605481 395115 16 531973 0 0 -421208
16165 -70 1673605481 411097 16 531398 0 0 -449221
17935 -74 1673605481 427067 16 530823 0 0 -449091
19357 -65 1673605481 459058 16 530248 0 0 -449228
20861 -72 1673605481 475047 16 529673 0 0 -421072
22511 -48 1673605481 491085 16 529098 0 0 -449211
23799 -53 1673605481 507084 16 528523 0 0 -449061
24528 -83 1673605481 539061 16 527948 0 0 -449018
24676 -59 1673605481 555057 16 527373 0 0 -421249
24526 -69 1673605481 571054 16 526798 0 0 -449276
24101 -74 1673605481 602987 16 526223 0 0 -449349
23269 -69 1673605481 619023 16 525648 0 0 -421269
21749 -83 1673605481 635039 16 525073 0 0 -421037
19893 -100 1673605481 651039 16 524498 0 0 -449049
17951 -82 1673605481 682987 16 523923 0 0 -449011
16454 -90 1673605481 698987 16 523348 0 0 -421113
15284 -89 1673605481 714986 16 522773 0 0 -421110
14056 -81 1673605481 730961 16 522198 0 0 -449169
12363 -69 1673605481 762993 16 521623 0 0 -449243
11340 -67 1673605481 778945 16 521048 0 0 -421128
10740 -79 1673605481 794927 16 520473 0 0 -449315
10440 -90 1673605481 810975 16 519898 0 0 -449504
10470 -79 1673605481 842984 16 519323 0 0 -449392
10741 -87 1673605481 858940 16 518749 0 0 -421259
11308 -84 1673605481 874907 16 518173 0 0 -449542
12354 -65 1673605481 890988 16 517599 0 0 -449561
13733 -51 1673605481 922986 16 517024 0 0 -449274
15830 -62 1673605481 938973 16 516449 0 0 -421112
17194 -60 1673605481 954989 16 515874 0 0 -449262
18947 -69 1673605481 970992 16 515299 0 0 -449037
20705 -84 1673605482 2990 16 514724 0 0 -448963
22100 -82 1673605482 18975 16 514149 0 0 -421057
23517 -73 1673605482 35207 16 513574 0 0 -449242
24420 -89 1673605482 50968 16 512999 0 0 -448187
24723 -81 1673605482 82868 16 512424 0 0 -449020
24676 -77 1673605482 98869 16 511849 0 0 -421315
24273 -62 1673605482 114865 16 511274 0 0 -449386
23339 -75 1673605482 130887 16 510699 0 0 -449354
21837 -87 1673605482 162867 16 510124 0 0 -449333
20309 -92 1673605482 178786 16 509549 0 0 -421285
18847 -96 1673605482 194845 16 508974 0 0 -449645
17604 -86 1673605482 226865 16 508399 0 0 -449386
16222 -92 1673605482 242854 16 507824 0 0 -422095
14867 -66 1673605482 258832 16 507249 0 0 -421282
13443 -89 1673605482 274875 16 506674 0 0 -449348
11752 -77 1673605482 306861 16 506099 0 0 -449201
10822 -69 1673605482 322833 16 505524 0 0 -421123
10467 -85 1673605482 338841 16 504949 0 0 -421298
10394 -86 1673605482 354812 16 504374 0 0 -449329
10540 -80 1673605482 386811 16 503799 0 0 -449145
11067 -78 1673605482 402788 16 503224 0 0 -421276
11975 -69 1673605482 418767 16 502649 0 0 -449451
13804 -73 1673605482 434764 16 502074 0 0 -449486
15123 -67 1673605482 466775 16 501499 0 0 -449419
16101 -72 1673605482 482761 16 500924 0 0 -421484
17299 -84 1673605482 498745 16 500349 0 0 -449597
18766 -61 1673605482 514742 16 499774 0 0 -449554
20665 -51 1673605482 546761 16 499199 0 0 -449593
22163 -59 1673605482 562731 16 498624 0 0 -421398
23249 -62 1673605482 578727 16 498049 0 0 -449579
24055 -61 1673605482 594730 16 497474 0 0 -449512
24549 -68 1673605482 626729 16 496899 0 0 -449428
24682 -66 1673605482 642724 16 496325 0 0 -421293
24468 -60 1673605482 658635 16 495750 0 0 -449397
23330 -88 1673605482 674711 16 495175 0 0 -449662
22067 -88 1673605482 706708 16 494600 0 0 -449340
21119 -82 1673605482 722683 16 494025 0 0 -421256
20277 -77 1673605482 738688 16 493450 0 0 -449436
18524 -79 1673605482 754685 16 492875 0 0 -449313
16537 -92 1673605482 786691 16 492300 0 0 -449310
14171 -104 1673605482 802665 16 491725 0 0 -421239
12338 -79 1673605482 818663 16 491150 0 0 -449455
11683 -92 1673605482 850639 16 490575 0 0 -449444
11175 -82 1673605482 866644 16 490000 0 0 -421075
10575 -78 1673605482 882643 16 489425 0 0 -421323
10454 -90 1673605482 898643 16 488850 0 0 -449400
10866 -84 1673605482 930613 16 488275 0 0 -449312
11816 -67 1673605482 946699 16 487700 0 0 -421280
12822 -65 1673605482 962572 16 487125 0 0 -420969
13715 -61 1673605482 978552 16 486550 0 0 -449500
15197 -67 1673605483 10610 16 485975 0 0 -449479
16963 -80 1673605483 26583 16 485400 0 0 -421345
19103 -71 1673605483 42615 16 484825 0 0 -449495
20874 -68 1673605483 58535 16 484250 0 0 -449400
22365 -57 1673605483 90615 16 483675 0 0 -449679
23438 -51 1673605483 106593 16 483100 0 0 -421532
24314 -88 1673605483 122595 16 482525 0 0 -449660
24667 -63 1673605483 138592 16 481950 0 0 -449953
24570 -74 1673605483 170593 16 481375 0 0 -449514
23861 -62 1673605483 186557 16 480800 0 0 -421367
22803 -68 1673605483 202529 16 480225 0 0 -449620
21566 -79 1673605483 218549 16 479650 0 0 -449624
19937 -91 1673605483 250479 16 479075 0 0 -449666
17690 -77 1673605483 266470 16 478500 0 0 -421369
15468 -84 1673605483 282470 16 477925 0 0 -449547
13425 -99 1673605483 298470 16 477350 0 0 -449470
12031 -98 1673605483 330466 16 476775 0 0 -449477
11147 -75 1673605483 346514 16 476200 0 0 -421393
10534 -86 1673605483 362455 16 475625 0 0 -449302
10513 -74 1673605483 394413 16 475050 0 0 -449384
11109 -62 1673605483 410449 16 474476 0 0 -421197
12353 -69 1673605483 426448 16 473900 0 0 -421239
13900 -60 1673605483 442422 16 473326 0 0 -449159
15517 -50 1673605483 474472 16 472751 0 0 -449219
17046 -63 1673605483 490468 16 472176 0 0 -421099
19007 -49 1673605483 506482 16 471601 0 0 -421113
20731 -62 1673605483 522425 16 471026 0 0 -449136
22508 -74 1673605483 554471 16 470451 0 0 -449505
23701 -62 1673605483 570454 16 469876 0 0 -421181
24394 -75 1673605483 586464 16 469301 0 0 -449329
24674 -74 1673605483 602352 16 468726 0 0 -449322
24653 -77 1673605483 634386 16 468151 0 0 -449812
23999 -87 1673605483 650381 16 467576 0 0 -421615
22985 -91 1673605483 666402 16 467001 0 0 -449752
21682 -84 1673605483 682350 16 466426 0 0 -449665
20550 -77 1673605483 714359 16 465851 0 0 -449897
19022 -81 1673605483 730417 16 465276 0 0 -421612
17454 -87 1673605483 746339 16 464701 0 0 -449526
15657 -91 1673605483 762246 16 464126 0 0 -449741
13969 -87 1673605483 794349 16 463551 0 0 -450104
12643 -87 1673605483 810358 16 462976 0 0 -421542
11648 -97 1673605483 826359 16 462401 0 0 -449617
10965 -102 1673605483 842328 16 461826 0 0 -449596
10512 -94 1673605483 874388 16 461251 0 0 -449778
10436 -85 1673605483 890358 16 460676 0 0 -421467
10737 -85 1673605483 906369 16 460101 0 0 -449656
11368 -81 1673605483 922346 16 459526 0 0 -449820
12347 -71 1673605483 954344 16 458951 0 0 -449626
13556 -70 1673605483 970323 16 458376 0 0 -421223
15012 -68 1673605483 986324 16 457801 0 0 -449463
16330 -66 1673605484 18299 16 457226 0 0 -449491
17810 -54 1673605484 34361 16 456651 0 0 -421441
19840 -36 1673605484 50304 16 456076 0 0 -421115
21340 -80 1673605484 66304 16 455501 0 0 -449444
22400 -76 1673605484 98342 16 454926 0 0 -449339
23145 -71 1673605484 114174 16 454351 0 0 -421268
23922 -76 1673605484 130356 16 453776 0 0 -421783
24502 -76 1673605484 146303 16 453201 0 0 -449226
24632 -64 1673605484 178291 16 452627 0 0 -449241
24164 -88 1673605484 194265 16 452052 0 0 -421179
23500 -66 1673605484 210253 16 451476 0 0 -449422
22570 -92 1673605484 226263 16 450902 0 0 -449583
21400 -71 1673605484 258210 16 450327 0 0 -449347
19796 -77 1673605484 274249 16 449752 0 0 -421318
17888 -70 1673605484 290225 16 449177 0 0 -449291
16152 -67 1673605484 306224 16 448602 0 0 -448779
14598 -79 1673605484 338225 16 448027 0 0 -449414
13445 -77 1673605484 354216 16 447452 0 0 -421249
12228 -72 1673605484 370210 16 446877 0 0 -449346
11373 -78 1673605484 386182 16 446302 0 0 -449178
10680 -73 1673605484 418180 16 445727 0 0 -449332
10466 -76 1673605484 434173 16 445152 0 0 -421292
10536 -98 1673605484 450188 16 444577 0 0 -449347
10899 -92 1673605484 466159 16 444002 0 0 -449431
11227 -74 1673605484 498158 16 443427 0 0 -449448
12081 -79 1673605484 514108 16 442852 0 0 -421369
13086 -75 1673605484 530272 16 442277 0 0 -449622
14985 -74 1673605484 546217 16 441702 0 0 -449021
16997 -66 1673605484 578157 16 441127 0 0 -449194
18360 -93 1673605484 594139 16 440552 0 0 -421072
19533 -69 1673605484 610155 16 439977 0 0 -449210
21072 -69 1673605484 642155 16 439402 0 0 -449129
22549 -72 1673605484 658119 16 438827 0 0 -421105
23619 -91 1673605484 674128 16 438252 0 0 -421130
24460 -83 1673605484 690130 16 437677 0 0 -449174
24662 -67 1673605484 722127 16 437102 0 0 -448991
24391 -67 1673605484 738117 16 436527 0 0 -421487
23611 -76 1673605484 754101 16 435952 0 0 -421328
22304 -92 1673605484 770071 16 435377 0 0 -449408
20777 -58 1673605484 802102 16 434802 0 0 -449450
18755 -79 1673605484 818101 16 434227 0 0 -421403
16491 -87 1673605484 834084 16 433652 0 0 -449483
15070 -82 1673605484 850076 16 433077 0 0 -449416
13704 -90 1673605484 882066 16 432502 0 0 -449475
12515 -73 1673605484 898076 16 431927 0 0 -421415
11352 -82 1673605484 914061 16 431352 0 0 -449453
10616 -55 1673605484 930151 16 430777 0 0 -449471
10466 -59 1673605484 962058 16 430203 0 0 -449004
10760 -79 1673605484 978059 16 429628 0 0 -420904
11410 -84 1673605484 994061 16 429053 0 0 -449004
12317 -85 1673605485 10071 16 428478 0 0 -448993
13376 -49 1673605485 42066 16 427903 0 0 -448898
14948 -66 1673605485 58033 16 427328 0 0 -420798
17007 -75 1673605485 74047 16 426753 0 0 -448982
18603 -72 1673605485 90050 16 426178 0 0 -448968
19947 -80 1673605485 122044 16 425603 0 0 -448905
21451 -67 1673605485 138000 16 425028 0 0 -421245
22923 -75 1673605485 154018 16 424453 0 0 -449394
24048 -81 1673605485 169984 16 423878 0 0 -449334
24609 -88 1673605485 201998 16 423303 0 0 -449461
24618 -65 1673605485 217953 16 422728 0 0 -421408
24265 -79 1673605485 233941 16 422153 0 0 -449638
23474 -69 1673605485 265881 16 421578 0 0 -449564
22435 -80 1673605485 281938 16 421003 0 0 -421590
20591 -79 1673605485 297941 16 420428 0 0 -421401
18774 -75 1673605485 314020 16 419853 0 0 -449461
17012 -92 1673605485 345937 16 419278 0 0 -449030
15651 -93 1673605485 361875 16 418703 0 0 -421090
14013 -83 1673605485 377946 16 418128 0 0 -421189
12685 -79 1673605485 393944 16 417553 0 0 -449030
11442 -90 1673605485 425954 16 416978 0 0 -448878
10613 -87 1673605485 441949 16 416403 0 0 -420751
10548 -83 1673605485 457958 16 415828 0 0 -448792
11179 -79 1673605485 473891 16 415253 0 0 -448960
11933 -71 1673605485 505892 16 414678 0 0 -449207
13336 -48 1673605485 521926 16 414103 0 0 -421405
14940 -65 1673605485 537923 16 413528 0 0 -449290
16979 -75 1673605485 553894 16 412953 0 0 -449082
18566 -63 1673605485 585876 16 412378 0 0 -449432
19590 -70 1673605485 601852 16 411803 0 0 -421364
20821 -59 1673605485 617879 16 411228 0 0 -449534
22097 -83 1673605485 633882 16 410653 0 0 -449421
23538 -73 1673605485 665821 16 410078 0 0 -449442
24280 -46 1673605485 681855 16 409503 0 0 -421184
24607 -74 1673605485 697852 16 408928 0 0 -449142
24609 -72 1673605485 713921 16 408353 0 0 -449271
24254 -60 1673605485 745853 16 407779 0 0 -448922
23619 -62 1673605485 761830 16 407204 0 0 -420804
22409 -96 1673605485 777834 16 406629 0 0 -448945
20816 -85 1673605485 809818 16 406054 0 0 -448847
19461 -73 1673605485 825823 16 405479 0 0 -420879
17675 -88 1673605485 841819 16 404904 0 0 -420872
16113 -93 1673605485 857825 16 404329 0 0 -448909
14678 -69 1673605485 889823 16 403754 0 0 -449007
13342 -81 1673605485 905794 16 403179 0 0 -420922
12074 -94 1673605485 921819 16 402604 0 0 -421362
11183 -85 1673605485 937819 16 402029 0 0 -449291
10632 -78 1673605485 969800 16 401454 0 0 -449210
10439 -63 1673605485 985761 16 400879 0 0 -421165
10585 -105 1673605486 1757 16 400304 0 0 -449364
11107 -73 1673605486 17735 16 399729 0 0 -449396
12115 -74 1673605486 49731 16 399154 0 0 -449459
13459 -56 1673605486 65705 16 398579 0 0 -421407
14834 -55 1673605486 81728 16 398004 0 0 -449573
16426 -85 1673605486 97727 16 397429 0 0 -449391
18142 -73 1673605486 129711 16 396854 0 0 -449482
19574 -67 1673605486 145640 16 396279 0 0 -421420
21319 -66 1673605486 161643 16 395704 0 0 -449729
22745 -62 1673605486 177708 16 395129 0 0 -449582
23857 -81 1673605486 209713 16 394554 0 0 -449340
24442 -60 1673605486 225690 16 393979 0 0 -421183
24645 -78 1673605486 241634 16 393404 0 0 -449336
24552 -77 1673605486 257698 16 392829 0 0 -449442
24170 -84 1673605486 289696 16 392254 0 0 -449299
23264 -88 1673605486 305645 16 391679 0 0 -421221
22173 -73 1673605486 321658 16 391104 0 0 -449463
20706 -79 1673605486 337616 16 390529 0 0 -449167
19299 -69 1673605486 369645 16 389954 0 0 -449325
17727 -88 1673605486 385600 16 389379 0 0 -421451
16068 -97 1673605486 401596 16 388804 0 0 -449690
14204 -80 1673605486 433595 16 388229 0 0 -449623
12806 -83 1673605486 449590 16 387654 0 0 -421350
11856 -86 1673605486 465568 16 387080 0 0 -421494
11004 -90 1673605486 481517 16 386505 0 0 -449646
10563 -81 1673605486 513570 16 385929 0 0 -449744
10485 -87 1673605486 529591 16 385354 0 0 -421667
10842 -65 1673605486 545549 16 384780 0 0 -421348
11500 -76 1673605486 561498 16 384205 0 0 -449597
12447 -65 1673605486 593547 16 383630 0 0 -449618
13826 -58 1673605486 609557 16 383055 0 0 -421485
15470 -56 1673605486 625486 16 382480 0 0 -449525
17264 -60 1673605486 641601 16 381905 0 0 -449856
19459 -73 1673605486 673550 16 381330 0 0 -449378
21651 -61 1673605486 689551 16 380755 0 0 -421069
23503 -83 1673605486 705546 16 380180 0 0 -449188
24356 -69 1673605486 721547 16 379605 0 0 -449377
24649 -68 1673605486 753525 16 379030 0 0 -449225
24474 -76 1673605486 769522 16 378455 0 0 -420989
23945 -73 1673605486 785443 16 377880 0 0 -449118
22897 -64 1673605486 801497 16 377305 0 0 -449432
21293 -69 1673605486 833473 16 376730 0 0 -448993
19558 -90 1673605486 849466 16 376155 0 0 -421339
17979 -60 1673605486 865475 16 375580 0 0 -449395
16098 -77 1673605486 881419 16 375005 0 0 -449366
14312 -63 1673605486 913442 16 374430 0 0 -449546
12827 -82 1673605486 929401 16 373855 0 0 -421453
11499 -75 1673605486 945480 16 373280 0 0 -449654
10604 -77 1673605486 961516 16 372705 0 0 -449368
10553 -85 1673605486 993477 16 372130 0 0 -448963
11038 -67 1673605487 9464 16 371555 0 0 -421110
11862 -74 1673605487 25466 16 370980 0 0 -449211
13552 -71 1673605487 57459 16 370405 0 0 -449179
15786 -64 1673605487 73422 16 369830 0 0 -421141
18476 -54 1673605487 89431 16 369255 0 0 -421074
20604 -66 1673605487 105417 16 368680 0 0 -449139
22251 -50 1673605487 137439 16 368105 0 0 -449044
23223 -65 1673605487 153384 16 367530 0 0 -421224
24043 -64 1673605487 169418 16 366955 0 0 -421544
24526 -71 1673605487 185382 16 366380 0 0 -449467
24483 -74 1673605487 217399 16 365805 0 0 -449548
23982 -76 1673605487 233402 16 365231 0 0 -421415
23479 -69 1673605487 249402 16 364656 0 0 -449474
22383 -74 1673605487 265391 16 364081 0 0 -449344
20898 -83 1673605487 297370 16 363506 0 0 -449414
18709 -87 1673605487 313431 16 362931 0 0 -421307
16481 -103 1673605487 329348 16 362355 0 0 -449287
14532 -91 1673605487 345304 16 361781 0 0 -449288
13150 -98 1673605487 377380 16 361206 0 0 -449562
11862 -103 1673605487 393356 16 360631 0 0 -421292
10962 -81 1673605487 409361 16 360056 0 0 -449517
10501 -64 1673605487 425397 16 359481 0 0 -449510
10569 -59 1673605487 457313 16 358906 0 0 -449384
11057 -74 1673605487 473302 16 358331 0 0 -421343
11907 -57 1673605487 489328 16 357756 0 0 -449439
12880 -59 1673605487 505332 16 357181 0 0 -449464
14833 -85 1673605487 537307 16 356606 0 0 -449255
16803 -73 1673605487 553297 16 356031 0 0 -421046
18429 -78 1673605487 569290 16 355456 0 0 -449224
20165 -69 1673605487 601225 16 354881 0 0 -449164
21411 -59 1673605487 617234 16 354306 0 0 -421163
22526 -78 1673605487 633247 16 353731 0 0 -421257
23503 -59 1673605487 649236 16 353156 0 0 -449214
24379 -66 1673605487 681221 16 352581 0 0 -449214
24604 -84 1673605487 697339 16 352006 0 0 -421242
24203 -92 1673605487 713280 16 351431 0 0 -420845
23271 -101 1673605487 729140 16 350856 0 0 -449107
21973 -89 1673605487 761213 16 350281 0 0 -449568
20303 -63 1673605487 777203 16 349706 0 0 -421403
18764 -77 1673605487 793189 16 349131 0 0 -449457
17283 -81 1673605487 809180 16 348556 0 0 -449538
15827 -92 1673605487 841192 16 347981 0 0 -449615
13773 -84 1673605487 857153 16 347406 0 0 -421490
12466 -83 1673605487 873162 16 346831 0 0 -449690
11549 -98 1673605487 889163 16 346256 0 0 -450069
10856 -86 1673605487 921174 16 345681 0 0 -449858
10488 -65 1673605487 937163 16 345106 0 0 -421277
10561 -65 1673605487 953118 16 344531 0 0 -449455
11035 -87 1673605487 969115 16 343956 0 0 -449578
11934 -87 1673605488 1122 16 343381 0 0 -449540
13184 -88 1673605488 17101 16 342807 0 0 -421377
14357 -57 1673605488 33100 16 342232 0 0 -449538
15829 -67 1673605488 49090 16 341657 0 0 -449404
17498 -76 1673605488 81095 16 341082 0 0 -449471
19778 -62 1673605488 97169 16 340507 0 0 -421394
21582 -64 1673605488 113162 16 339931 0 0 -449318
22463 -61 1673605488 129037 16 339356 0 0 -449304
23106 -68 1673605488 161081 16 338782 0 0 -449489
23883 -66 1673605488 177042 16 338207 0 0 -421364
24388 -64 1673605488 193049 16 337632 0 0 -449632
24597 -75 1673605488 224965 16 337057 0 0 -449534
24283 -76 1673605488 241050 16 336482 0 0 -421528
23743 -69 1673605488 257033 16 335907 0 0 -421196
22913 -77 1673605488 273033 16 335332 0 0 -449337
22028 -78 1673605488 305032 16 334757 0 0 -449498
20676 -80 1673605488 321026 16 334182 0 0 -421398
18729 -81 1673605488 337005 16 333607 0 0 -421076
16121 -64 1673605488 352978 16 333032 0 0 -449264
14274 -84 1673605488 384979 16 332457 0 0 -449222
12781 -98 1673605488 400978 16 331882 0 0 -421169
11768 -102 1673605488 416978 16 331307 0 0 -449175
11072 -72 1673605488 432952 16 330732 0 0 -449472
10607 -90 1673605488 464971 16 330157 0 0 -449503
10479 -78 1673605488 480893 16 329582 0 0 -421411
10701 -69 1673605488 497031 16 329007 0 0 -449761
11227 -64 1673605488 513034 16 328432 0 0 -449260
11991 -55 1673605488 544953 16 327857 0 0 -449175
12972 -72 1673605488 560944 16 327282 0 0 -421076
14657 -66 1673605488 576948 16 326707 0 0 -449184
16775 -56 1673605488 592956 16 326132 0 0 -449167
18340 -64 1673605488 624909 16 325557 0 0 -449139
19665 -65 1673605488 640960 16 324982 0 0 -421012
21070 -65 1673605488 656964 16 324407 0 0 -448927
22564 -64 1673605488 672963 16 323832 0 0 -448638
23739 -70 1673605488 704984 16 323257 0 0 -449121
24429 -83 1673605488 720807 16 322682 0 0 -421037
24636 -73 1673605488 736902 16 322107 0 0 -449670
24525 -76 1673605488 752901 16 321532 0 0 -449307
24080 -94 1673605488 784879 16 320958 0 0 -449227
23148 -67 1673605488 800822 16 320382 0 0 -421247
21488 -71 1673605488 816891 16 319808 0 0 -449385
19700 -68 1673605488 848863 16 319233 0 0 -449322
17913 -92 1673605488 864890 16 318658 0 0 -421285
16085 -87 1673605488 880893 16 318083 0 0 -421187
14600 -83 1673605488 896973 16 317508 0 0 -449271
13196 -81 1673605488 928874 16 316933 0 0 -448363
12113 -71 1673605488 944894 16 316358 0 0 -420705
11174 -87 1673605488 960880 16 315783 0 0 -420730
10597 -65 1673605488 976882 16 315208 0 0 -448787
10514 -76 1673605489 8840 16 314633 0 0 -448677
11106 -83 1673605489 24895 16 314058 0 0 -420879
11861 -62 1673605489 40844 16 313483 0 0 -448738
12846 -47 1673605489 56863 16 312908 0 0 -449012
14070 -72 1673605489 88837 16 312333 0 0 -448956
15772 -66 1673605489 104831 16 311758 0 0 -421182
16964 -50 1673605489 120834 16 311183 0 0 -449192
18639 -55 1673605489 136812 16 310608 0 0 -449252
20308 -43 1673605489 168814 16 310033 0 0 -449280
22088 -73 1673605489 184763 16 309458 0 0 -421209
23357 -71 1673605489 200784 16 308883 0 0 -449428
24127 -72 1673605489 216793 16 308308 0 0 -449547
24530 -80 1673605489 248766 16 307733 0 0 -449335
24634 -73 1673605489 264767 16 307158 0 0 -421350
24456 -79 1673605489 280766 16 306583 0 0 -449399
24187 -61 1673605489 296849 16 306008 0 0 -449382
23566 -68 1673605489 328776 16 305433 0 0 -449103
22631 -70 1673605489 344759 16 304858 0 0 -421013
21571 -73 1673605489 360757 16 304283 0 0 -449151
20176 -70 1673605489 392732 16 303708 0 0 -448978
18764 -73 1673605489 408735 16 303133 0 0 -420998
17381 -81 1673605489 424788 16 302558 0 0 -421019
15674 -86 1673605489 440716 16 301983 0 0 -448886
13482 -86 1673605489 472725 16 301408 0 0 -449143
12031 -81 1673605489 488707 16 300833 0 0 -421056
11109 -71 1673605489 504745 16 300259 0 0 -421311
10637 -73 1673605489 520711 16 299683 0 0 -449287
10463 -82 1673605489 552677 16 299108 0 0 -449347
10714 -69 1673605489 568685 16 298534 0 0 -421245
11498 -69 1673605489 584692 16 297959 0 0 -449271
13308 -67 1673605489 600648 16 297384 0 0 -449257
15118 -51 1673605489 632668 16 296809 0 0 -449597
16723 -59 1673605489 648671 16 296234 0 0 -421250
18387 -81 1673605489 664674 16 295659 0 0 -449323
19968 -56 1673605489 680659 16 295084 0 0 -449347
21083 -70 1673605489 712633 16 294509 0 0 -449436
21661 -60 1673605489 728666 16 293934 0 0 -421263
22656 -71 1673605489 744653 16 293359 0 0 -449242
23693 -60 1673605489 760639 16 292784 0 0 -449316
24492 -59 1673605489 792639 16 292209 0 0 -449390
24471 -58 1673605489 808547 16 291634 0 0 -421159
23960 -90 1673605489 824592 16 291059 0 0 -449577
22850 -74 1673605489 840610 16 290484 0 0 -449430
21387 -71 1673605489 872592 16 289909 0 0 -449378
19615 -74 1673605489 888584 16 289334 0 0 -421265
17738 -59 1673605489 904598 16 288759 0 0 -449346
15838 -72 1673605489 920582 16 288184 0 0 -449413
14412 -76 1673605489 952572 16 287609 0 0 -449423
12900 -93 1673605489 968540 16 287034 0 0 -421307
11729 -101 1673605489 984517 16 286459 0 0 -449495
10842 -87 1673605490 16507 16 285884 0 0 -449251
10509 -84 1673605490 32441 16 285309 0 0 -421341
10469 -53 1673605490 48451 16 284734 0 0 -421637
10847 -62 1673605490 64425 16 284159 0 0 -449662
11829 -87 1673605490 96521 16 283584 0 0 -449726
13919 -85 1673605490 112488 16 283009 0 0 -421615
15893 -78 1673605490 128458 16 282434 0 0 -421674
17613 -75 1673605490 144501 16 281859 0 0 -449847
19201 -63 1673605490 176504 16 281284 0 0 -449584
21089 -55 1673605490 192446 16 280709 0 0 -421425
22738 -75 1673605490 208390 16 280134 0 0 -449696
23976 -75 1673605490 224515 16 279559 0 0 -449661
24537 -80 1673605490 256487 16 278984 0 0 -449261
24528 -77 1673605490 272460 16 278409 0 0 -421118
24183 -79 1673605490 288471 16 277834 0 0 -449373
23541 -76 1673605490 304470 16 277259 0 0 -449218
22461 -78 1673605490 336495 16 276685 0 0 -449019
20765 -81 1673605490 352427 16 276110 0 0 -421071
18400 -81 1673605490 368424 16 275535 0 0 -449390
15782 -72 1673605490 384443 16 274960 0 0 -449196
13732 -77 1673605490 416446 16 274385 0 0 -448932
12327 -76 1673605490 432409 16 273810 0 0 -421288
11322 -70 1673605490 448414 16 273235 0 0 -449470
10616 -61 1673605490 464417 16 272660 0 0 -449358
10567 -70 1673605490 496424 16 272085 0 0 -449386
11223 -80 1673605490 512342 16 271510 0 0 -421398
12216 -79 1673605490 528341 16 270935 0 0 -449785
13536 -70 1673605490 544399 16 270360 0 0 -449549
14936 -62 1673605490 576403 16 269785 0 0 -449335
16422 -59 1673605490 592420 16 269210 0 0 -421322
18816 -64 1673605490 608332 16 268635 0 0 -449342
21220 -56 1673605490 640405 16 268060 0 0 -449522
22739 -70 1673605490 656393 16 267485 0 0 -421399
23655 -67 1673605490 672408 16 266910 0 0 -421452
24390 -62 1673605490 688408 16 266335 0 0 -449482
24473 -37 1673605490 720373 16 265760 0 0 -449193
23872 -63 1673605490 736361 16 265185 0 0 -421144
22810 -63 1673605490 752346 16 264610 0 0 -421389
21261 -60 1673605490 768347 16 264035 0 0 -449521
19208 -77 1673605490 800346 16 263460 0 0 -449577
17167 -81 1673605490 816320 16 262885 0 0 -421191
15284 -94 1673605490 832290 16 262310 0 0 -449423
13283 -60 1673605490 848322 16 261735 0 0 -449486
11807 -69 1673605490 880319 16 261160 0 0 -449426
10809 -67 1673605490 896220 16 260585 0 0 -421353
10475 -73 1673605490 912227 16 260010 0 0 -449748
10576 -79 1673605490 928229 16 259435 0 0 -449681
10933 -75 1673605490 960336 16 258860 0 0 -449622
11649 -74 1673605490 976307 16 258285 0 0 -421455
12669 -75 1673605490 992309 16 257710 0 0 -449633
14236 -80 1673605491 8325 16 257135 0 0 -449534
15797 -77 1673605491 40293 16 256560 0 0 -449373
17014 -72 1673605491 56297 16 255985 0 0 -421437
19178 -68 1673605491 72253 16 255410 0 0 -449496
20709 -59 1673605491 88248 16 254836 0 0 -449203
22129 -55 1673605491 120265 16 254261 0 0 -449246
23375 -81 1673605491 136240 16 253686 0 0 -421161
24230 -71 1673605491 152237 16 253111 0 0 -449419
24569 -82 1673605491 184202 16 252536 0 0 -449328
24534 -67 1673605491 200215 16 251961 0 0 -421289
24183 -76 1673605491 216175 16 251386 0 0 -421300
23505 -93 1673605491 232190 16 250811 0 0 -449489
22170 -83 1673605491 264196 16 250236 0 0 -449450
20615 -82 1673605491 280201 16 249661 0 0 -421312
19109 -73 1673605491 296081 16 249086 0 0 -421277
17493 -73 1673605491 312131 16 248511 0 0 -449792
16013 -78 1673605491 344183 16 247936 0 0 -449529
14477 -85 1673605491 360183 16 247361 0 0 -421397
13104 -65 1673605491 376185 16 246786 0 0 -449442
11675 -70 1673605491 392160 16 246211 0 0 -449481
11030 -78 1673605491 424162 16 245636 0 0 -449428
10571 -65 1673605491 440149 16 245061 0 0 -421403
10500 -74 1673605491 456161 16 244486 0 0 -449530
10744 -83 1673605491 472155 16 243911 0 0 -449505
11504 -78 1673605491 504132 16 243336 0 0 -449102
12852 -90 1673605491 520112 16 242761 0 0 -421221
14231 -79 1673605491 536109 16 242186 0 0 -449413
15200 -77 1673605491 552109 16 241611 0 0 -449423
16618 -60 1673605491 584103 16 241036 0 0 -449431
18073 -73 1673605491 600092 16 240461 0 0 -421272
19917 -69 1673605491 616107 16 239886 0 0 -449388
21925 -64 1673605491 632089 16 239311 0 0 -449290
23194 -58 1673605491 664093 16 238736 0 0 -449395
23962 -49 1673605491 680147 16 238161 0 0 -421295
24284 -61 1673605491 696082 16 237586 0 0 -449162
24575 -49 1673605491 712057 16 237011 0 0 -449320
24553 -71 1673605491 744082 16 236436 0 0 -449398
24201 -81 1673605491 760082 16 235861 0 0 -421300
23605 -90 1673605491 776065 16 235286 0 0 -449371
22636 -80 1673605491 808059 16 234711 0 0 -449392
21270 -89 1673605491 824066 16 234136 0 0 -421373
19428 -71 1673605491 840067 16 233561 0 0 -421286
17615 -91 1673605491 856068 16 232986 0 0 -449362
16110 -80 1673605491 888045 16 232412 0 0 -449450
14337 -80 1673605491 904040 16 231837 0 0 -421164
13266 -90 1673605491 920033 16 231262 0 0 -421094
12311 -89 1673605491 936021 16 230687 0 0 -449217
11371 -74 1673605491 967998 16 230112 0 0 -449259
10649 -67 1673605491 983971 16 229537 0 0 -421143
10530 -59 1673605491 999995 16 228962 0 0 -449309
10763 -79 1673605492 16003 16 228387 0 0 -449250
11347 -79 1673605492 48000 16 227812 0 0 -449225
12122 -63 1673605492 64070 16 227237 0 0 -421253
13095 -66 1673605492 80084 16 226662 0 0 -449064
14087 -95 1673605492 95919 16 226087 0 0 -448997
15707 -72 1673605492 128021 16 225512 0 0 -449558
17861 -73 1673605492 144011 16 224937 0 0 -421350
19550 -69 1673605492 160023 16 224362 0 0 -449441
20900 -75 1673605492 176020 16 223787 0 0 -449304
22313 -65 1673605492 207947 16 223212 0 0 -449399
23562 -76 1673605492 223944 16 222637 0 0 -421415
24336 -70 1673605492 239946 16 222062 0 0 -449499
24505 -71 1673605492 255945 16 221487 0 0 -449737
24108 -73 1673605492 287927 16 220912 0 0 -449789
23408 -71 1673605492 303915 16 220337 0 0 -421144
22105 -69 1673605492 319903 16 219762 0 0 -449351
20453 -78 1673605492 335884 16 219187 0 0 -449359
18712 -69 1673605492 367901 16 218612 0 0 -449467
16832 -100 1673605492 383866 16 218037 0 0 -421366
14627 -96 1673605492 399842 16 217462 0 0 -449501
13047 -87 1673605492 431880 16 216887 0 0 -449575
11852 -81 1673605492 447852 16 216312 0 0 -421472
10925 -77 1673605492 463935 16 215737 0 0 -421567
10516 -82 1673605492 479923 16 215162 0 0 -449338
10646 -83 1673605492 511871 16 214587 0 0 -449338
11119 -78 1673605492 527875 16 214012 0 0 -421265
12077 -69 1673605492 543873 16 213437 0 0 -421184
13381 -68 1673605492 559764 16 212862 0 0 -449282
15199 -68 1673605492 591787 16 212287 0 0 -449544
17085 -62 1673605492 607818 16 211712 0 0 -421364
18677 -81 1673605492 623872 16 211138 0 0 -449267
20596 -53 1673605492 639845 16 210563 0 0 -448980
21690 -78 1673605492 671826 16 209988 0 0 -449365
22804 -65 1673605492 687798 16 209413 0 0 -421263
23945 -57 1673605492 703822 16 208838 0 0 -449392
24536 -69 1673605492 719809 16 208263 0 0 -449322
24372 -83 1673605492 751810 16 207688 0 0 -449360
23593 -88 1673605492 767778 16 207113 0 0 -420898
22347 -96 1673605492 783778 16 206538 0 0 -449107
20912 -72 1673605492 799779 16 205963 0 0 -449313
19514 -74 1673605492 831781 16 205388 0 0 -449498
18354 -71 1673605492 847719 16 204813 0 0 -421326
16809 -86 1673605492 863799 16 204238 0 0 -449604
14719 -77 1673605492 879809 16 203663 0 0 -449226
12844 -79 1673605492 911748 16 203088 0 0 -449275
11980 -94 1673605492 927736 16 202513 0 0 -421207
11116 -83 1673605492 943725 16 201938 0 0 -449326
10603 -84 1673605492 959668 16 201363 0 0 -449252
10519 -74 1673605492 991683 16 200788 0 0 -449453
11059 -73 1673605493 7731 16 200213 0 0 -421367
11838 -91 1673605493 23790 16 199638 0 0 -449277
13100 -57 1673605493 55714 16 199063 0 0 -448852
14672 -49 1673605493 71715 16 198488 0 0 -421122
16684 -74 1673605493 87712 16 197913 0 0 -421154
18419 -44 1673605493 103715 16 197338 0 0 -449187
20167 -51 1673605493 135676 16 196763 0 0 -449134
22065 -67 1673605493 151652 16 196188 0 0 -421054
23354 -75 1673605493 167675 16 195613 0 0 -420937
24070 -64 1673605493 183673 16 195038 0 0 -448946
24461 -81 1673605493 215633 16 194463 0 0 -449121
24486 -74 1673605493 231593 16 193888 0 0 -421286
23976 -80 1673605493 247638 16 193313 0 0 -449436
22883 -78 1673605493 263651 16 192738 0 0 -449282
21563 -83 1673605493 295620 16 192163 0 0 -449226
20466 -95 1673605493 311563 16 191588 0 0 -421188
18827 -73 1673605493 327626 16 191013 0 0 -449430
16951 -95 1673605493 343636 16 190438 0 0 -449126
14936 -95 1673605493 375542 16 189863 0 0 -449171
13138 -86 1673605493 391617 16 189289 0 0 -421122
11864 -91 1673605493 407615 16 188713 0 0 -448998
11210 -80 1673605493 423613 16 188139 0 0 -448767
10735 -78 1673605493 455588 16 187564 0 0 -448931
10508 -93 1673605493 471588 16 186989 0 0 -420923
10730 -72 1673605493 487591 16 186414 0 0 -448971
11456 -79 1673605493 503564 16 185839 0 0 -448760
12326 -79 1673605493 535555 16 185264 0 0 -449075
13454 -57 1673605493 551481 16 184689 0 0 -421042
14881 -73 1673605493 567553 16 184114 0 0 -449345
16637 -78 1673605493 599514 16 183539 0 0 -449259
18140 -67 1673605493 615523 16 182964 0 0 -421307
19909 -84 1673605493 631473 16 182389 0 0 -421269
21957 -46 1673605493 647470 16 181814 0 0 -449499
23191 -59 1673605493 679487 16 181239 0 0 -449510
23976 -68 1673605493 695455 16 180664 0 0 -421429
24437 -69 1673605493 711539 16 180089 0 0 -421447
24484 -83 1673605493 727504 16 179514 0 0 -449222
23977 -71 1673605493 759503 16 178939 0 0 -449084
22879 -96 1673605493 775419 16 178364 0 0 -421260
21517 -91 1673605493 791450 16 177789 0 0 -449598
20031 -84 1673605493 807507 16 177214 0 0 -449521
18177 -70 1673605493 839495 16 176639 0 0 -449146
16222 -94 1673605493 855449 16 176064 0 0 -421070
14173 -96 1673605493 871481 16 175489 0 0 -449323
12512 -67 1673605493 887459 16 174914 0 0 -449098
11419 -99 1673605493 919429 16 174339 0 0 -449469
10877 -86 1673605493 935411 16 173764 0 0 -421296
10537 -88 1673605493 951428 16 173189 0 0 -449434
10607 -82 1673605493 967404 16 172614 0 0 -449078
11146 -78 1673605493 999409 16 172039 0 0 -449271
12267 -87 1673605494 15397 16 171464 0 0 -421390
13488 -75 1673605494 31420 16 170889 0 0 -449498
14900 -85 1673605494 47512 16 170314 0 0 -449255
16855 -49 1673605494 79373 16 169739 0 0 -449047
18777 -65 1673605494 95305 16 169164 0 0 -421016
20417 -69 1673605494 111372 16 168589 0 0 -449305
22015 -74 1673605494 127379 16 168014 0 0 -449008
23451 -66 1673605494 159318 16 167439 0 0 -449043
24198 -72 1673605494 175410 16 166865 0 0 -420887
24537 -82 1673605494 191375 16 166290 0 0 -448646
24388 -73 1673605494 223355 16 165715 0 0 -448727
23835 -81 1673605494 239356 16 165140 0 0 -420749
22420 -78 1673605494 255352 16 164565 0 0 -421067
20859 -92 1673605494 271352 16 163990 0 0 -449035
19296 -62 1673605494 303335 16 163415 0 0 -448795
17718 -74 1673605494 319305 16 162840 0 0 -420968
15684 -74 1673605494 335312 16 162265 0 0 -421098
13722 -78 1673605494 351313 16 161690 0 0 -449145
11808 -67 1673605494 383312 16 161115 0 0 -449462
10813 -84 1673605494 399256 16 160540 0 0 -421264
10519 -85 1673605494 415273 16 159965 0 0 -449520
10904 -70 1673605494 431186 16 159390 0 0 -449464
11636 -72 1673605494 463261 16 158815 0 0 -449757
13193 -66 1673605494 479281 16 158240 0 0 -421615
14899 -54 1673605494 495218 16 157665 0 0 -449606
16734 -68 1673605494 511247 16 157090 0 0 -449722
18300 -54 1673605494 543251 16 156515 0 0 -449645
20256 -82 1673605494 559241 16 155940 0 0 -421569
21601 -66 1673605494 575279 16 155365 0 0 -449680
22574 -68 1673605494 591257 16 154790 0 0 -449349
23656 -79 1673605494 623244 16 154215 0 0 -449486
24357 -59 1673605494 639277 16 153640 0 0 -421114
24531 -49 1673605494 655242 16 153065 0 0 -449141
24241 -61 1673605494 671241 16 152490 0 0 -449334
23483 -71 1673605494 703218 16 151915 0 0 -449115
22318 -60 1673605494 719203 16 151340 0 0 -421161
20584 -69 1673605494 735214 16 150765 0 0 -449293
18376 -90 1673605494 751195 16 150190 0 0 -449220
16506 -81 1673605494 783174 16 149615 0 0 -449420
14468 -89 1673605494 799157 16 149040 0 0 -421285
12572 -91 1673605494 815173 16 148465 0 0 -449409
11565 -82 1673605494 847135 16 147890 0 0 -449468
11178 -69 1673605494 863224 16 147315 0 0 -421303
10672 -89 1673605494 879105 16 146740 0 0 -420988
10685 -78 1673605494 895066 16 146165 0 0 -449465
11405 -66 1673605494 927122 16 145590 0 0 -449550
12695 -59 1673605494 943127 16 145015 0 0 -421463
14023 -59 1673605494 959098 16 144441 0 0 -421281
15382 -64 1673605494 975066 16 143866 0 0 -449441
17276 -67 1673605495 7117 16 143291 0 0 -449494
19425 -69 1673605495 23100 16 142716 0 0 -421429
20923 -60 1673605495 39122 16 142141 0 0 -449531
22416 -38 1673605495 55122 16 141566 0 0 -449765
23680 -69 1673605495 87095 16 140991 0 0 -449344
24285 -70 1673605495 103096 16 140416 0 0 -421155
24548 -59 1673605495 119087 16 139841 0 0 -449276
24327 -62 1673605495 135040 16 139266 0 0 -449423
23520 -75 1673605495 167059 16 138691 0 0 -449486
22297 -60 1673605495 183058 16 138116 0 0 -421281
21004 -90 1673605495 199033 16 137541 0 0 -449405
19918 -78 1673605495 215034 16 136966 0 0 -449434
18627 -83 1673605495 247031 16 136391 0 0 -449507
17022 -79 1673605495 262982 16 135816 0 0 -421434
15784 -83 1673605495 278976 16 135241 0 0 -449659
14370 -73 1673605495 294963 16 134666 0 0 -449683
12979 -86 1673605495 327022 16 134091 0 0 -449697
11868 -76 1673605495 342984 16 133516 0 0 -421404
11297 -79 1673605495 358989 16 132941 0 0 -449630
10706 -86 1673605495 390968 16 132366 0 0 -449609
10534 -87 1673605495 406996 16 131791 0 0 -421464
10765 -65 1673605495 423005 16 131216 0 0 -421369
11409 -96 1673605495 439037 16 130641 0 0 -449411
12448 -79 1673605495 471036 16 130066 0 0 -449127
13917 -91 1673605495 486950 16 129491 0 0 -421030
15192 -74 1673605495 503012 16 128916 0 0 -421288
16893 -81 1673605495 519010 16 128341 0 0 -449199
18766 -65 1673605495 551011 16 127766 0 0 -449072
20521 -68 1673605495 566929 16 127191 0 0 -421013
21941 -54 1673605495 582944 16 126616 0 0 -449360
22938 -70 1673605495 598935 16 126041 0 0 -449405
23719 -72 1673605495 630917 16 125466 0 0 -449469
24318 -75 1673605495 646967 16 124891 0 0 -421520
24519 -67 1673605495 662970 16 124316 0 0 -449421
24318 -68 1673605495 678938 16 123741 0 0 -449107
23564 -92 1673605495 710935 16 123166 0 0 -449436
22760 -83 1673605495 726878 16 122591 0 0 -421355
21747 -79 1673605495 742906 16 122017 0 0 -449535
20331 -80 1673605495 758898 16 121441 0 0 -449245
18546 -87 1673605495 790883 16 120867 0 0 -449228
17027 -105 1673605495 806874 16 120292 0 0 -421134
15673 -89 1673605495 822887 16 119717 0 0 -449226
14314 -72 1673605495 838882 16 119142 0 0 -449355
13031 -97 1673605495 870890 16 118567 0 0 -449383
11826 -92 1673605495 886827 16 117992 0 0 -421187
10981 -89 1673605495 902839 16 117417 0 0 -449483
10569 -77 1673605495 918824 16 116842 0 0 -449338
10609 -73 1673605495 950817 16 116267 0 0 -449391
10853 -93 1673605495 966790 16 115692 0 0 -421391
11167 -91 1673605495 982828 16 115117 0 0 -449549
11796 -74 1673605496 14795 16 114542 0 0 -449384
13088 -76 1673605496 30738 16 113967 0 0 -421383
14873 -63 1673605496 46849 16 113392 0 0 -421566
16596 -71 1673605496 62783 16 112817 0 0 -449262
18305 -74 1673605496 94782 16 112242 0 0 -449273
19887 -81 1673605496 110754 16 111667 0 0 -421240
21686 -69 1673605496 126783 16 111092 0 0 -421285
22925 -49 1673605496 142786 16 110517 0 0 -449254
23905 -70 1673605496 174765 16 109942 0 0 -449148
24389 -71 1673605496 190745 16 109367 0 0 -421224
24536 -64 1673605496 206766 16 108792 0 0 -449341
24230 -67 1673605496 222742 16 108217 0 0 -449067
23714 -84 1673605496 254718 16 107642 0 0 -449538
22700 -95 1673605496 270729 16 107067 0 0 -421250
21299 -96 1673605496 286691 16 106492 0 0 -449287
19208 -86 1673605496 302688 16 105917 0 0 -449322
17597 -92 1673605496 334691 16 105342 0 0 -449434
15915 -92 1673605496 350665 16 104767 0 0 -421366
14534 -78 1673605496 366663 16 104192 0 0 -449515
12948 -89 1673605496 382666 16 103617 0 0 -449452
11690 -68 1673605496 414663 16 103042 0 0 -449515
10859 -98 1673605496 430610 16 102467 0 0 -421357
10555 -88 1673605496 446715 16 101892 0 0 -449599
10634 -83 1673605496 462623 16 101317 0 0 -449271
11088 -89 1673605496 494646 16 100742 0 0 -449462
11860 -83 1673605496 510600 16 100168 0 0 -421307
13189 -49 1673605496 526624 16 99592 0 0 -449645
14636 -77 1673605496 542636 16 99018 0 0 -449372
16176 -71 1673605496 574641 16 98443 0 0 -449323
17578 -66 1673605496 590610 16 97868 0 0 -421253
18890 -60 1673605496 606610 16 97293 0 0 -449436
20430 -71 1673605496 638612 16 96718 0 0 -449249
21839 -54 1673605496 654631 16 96143 0 0 -421537
23314 -62 1673605496 670572 16 95568 0 0 -421146
24167 -64 1673605496 686503 16 94993 0 0 -449499
24498 -69 1673605496 718563 16 94418 0 0 -449482
24455 -61 1673605496 734558 16 93843 0 0 -421535
24118 -73 1673605496 750564 16 93268 0 0 -421595
23401 -68 1673605496 766511 16 92693 0 0 -449654
22335 -82 1673605496 798480 16 92118 0 0 -449732
20729 -85 1673605496 814480 16 91543 0 0 -421683
19338 -72 1673605496 830546 16 90968 0 0 -449761
17668 -71 1673605496 846554 16 90393 0 0 -449597
15889 -87 1673605496 878513 16 89818 0 0 -449361
14198 -97 1673605496 894539 16 89243 0 0 -421078
12933 -115 1673605496 910513 16 88668 0 0 -449115
11710 -80 1673605496 926514 16 88093 0 0 -449189
10783 -65 1673605496 958447 16 87518 0 0 -449207
10523 -54 1673605496 974491 16 86943 0 0 -421003
10665 -85 1673605496 990493 16 86368 0 0 -448898
11205 -81 1673605497 6504 16 85793 0 0 -448891
12012 -75 1673605497 38478 16 85218 0 0 -449083
13285 -58 1673605497 54476 16 84643 0 0 -421058
14629 -73 1673605497 70477 16 84068 0 0 -449105
16015 -67 1673605497 86465 16 83493 0 0 -449192
17510 -57 1673605497 118469 16 82918 0 0 -449143
19874 -49 1673605497 134415 16 82343 0 0 -421067
21825 -38 1673605497 150453 16 81768 0 0 -449274
23452 -83 1673605497 182411 16 81193 0 0 -449295
24327 -71 1673605497 198422 16 80618 0 0 -421263
24487 -77 1673605497 214426 16 80043 0 0 -421263
24166 -85 1673605497 230502 16 79468 0 0 -449302
23448 -73 1673605497 262452 16 78893 0 0 -449030
22226 -93 1673605497 278360 16 78319 0 0 -420952
20805 -67 1673605497 294462 16 77744 0 0 -421235
18948 -56 1673605497 310441 16 77169 0 0 -448959
17587 -75 1673605497 342442 16 76594 0 0 -448842
15789 -97 1673605497 358300 16 76019 0 0 -420898
14098 -82 1673605497 374398 16 75444 0 0 -449440
12490 -83 1673605497 390419 16 74869 0 0 -449137
11257 -73 1673605497 422392 16 74294 0 0 -449078
10633 -89 1673605497 438364 16 73719 0 0 -421291
10574 -72 1673605497 454429 16 73144 0 0 -449470
10798 -73 1673605497 470388 16 72569 0 0 -448918
11524 -66 1673605497 502344 16 71994 0 0 -449418
12617 -66 1673605497 518334 16 71419 0 0 -421307
14270 -51 1673605497 534346 16 70844 0 0 -449419
16110 -79 1673605497 550317 16 70269 0 0 -448874
17719 -60 1673605497 582310 16 69694 0 0 -449318
19294 -53 1673605497 598355 16 69119 0 0 -421322
20871 -51 1673605497 614343 16 68544 0 0 -449217
22429 -81 1673605497 630389 16 67969 0 0 -449160
23683 -75 1673605497 662337 16 67394 0 0 -449226
24380 -53 1673605497 678245 16 66819 0 0 -421052
24519 -43 1673605497 694308 16 66244 0 0 -449414
24221 -57 1673605497 710291 16 65669 0 0 -449159
23432 -50 1673605497 742302 16 65094 0 0 -449260
22251 -64 1673605497 758305 16 64519 0 0 -421073
20614 -81 1673605497 774304 16 63944 0 0 -449132
19013 -112 1673605497 806272 16 63369 0 0 -449293
17378 -76 1673605497 822242 16 62794 0 0 -421203
15879 -74 1673605497 838251 16 62219 0 0 -421469
14338 -74 1673605497 854250 16 61644 0 0 -449468
12823 -85 1673605497 886207 16 61069 0 0 -449147
11787 -102 1673605497 902208 16 60494 0 0 -421329
10932 -87 1673605497 918186 16 59919 0 0 -421266
10588 -79 1673605497 934212 16 59344 0 0 -449429
10688 -71 1673605497 966177 16 58769 0 0 -449348
11320 -73 1673605497 982169 16 58194 0 0 -421299
12660 -89 1673605497 998184 16 57620 0 0 -449278
15025 -75 1673605498 14290 16 57045 0 0 -449120
17492 -64 1673605498 46165 16 56470 0 0 -448782
19326 -58 1673605498 62148 16 55895 0 0 -420812
21042 -63 1673605498 78206 16 55320 0 0 -448910
22630 -74 1673605498 94165 16 54745 0 0 -448711
23400 -88 1673605498 126149 16 54170 0 0 -448778
24104 -72 1673605498 142137 16 53595 0 0 -420807
24437 -60 1673605498 158177 16 53020 0 0 -448894
24319 -85 1673605498 174152 16 52445 0 0 -448824
23842 -80 1673605498 206123 16 51870 0 0 -448964
23212 -71 1673605498 222117 16 51295 0 0 -421283
22282 -66 1673605498 238127 16 50720 0 0 -449270
21173 -83 1673605498 254126 16 50145 0 0 -449176
19231 -95 1673605498 286107 16 49570 0 0 -449382
17437 -89 1673605498 302101 16 48995 0 0 -421178
15554 -83 1673605498 318101 16 48420 0 0 -449261
14190 -70 1673605498 334092 16 47845 0 0 -449219
12734 -74 1673605498 366105 16 47270 0 0 -449391
11742 -84 1673605498 382061 16 46695 0 0 -421215
11081 -82 1673605498 398070 16 46120 0 0 -449421
10624 -83 1673605498 430071 16 45545 0 0 -449368
10569 -99 1673605498 446034 16 44970 0 0 -421326
10881 -89 1673605498 462004 16 44395 0 0 -421453
11461 -80 1673605498 478058 16 43820 0 0 -449618
12511 -83 1673605498 510062 16 43245 0 0 -449408
14012 -89 1673605498 526053 16 42670 0 0 -421328
15927 -76 1673605498 542065 16 42095 0 0 -421328
17770 -71 1673605498 558043 16 41520 0 0 -449374
19229 -69 1673605498 590038 16 40945 0 0 -449296
20727 -66 1673605498 606040 16 40370 0 0 -421256
21699 -93 1673605498 622037 16 39795 0 0 -449326
22742 -64 1673605498 638045 16 39220 0 0 -449207
23775 -71 1673605498 670069 16 38645 0 0 -449073
24410 -87 1673605498 686037 16 38070 0 0 -421165
24509 -77 1673605498 702018 16 37495 0 0 -449357
24391 -76 1673605498 718019 16 36920 0 0 -449392
23827 -78 1673605498 750021 16 36345 0 0 -449431
22841 -87 1673605498 765992 16 35770 0 0 -421275
21398 -91 1673605498 782029 16 35196 0 0 -449351
19972 -82 1673605498 798002 16 34621 0 0 -449229
18381 -69 1673605498 830017 16 34046 0 0 -449313
16980 -71 1673605498 845980 16 33471 0 0 -421252
15510 -72 1673605498 861938 16 32896 0 0 -449479
13949 -99 1673605498 878036 16 32321 0 0 -449515
12630 -99 1673605498 910042 16 31746 0 0 -449106
11574 -75 1673605498 926032 16 31171 0 0 -421028
11036 -78 1673605498 942042 16 30596 0 0 -449141
10693 -93 1673605498 958044 16 30021 0 0 -449102
10552 -88 1673605498 990048 16 29446 0 0 -449224
10687 -70 1673605499 5964 16 28871 0 0 -421050
11484 -71 1673605499 21949 16 28296 0 0 -449435
12654 -83 1673605499 53968 16 27721 0 0 -449358
14113 -66 1673605499 69949 16 27146 0 0 -421117
15347 -79 1673605499 85948 16 26571 0 0 -421526
16683 -72 1673605499 101917 16 25996 0 0 -449611
17965 -67 1673605499 133923 16 25421 0 0 -449685
19490 -80 1673605499 149896 16 24846 0 0 -421638
20865 -56 1673605499 165901 16 24271 0 0 -421740
22182 -75 1673605499 181872 16 23696 0 0 -449803
23257 -54 1673605499 213892 16 23121 0 0 -449608
24084 -82 1673605499 229968 16 22546 0 0 -421462
24437 -78 1673605499 245839 16 21971 0 0 -449289
24473 -62 1673605499 261810 16 21396 0 0 -449679
24073 -76 1673605499 293883 16 20821 0 0 -449777
23316 -76 1673605499 309877 16 20246 0 0 -421528
21933 -71 1673605499 325873 16 19671 0 0 -449631
20385 -55 1673605499 341808 16 19096 0 0 -449550
18579 -58 1673605499 373841 16 18521 0 0 -449796
16863 -57 1673605499 389835 16 17946 0 0 -421589
15273 -90 1673605499 405831 16 17371 0 0 -449704
13659 -100 1673605499 421834 16 16796 0 0 -449984
12097 -82 1673605499 453815 16 16221 0 0 -449517
10937 -55 1673605499 469795 16 15646 0 0 -421355
10593 -74 1673605499 485791 16 15071 0 0 -449566
10794 -77 1673605499 501770 16 14496 0 0 -449558
11480 -80 1673605499 533767 16 13921 0 0 -449618
12544 -84 1673605499 549760 16 13346 0 0 -421316
14390 -82 1673605499 565767 16 12772 0 0 -449348
16397 -67 1673605499 597702 16 12197 0 0 -449302
18456 -45 1673605499 613816 16 11622 0 0 -421269
20309 -45 1673605499 629817 16 11047 0 0 -420882
21765 -67 1673605499 645743 16 10472 0 0 -448938
23064 -72 1673605499 677744 16 9897 0 0 -449129
23961 -90 1673605499 693775 16 9322 0 0 -421038
24449 -60 1673605499 709772 16 8747 0 0 -420855
24339 -71 1673605499 725754 16 8172 0 0 -448939
23610 -82 1673605499 757771 16 7597 0 0 -449076
22523 -78 1673605499 773775 16 7022 0 0 -421009
20884 -71 1673605499 789753 16 6447 0 0 -449014
19202 -71 1673605499 805727 16 5872 0 0 -449489
17378 -81 1673605499 837748 16 5297 0 0 -449584
15266 -49 1673605499 853719 16 4722 0 0 -421228
13577 -90 1673605499 869727 16 4147 0 0 -449407
12315 -88 1673605499 885724 16 3572 0 0 -449488
11429 -76 1673605499 917727 16 2997 0 0 -449488
10844 -87 1673605499 933671 0 2423 0 0 -421297
10713 -97 1673605499 949704 0 1891 0 0 -445371
10604 -72 1673605499 965738 0 1424 0 0 -434745
10557 -72 1673605499 997680 0 1024 0 0 -417495
10546 -81 1673605500 13625 0 690 0 0 -377589
10591 -75 1673605500 29593 0 421 0 0 -375891
10775 -74 1673605500 45592 0 219 0 0 -339403
11234 -95 1673605500 77675 0 82 0 0 -296659
12031 -93 1673605500 93644 0 12 0 0 -243905
12928 -87 1673605500 109675 32 0 0 0 -217054
