385141 -4 1673606920 172261 16 19548 0 0 421938
403345 22 1673606920 187997 16 20123 0 0 450010
311398 -12 1673606920 204042 16 20698 0 0 450984
328811 1 1673606920 236138 16 21273 0 0 449516
475208 3 1673606920 251894 16 21848 0 0 422504
541952 -10 1673606920 268054 16 22423 0 0 451442
477643 -7 1673606920 284185 16 22997 0 0 450386
492922 7 1673606920 316148 16 23573 0 0 450403
606373 5 1673606920 332200 16 24147 0 0 421499
696398 8 1673606920 348191 16 24722 0 0 449589
1317636 2511 1673606920 364201 16 25297 0 0 449610
2583625 -756 1673606920 396202 16 25872 0 0 448633
2220237 179 1673606920 412201 16 26447 0 0 420714
2196589 -107 1673606920 427929 16 27022 0 0 448877
2636290 170 1673606920 444129 16 27597 0 0 448979
1284891 -359 1673606920 476173 16 28172 0 0 448938
431232 -27 1673606920 492177 16 28747 0 0 421183
1710430 463 1673606920 507874 16 29322 0 0 449261
2603853 -160 1673606920 539893 16 29897 0 0 450527
2680026 214 1673606920 555944 16 30472 0 0 422403
2287945 38 1673606920 571778 16 31047 0 0 422259
1508428 -26 1673606920 587791 16 31622 0 0 450925
792854 -2 1673606920 619862 16 32197 0 0 450876
313688 25 1673606920 635844 16 32772 0 0 421767
344177 24 1673606920 651862 16 33347 0 0 422523
763559 43 1673606920 667839 16 33922 0 0 450575
1439647 -10 1673606920 699846 16 34497 0 0 450670
2152866 7 1673606920 715840 16 35072 0 0 421503
2637610 44 1673606920 731855 16 35647 0 0 449617
2701996 50 1673606920 747848 16 36222 0 0 449743
2380660 -861 1673606920 779759 16 36797 0 0 449179
1949630 498 1673606920 795815 16 37372 0 0 421227
1454288 130 1673606920 811790 16 37947 0 0 449169
892003 -59 1673606920 827783 16 38522 0 0 449194
443852 66 1673606920 859785 16 39097 0 0 449281
262437 44 1673606920 875811 16 39672 0 0 421123
373874 -100 1673606920 891767 16 40247 0 0 449114
660894 68 1673606920 907756 16 40822 0 0 449248
1017111 59 1673606920 939747 16 41397 0 0 449339
1469767 49 1673606920 955788 16 41972 0 0 421246
2018031 58 1673606920 971701 16 42547 0 0 449100
2449814 17 1673606920 987692 16 43122 0 0 449603
2676838 -199 1673606921 19750 16 43697 0 0 449547
2740198 -20 1673606921 35753 16 44272 0 0 421395
2679615 -26 1673606921 51752 16 44847 0 0 449463
2487246 -2157 1673606921 67682 16 45422 0 0 449557
2155392 -123 1673606921 99750 16 45997 0 0 449649
1790945 12 1673606921 115700 16 46571 0 0 421426
1406391 23 1673606921 131725 16 47146 0 0 449671
1098970 -11 1673606921 163724 16 47721 0 0 449726
719482 -16 1673606921 179740 16 48296 0 0 421344
418466 4 1673606921 195731 16 48871 0 0 421256
314849 12 1673606921 211683 16 49446 0 0 449415
251827 -5 1673606921 243684 16 50021 0 0 449595
303590 -1 1673606921 259655 16 50596 0 0 421514
490823 10 1673606921 275660 16 51171 0 0 421369
767749 12 1673606921 291656 16 51746 0 0 449536
1051840 29 1673606921 323635 16 52321 0 0 449374
1369000 24 1673606921 339712 16 52896 0 0 421404
1754386 31 1673606921 355716 16 53471 0 0 449210
2218572 43 1673606921 371604 16 54046 0 0 449252
2391458 34 1673606921 403635 16 54621 0 0 449617
2581249 29 1673606921 419563 16 55196 0 0 421344
2722834 28 1673606921 435649 16 55771 0 0 449675
2745435 26 1673606921 451629 16 56346 0 0 449273
2740816 14 1673606921 483629 16 56921 0 0 449361
2659362 43 1673606921 499580 16 57496 0 0 421271
2440560 26 1673606921 515613 16 58071 0 0 449501
2376280 23 1673606921 531593 16 58646 0 0 449654
2321973 17 1673606921 563618 16 59221 0 0 449739
2244391 1 1673606921 579576 16 59796 0 0 421245
2196015 12 1673606921 595592 16 60371 0 0 449496
1963821 3 1673606921 611596 16 60946 0 0 449186
1510549 9 1673606921 643585 16 61521 0 0 449472
1439949 9 1673606921 659557 16 62096 0 0 421335
1583091 -15 1673606921 675596 16 62671 0 0 449510
1564181 6 1673606921 691581 16 63246 0 0 449201
1360359 12 1673606921 723551 16 63821 0 0 449369
1243577 17 1673606921 739586 16 64396 0 0 421249
1149865 -15 1673606921 755585 16 64971 0 0 449224
980539 3 1673606921 787588 16 65546 0 0 449080
907836 -8 1673606921 803535 16 66121 0 0 421057
957357 -8 1673606921 819557 16 66696 0 0 421258
925718 -16 1673606921 835556 16 67271 0 0 449248
852149 -16 1673606921 867442 16 67846 0 0 449153
777179 1 1673606921 883556 16 68421 0 0 421313
740926 2 1673606921 899556 16 68996 0 0 420863
699730 -2 1673606921 915555 16 69571 0 0 448913
678282 8 1673606921 947560 16 70146 0 0 449039
629624 14 1673606921 963550 16 70720 0 0 420906
558317 9 1673606921 979506 16 71295 0 0 449020
450804 5 1673606921 995559 16 71870 0 0 448989
392464 6 1673606922 27379 16 72445 0 0 448880
364507 -1314 1673606922 43472 16 73020 0 0 420959
301483 40 1673606922 59461 16 73595 0 0 448611
263044 486 1673606922 75461 16 74170 0 0 449047
255611 676 1673606922 107431 16 74745 0 0 449047
310188 -556 1673606922 123415 16 75320 0 0 420993
378202 -892 1673606922 139465 16 75895 0 0 449179
504640 274 1673606922 155461 16 76470 0 0 448969
632282 140 1673606922 187452 16 77045 0 0 448828
864421 -151 1673606922 203391 16 77620 0 0 420945
1134160 301 1673606922 219432 16 78195 0 0 449077
1436857 -257 1673606922 235432 16 78770 0 0 449258
1668470 -45 1673606922 267443 16 79345 0 0 449220
1863014 12 1673606922 283348 16 79920 0 0 421134
2132466 8 1673606922 299407 16 80495 0 0 449519
2353403 49 1673606922 331370 16 81070 0 0 449257
2561393 14 1673606922 347402 16 81645 0 0 421388
2662507 32 1673606922 363402 16 82220 0 0 421262
2735563 15 1673606922 379382 16 82795 0 0 449330
2742307 7 1673606922 411383 16 83370 0 0 449185
2706521 19 1673606922 427356 16 83945 0 0 421252
2577434 -31 1673606922 443397 16 84520 0 0 421347
2415166 41 1673606922 459362 16 85095 0 0 449289
2193128 135 1673606922 491358 16 85670 0 0 449077
1940925 -182 1673606922 507385 16 86245 0 0 421210
1728386 9 1673606922 523388 16 86820 0 0 449159
1456524 -16 1673606922 539383 16 87395 0 0 449261
1150148 215 1673606922 571373 16 87970 0 0 449279
889743 -55 1673606922 587340 16 88545 0 0 421141
600457 7 1673606922 603329 16 89120 0 0 449334
386670 24 1673606922 619335 16 89695 0 0 449278
308155 31 1673606922 651329 16 90270 0 0 449400
257731 -13 1673606922 667299 16 90844 0 0 421157
255643 40 1673606922 683308 16 91419 0 0 449336
323829 -15 1673606922 699334 16 91995 0 0 449496
501474 -90 1673606922 731297 16 92569 0 0 449318
734561 -84 1673606922 747267 16 93144 0 0 421257
951731 -34 1673606922 763275 16 93719 0 0 449430
1133813 58 1673606922 779287 16 94294 0 0 449286
1409471 -60 1673606922 811225 16 94869 0 0 449205
1685545 80 1673606922 827211 16 95444 0 0 421204
2053047 94 1673606922 843228 16 96019 0 0 449373
2295784 -9 1673606922 859226 16 96594 0 0 449208
2496665 -26 1673606922 891203 16 97169 0 0 449149
2630680 153 1673606922 907206 16 97744 0 0 421282
2707063 0 1673606922 923267 16 98319 0 0 449315
2740199 -175 1673606922 955173 16 98894 0 0 448996
2733957 83 1673606922 971180 16 99469 0 0 421031
2602679 -147 1673606922 987192 16 100044 0 0 421048
2431184 291 1673606923 3187 16 100619 0 0 449028
2305270 -129 1673606923 35192 16 101194 0 0 448996
2084735 -153 1673606923 51195 16 101769 0 0 420975
1713983 -126 1673606923 67198 16 102344 0 0 420958
1427451 -269 1673606923 83168 16 102919 0 0 449003
1116422 186 1673606923 115174 16 103494 0 0 449119
815445 524 1673606923 131158 16 104069 0 0 421251
616148 -8 1673606923 147170 16 104644 0 0 449301
425558 6 1673606923 163147 16 105219 0 0 449283
351209 -159 1673606923 195145 16 105794 0 0 449406
265394 46 1673606923 211138 16 106369 0 0 421314
277184 -9 1673606923 227149 16 106944 0 0 449419
369549 40 1673606923 243123 16 107519 0 0 449391
430241 -59 1673606923 275113 16 108094 0 0 449493
625619 26 1673606923 291083 16 108669 0 0 421320
1010560 -69 1673606923 307107 16 109244 0 0 449507
1285527 58 1673606923 323097 16 109819 0 0 449367
1572361 5 1673606923 355098 16 110394 0 0 449444
1850453 -239 1673606923 371013 16 110969 0 0 421286
2123711 324 1673606923 387086 16 111544 0 0 449660
2342423 -135 1673606923 403083 16 112119 0 0 449381
2565262 92 1673606923 435083 16 112694 0 0 449430
2701753 144 1673606923 451022 16 113268 0 0 421214
2744449 -123 1673606923 467089 16 113843 0 0 449496
2725554 146 1673606923 483064 16 114418 0 0 449156
2655771 -7 1673606923 515066 16 114993 0 0 449328
2515748 15 1673606923 531055 16 115568 0 0 421215
2318298 7 1673606923 547065 16 116143 0 0 449331
2087224 -69 1673606923 579041 16 116718 0 0 448996
1889773 91 1673606923 595020 16 117293 0 0 421196
1647296 -108 1673606923 610997 16 117868 0 0 421259
1282852 7 1673606923 627017 16 118443 0 0 449465
999064 -113 1673606923 658988 16 119018 0 0 449180
752579 92 1673606923 674991 16 119593 0 0 421363
550471 25 1673606923 690989 16 120168 0 0 421265
367912 -152 1673606923 707016 16 120743 0 0 449350
287248 18 1673606923 738960 16 121318 0 0 449217
247981 183 1673606923 754907 16 121893 0 0 421225
293072 0 1673606923 770898 16 122468 0 0 449466
382099 -321 1673606923 786976 16 123043 0 0 449424
526514 232 1673606923 818965 16 123618 0 0 449071
719126 126 1673606923 834950 16 124193 0 0 421075
1065210 -16 1673606923 850887 16 124768 0 0 449178
1451464 -46 1673606923 866963 16 125343 0 0 449411
1726411 -428 1673606923 898967 16 125918 0 0 449138
1977722 493 1673606923 914913 16 126493 0 0 421153
2178960 -110 1673606923 930946 16 127068 0 0 449370
2421737 -15 1673606923 946937 16 127643 0 0 449068
2593579 113 1673606923 978945 16 128218 0 0 449068
2706676 -23 1673606924 249 16 128793 0 0 421257
2735974 12 1673606924 12386 16 129368 0 0 435344
2683811 -53 1673606924 26888 16 129943 0 0 453163
2556009 8 1673606924 59312 16 130518 0 0 458741
2434331 -27 1673606924 74802 16 131093 0 0 430564
2064684 15 1673606924 90805 16 131668 0 0 460492
1605250 -20 1673606924 106836 16 132243 0 0 460291
1566365 -15 1673606924 138850 16 132818 0 0 460298
1419875 120 1673606924 154808 16 133393 0 0 432178
1078409 -79 1673606924 170805 16 133968 0 0 460409
758659 -89 1673606924 202848 16 134542 0 0 474302
574071 7 1673606924 218834 16 135117 0 0 428316
507531 85 1673606924 234837 16 135692 0 0 422565
345106 0 1673606924 250827 16 136268 0 0 451095
251067 -477 1673606924 282864 16 136842 0 0 449184
269719 353 1673606924 298864 16 137417 0 0 421086
285944 -1226 1673606924 314826 16 137992 0 0 421195
346545 1007 1673606924 330839 16 138567 0 0 449417
741334 -162 1673606924 362884 16 139142 0 0 449223
1054791 372 1673606924 378815 16 139717 0 0 421195
1314619 98 1673606924 394798 16 140292 0 0 449552
1906097 -40 1673606924 410798 16 140867 0 0 449562
2335651 -58 1673606924 442796 16 141442 0 0 449475
2237288 8 1673606924 458834 16 142017 0 0 421464
2340684 64 1673606924 474768 16 142592 0 0 449439
2708429 -9 1673606924 490707 16 143167 0 0 449672
2740672 -105 1673606924 522767 16 143742 0 0 449753
2727977 22 1673606924 538743 16 144317 0 0 421670
2614125 -22 1673606924 554727 16 144892 0 0 449870
2468344 10 1673606924 570753 16 145467 0 0 449683
2473310 -24 1673606924 602770 16 146042 0 0 449532
2323158 22 1673606924 618738 16 146617 0 0 421441
1894112 5 1673606924 634751 16 147192 0 0 449628
1654508 76 1673606924 650740 16 147767 0 0 449715
1482610 17 1673606924 682738 16 148342 0 0 449521
1346166 188 1673606924 698744 16 148917 0 0 421232
1347675 477 1673606924 714751 16 149492 0 0 449340
1103937 -315 1673606924 746699 16 150067 0 0 449231
634516 -502 1673606924 762721 16 150642 0 0 421144
480838 1178 1673606924 778698 16 151217 0 0 421158
371822 557 1673606924 794702 16 151792 0 0 449330
264719 36 1673606924 826671 16 152367 0 0 449203
251421 -10 1673606924 842645 16 152942 0 0 421200
247071 -8 1673606924 858674 16 153517 0 0 421253
273482 -21 1673606924 874633 16 154092 0 0 449226
463727 -4 1673606924 906650 16 154667 0 0 449391
781936 6 1673606924 922631 16 155242 0 0 421324
936774 8 1673606924 938573 16 155817 0 0 449422
1140686 -7 1673606924 954560 16 156392 0 0 449703
1255151 3 1673606924 986557 16 156966 0 0 449570
1609392 3 1673606925 2556 16 157542 0 0 421559
1919291 8 1673606925 18556 16 158116 0 0 449514
2305875 6 1673606925 34574 16 158691 0 0 449423
2480210 27 1673606925 66606 16 159266 0 0 449461
2567850 9 1673606925 82523 16 159841 0 0 421213
2675305 6 1673606925 98619 16 160416 0 0 449597
2737609 -9 1673606925 114623 16 160991 0 0 449195
2664740 -29 1673606925 146598 16 161566 0 0 448977
2601645 6 1673606925 162574 16 162141 0 0 420975
2475124 -10 1673606925 178596 16 162716 0 0 449084
2276432 4 1673606925 194576 16 163291 0 0 449101
2070608 -5 1673606925 226576 16 163866 0 0 449171
1862443 -11 1673606925 242522 16 164441 0 0 421158
1492747 -17 1673606925 258550 16 165016 0 0 449452
1116216 11 1673606925 274534 16 165591 0 0 449061
983746 0 1673606925 306549 16 166166 0 0 449452
773213 2 1673606925 322519 16 166741 0 0 421377
598559 -12 1673606925 338500 16 167316 0 0 449537
380495 -32 1673606925 370552 16 167891 0 0 449519
272516 -2 1673606925 386538 16 168466 0 0 421475
247963 -9 1673606925 402567 16 169041 0 0 421454
260785 -19 1673606925 418538 16 169616 0 0 449428
331722 -11 1673606925 450570 16 170191 0 0 449340
432546 12 1673606925 466523 16 170766 0 0 421334
574631 -1 1673606925 482454 16 171341 0 0 421443
853118 -2929 1673606925 498496 16 171916 0 0 449776
1157636 238 1673606925 530503 16 172491 0 0 449523
1453400 -105 1673606925 546487 16 173066 0 0 421374
1655200 131 1673606925 562481 16 173641 0 0 449552
1901219 -40 1673606925 578444 16 174216 0 0 449524
2209274 -21 1673606925 610447 16 174791 0 0 449756
2438636 11 1673606925 626441 16 175366 0 0 421575
2587554 22 1673606925 642434 16 175941 0 0 449700
2703963 5 1673606925 658444 16 176516 0 0 449559
2745524 0 1673606925 690406 16 177091 0 0 449281
2732384 -4 1673606925 706473 16 177666 0 0 421385
2648624 -31 1673606925 722443 16 178241 0 0 449233
2397616 52 1673606925 738392 16 178816 0 0 449283
2186637 -90 1673606925 770410 16 179391 0 0 449441
1898700 8 1673606925 786412 16 179965 0 0 421170
1744098 49 1673606925 802391 16 180540 0 0 449242
1445884 -38 1673606925 818413 16 181115 0 0 449295
1125614 -27 1673606925 850409 16 181690 0 0 449193
806173 8 1673606925 866384 16 182265 0 0 421155
599856 -14 1673606925 882384 16 182840 0 0 449286
419046 -5 1673606925 898388 16 183415 0 0 449520
315392 -31 1673606925 930376 16 183990 0 0 449401
263267 -13 1673606925 946361 16 184565 0 0 421156
251504 -3 1673606925 962364 16 185140 0 0 449349
306127 -13 1673606925 994350 16 185715 0 0 449345
451080 -99 1673606926 10348 16 186290 0 0 421208
674398 69 1673606926 26372 16 186865 0 0 421292
935339 -1 1673606926 42350 16 187440 0 0 449280
1120973 73 1673606926 74321 16 188015 0 0 449270
1298120 -2 1673606926 90335 16 188590 0 0 421219
1609509 -3 1673606926 106412 16 189165 0 0 421184
1979876 -2 1673606926 122414 16 189740 0 0 448981
2304068 51 1673606926 154207 16 190315 0 0 448921
2530921 26 1673606926 170306 16 190890 0 0 421038
2657270 -13 1673606926 186290 16 191465 0 0 448757
2722184 -130 1673606926 202335 16 192040 0 0 448806
2746564 -108 1673606926 234231 16 192615 0 0 448733
2723261 123 1673606926 250286 16 193190 0 0 420671
2587946 164 1673606926 266299 16 193765 0 0 448529
2343466 26 1673606926 282254 16 194340 0 0 448533
2229538 33 1673606926 314285 16 194915 0 0 448960
2037582 -224 1673606926 330248 16 195490 0 0 420864
1665847 96 1673606926 346229 16 196065 0 0 448887
1361694 35 1673606926 362126 16 196640 0 0 449299
1173862 -71 1673606926 394192 16 197215 0 0 449607
981292 -318 1673606926 410244 16 197790 0 0 421630
624752 -579 1673606926 426241 16 198365 0 0 449433
466463 498 1673606926 442245 16 198940 0 0 449636
350527 129 1673606926 474225 16 199515 0 0 449667
264894 -486 1673606926 490194 16 200090 0 0 421451
245794 2679 1673606926 506184 16 200665 0 0 449663
254104 123 1673606926 538184 16 201240 0 0 449568
351355 19 1673606926 554094 16 201815 0 0 421425
609392 -5 1673606926 570184 16 202390 0 0 421379
824868 -11 1673606926 586189 16 202964 0 0 449101
1116001 -13 1673606926 618189 16 203539 0 0 449266
1248235 -23 1673606926 634204 16 204114 0 0 421179
1496605 -13 1673606926 650181 16 204689 0 0 421141
1852291 -27 1673606926 666162 16 205264 0 0 449280
2237350 -19 1673606926 698161 16 205839 0 0 449238
2373649 -2 1673606926 714168 16 206414 0 0 421127
2513770 14 1673606926 730180 16 206989 0 0 449179
2620835 0 1673606926 746142 16 207564 0 0 448819
2692455 -8 1673606926 778142 16 208139 0 0 449364
2737234 -27 1673606926 794111 16 208714 0 0 421305
2677941 -10 1673606926 810117 16 209289 0 0 449491
2595586 -29 1673606926 826120 16 209864 0 0 449522
2474273 -28 1673606926 858103 16 210439 0 0 449431
2250290 -9 1673606926 874074 16 211014 0 0 421303
2058697 -5 1673606926 890137 16 211589 0 0 449480
1831092 6 1673606926 906076 16 212164 0 0 449284
1397798 -25 1673606926 938091 16 212739 0 0 449541
1088608 -30 1673606926 953986 16 213314 0 0 421318
846186 -17 1673606926 970108 16 213889 0 0 449766
705885 -24 1673606926 986085 16 214464 0 0 449232
502514 -21 1673606927 18158 16 215039 0 0 449333
353050 -7 1673606927 34059 16 215614 0 0 421204
263832 -26 1673606927 50081 16 216189 0 0 449615
262037 -30 1673606927 66079 16 216764 0 0 449436
325009 -14 1673606927 98057 16 217339 0 0 449663
444049 3 1673606927 114061 16 217914 0 0 421391
584193 -16 1673606927 130054 16 218489 0 0 449466
839905 -12 1673606927 162031 16 219064 0 0 449120
1185613 18 1673606927 178007 16 219639 0 0 421489
1486054 15 1673606927 194009 16 220214 0 0 421493
1650276 14 1673606927 210010 16 220789 0 0 449626
1924146 77 1673606927 241977 16 221364 0 0 449273
2158062 -2 1673606927 257980 16 221939 0 0 421302
2388997 4 1673606927 273997 16 222513 0 0 421187
2570262 18 1673606927 289961 16 223088 0 0 449185
2705779 19 1673606927 321950 16 223663 0 0 449325
2748128 3 1673606927 337894 16 224239 0 0 421283
2725524 -3 1673606927 353961 16 224814 0 0 449536
2655580 -10 1673606927 369963 16 225388 0 0 449120
2488000 0 1673606927 401941 16 225963 0 0 449120
2335093 -10 1673606927 417948 16 226538 0 0 421067
2075952 8 1673606927 433949 16 227113 0 0 449090
1742859 16 1673606927 449948 16 227688 0 0 449194
1314973 -1 1673606927 481911 16 228263 0 0 449257
1110538 2 1673606927 497921 16 228838 0 0 421087
1068603 -23 1673606927 513932 16 229413 0 0 449070
807744 -25 1673606927 529926 16 229988 0 0 448834
522479 9 1673606927 561908 16 230563 0 0 449186
306069 -2 1673606927 577880 16 231138 0 0 421133
250084 -4 1673606927 593886 16 231713 0 0 449288
262019 -7 1673606927 609888 16 232288 0 0 449292
282808 -16 1673606927 641873 16 232863 0 0 449288
406392 -22 1673606927 657883 16 233438 0 0 421222
710047 -9 1673606927 673850 16 234013 0 0 449230
1027536 -16 1673606927 689921 16 234588 0 0 449382
1226625 14 1673606927 721854 16 235163 0 0 449172
1551080 11 1673606927 737829 16 235738 0 0 421134
1798520 22 1673606927 753844 16 236313 0 0 449282
2014601 2 1673606927 785852 16 236888 0 0 449131
2304870 26 1673606927 801840 16 237463 0 0 421069
2550807 30 1673606927 817808 16 238038 0 0 421118
2691299 22 1673606927 833831 16 238613 0 0 449294
2746594 23 1673606927 865803 16 239188 0 0 449248
2750611 -1 1673606927 881801 16 239763 0 0 421080
2689338 12 1673606927 897804 16 240338 0 0 421335
2498621 20 1673606927 913803 16 240913 0 0 449342
2319260 1 1673606927 945806 16 241488 0 0 449258
2096730 -5 1673606927 961778 16 242063 0 0 421232
1776365 -5 1673606927 977764 16 242638 0 0 449413
1446908 -4 1673606927 993742 16 243213 0 0 449420
1290687 1 1673606928 25760 16 243788 0 0 449385
1043688 -2 1673606928 41732 16 244363 0 0 421374
719023 -26 1673606928 57747 16 244937 0 0 449426
461965 -9 1673606928 73695 16 245512 0 0 449366
309544 -1 1673606928 105697 16 246087 0 0 449560
249416 -94 1673606928 121688 16 246662 0 0 421478
244177 -19 1673606928 137834 16 247237 0 0 449589
278968 -11 1673606928 153714 16 247813 0 0 449079
472380 11 1673606928 185672 16 248387 0 0 449356
752115 10 1673606928 201592 16 248962 0 0 421240
967864 -11 1673606928 217656 16 249537 0 0 449614
1167690 13 1673606928 233688 16 250112 0 0 449389
1439821 -17 1673606928 265664 16 250687 0 0 449330
1736496 -14 1673606928 281664 16 251262 0 0 421092
1994267 2 1673606928 297665 16 251837 0 0 449170
2287296 21 1673606928 329635 16 252412 0 0 449135
2494418 24 1673606928 345636 16 252987 0 0 421496
2643680 13 1673606928 361619 16 253562 0 0 421166
2707844 5 1673606928 377619 16 254137 0 0 449265
2748007 -3 1673606928 409620 16 254712 0 0 448983
2726980 9 1673606928 425582 16 255287 0 0 421130
2623960 -2422 1673606928 441596 16 255862 0 0 421376
2547722 504 1673606928 457528 16 256437 0 0 449382
2318847 176 1673606928 489632 16 257012 0 0 449621
2110591 -357 1673606928 505604 16 257587 0 0 421458
1912274 133 1673606928 521651 16 258162 0 0 449606
1538318 2692 1673606928 537553 16 258737 0 0 449445
1193654 -1944 1673606928 569620 16 259312 0 0 449731
881071 -96 1673606928 585615 16 259887 0 0 421596
722604 19 1673606928 601630 16 260462 0 0 449691
530624 18 1673606928 617544 16 261037 0 0 449505
424385 -3 1673606928 649602 16 261612 0 0 449857
271105 13 1673606928 665579 16 262187 0 0 421491
264411 4 1673606928 681579 16 262762 0 0 449739
378227 7 1673606928 697585 16 263337 0 0 449640
512713 27 1673606928 729579 16 263912 0 0 449784
600337 21 1673606928 745556 16 264487 0 0 421367
778884 26 1673606928 761564 16 265062 0 0 449582
1025719 15 1673606928 777564 16 265637 0 0 449537
1450769 27 1673606928 809566 16 266212 0 0 449589
1734962 25 1673606928 825601 16 266787 0 0 421208
2006501 3 1673606928 841566 16 267361 0 0 449115
2146223 -1353 1673606928 857562 16 267936 0 0 449157
2351842 -362 1673606928 889555 16 268511 0 0 449171
2588167 391 1673606928 905493 16 269086 0 0 421122
2716428 -272 1673606928 921487 16 269661 0 0 449411
2748391 -356 1673606928 953482 16 270236 0 0 449352
2689897 -103 1673606928 969469 16 270811 0 0 421308
2569477 78 1673606928 985455 16 271386 0 0 421354
2441871 214 1673606929 1425 16 271961 0 0 449481
2165743 -189 1673606929 33482 16 272536 0 0 449806
1765197 -153 1673606929 49474 16 273111 0 0 421557
1520089 592 1673606929 65457 16 273686 0 0 421571
1353943 -8 1673606929 81483 16 274261 0 0 449701
1115315 -212 1673606929 113462 16 274836 0 0 449391
790716 48 1673606929 129463 16 275411 0 0 421313
638947 33 1673606929 145456 16 275986 0 0 449381
600726 83 1673606929 161437 16 276561 0 0 449360
407861 -289 1673606929 193418 16 277136 0 0 449377
251676 507 1673606929 209387 16 277711 0 0 421212
270708 -38 1673606929 225423 16 278286 0 0 449447
277296 5251 1673606929 241405 16 278861 0 0 449293
360315 288 1673606929 273437 16 279436 0 0 449297
575282 -3 1673606929 289474 16 280011 0 0 421284
850008 -12 1673606929 305393 16 280586 0 0 449212
1050378 -10 1673606929 321316 16 281161 0 0 449501
1367685 -14 1673606929 353381 16 281736 0 0 449748
1830699 -2356 1673606929 369373 16 282311 0 0 421548
2031120 -1535 1673606929 385375 16 282886 0 0 449636
2258459 -100 1673606929 401435 16 283461 0 0 449520
2452105 7 1673606929 433360 16 284036 0 0 449436
2633961 14 1673606929 449332 16 284611 0 0 421363
2710502 30 1673606929 465346 16 285186 0 0 449565
2746890 54 1673606929 481366 16 285761 0 0 449646
2714824 23 1673606929 513343 16 286336 0 0 449290
2643484 8 1673606929 529339 16 286911 0 0 420962
2481014 14 1673606929 545321 16 287485 0 0 449012
2260902 -945 1673606929 577312 16 288061 0 0 449145
1980938 426 1673606929 593288 16 288635 0 0 421035
1924500 70 1673606929 609288 16 289211 0 0 421427
1729055 286 1673606929 625289 16 289785 0 0 449339
1404668 42 1673606929 657286 16 290360 0 0 449237
1036280 -93 1673606929 673242 16 290935 0 0 421213
740671 -166 1673606929 689266 16 291510 0 0 421438
482738 3870 1673606929 705205 16 292085 0 0 449410
347299 -2459 1673606929 737273 16 292660 0 0 449708
289087 -1058 1673606929 753258 16 293235 0 0 421411
247808 -137 1673606929 769243 16 293810 0 0 449581
268043 56 1673606929 785264 16 294385 0 0 449452
387543 57 1673606929 817245 16 294960 0 0 449476
630565 26 1673606929 833245 16 295535 0 0 421420
899168 -68 1673606929 849249 16 296110 0 0 449493
1135543 19 1673606929 865236 16 296685 0 0 449324
1355893 22 1673606929 897229 16 297260 0 0 449454
1715352 25 1673606929 913212 16 297835 0 0 421169
2100791 23 1673606929 929222 16 298410 0 0 449365
2395621 44 1673606929 945204 16 298985 0 0 449277
2573196 11 1673606929 977214 16 299560 0 0 449287
2631554 10 1673606929 993149 16 300135 0 0 421276
2713419 26 1673606930 9177 16 300710 0 0 449565
2749580 30 1673606930 25131 16 301285 0 0 449467
2692240 -21 1673606930 57142 16 301860 0 0 449643
2512647 -22 1673606930 73108 16 302435 0 0 421511
2269216 28 1673606930 89196 16 303010 0 0 449701
2070001 5 1673606930 121079 16 303585 0 0 449334
1863674 -54 1673606930 137103 16 304160 0 0 421396
1602496 3 1673606930 153134 16 304735 0 0 421248
1284298 -5 1673606930 169131 16 305310 0 0 449225
925925 -46 1673606930 201069 16 305885 0 0 449006
713053 -36 1673606930 217108 16 306460 0 0 421083
502145 -13 1673606930 233121 16 307035 0 0 420784
386924 17 1673606930 249117 16 307610 0 0 448824
281606 -87 1673606930 281123 16 308185 0 0 448719
247121 -47 1673606930 297056 16 308760 0 0 420945
294117 -59 1673606930 313058 16 309335 0 0 449154
477804 -92 1673606930 329098 16 309909 0 0 449133
645915 -23 1673606930 361070 16 310485 0 0 449199
893544 67 1673606930 377057 16 311059 0 0 421088
1099340 12 1673606930 393071 16 311634 0 0 449156
1400228 -876 1673606930 409073 16 312209 0 0 449243
1766580 804 1673606930 441082 16 312784 0 0 449282
2110776 84 1673606930 457073 16 313359 0 0 421184
2291119 99 1673606930 473078 16 313934 0 0 449297
2447825 -42 1673606930 489108 16 314509 0 0 449043
2637432 166 1673606930 520980 16 315084 0 0 449042
2733108 30 1673606930 537053 16 315659 0 0 421122
2745813 4 1673606930 553066 16 316234 0 0 448967
2688509 -97 1673606930 569064 16 316809 0 0 448876
2565366 22 1673606930 600989 16 317384 0 0 448932
2445534 18 1673606930 617030 16 317959 0 0 420929
2238401 -32 1673606930 633044 16 318534 0 0 448869
1953924 8 1673606930 649039 16 319109 0 0 448789
1592202 29 1673606930 681043 16 319684 0 0 448824
1269725 -5 1673606930 696958 16 320259 0 0 420849
909513 54 1673606930 712988 16 320834 0 0 449112
713807 -66 1673606930 744993 16 321409 0 0 449262
600838 -278 1673606930 761004 16 321984 0 0 421227
441178 -178 1673606930 777013 16 322559 0 0 421182
296799 -1245 1673606930 792956 16 323134 0 0 449160
243200 1268 1673606930 824955 16 323709 0 0 449505
285509 314 1673606930 840987 16 324284 0 0 421479
379868 41 1673606930 856959 16 324859 0 0 421349
523939 -757 1673606930 872946 16 325434 0 0 449527
755661 679 1673606930 904922 16 326009 0 0 449273
1064324 33 1673606930 920864 16 326584 0 0 421323
1334412 -12 1673606930 936900 16 327159 0 0 449608
1652805 25 1673606930 952917 16 327734 0 0 449520
1988736 136 1673606930 984920 16 328309 0 0 449492
2257702 -41 1673606931 940 16 328884 0 0 421213
2455506 -2 1673606931 16925 16 329459 0 0 449218
2574665 123 1673606931 32919 16 330034 0 0 449383
2690999 2 1673606931 64888 16 330609 0 0 449305
2739462 34 1673606931 80884 16 331184 0 0 421211
2652716 -17 1673606931 96893 16 331758 0 0 449182
2521106 76 1673606931 112890 16 332334 0 0 449044
2389956 102 1673606931 144827 16 332908 0 0 449083
2213479 -100 1673606931 160864 16 333483 0 0 421121
1983642 32 1673606931 176873 16 334058 0 0 449071
1489001 4 1673606931 192868 16 334633 0 0 449109
1020448 -72 1673606931 224839 16 335208 0 0 449074
810922 226 1673606931 240852 16 335783 0 0 421002
587642 -188 1673606931 256803 16 336358 0 0 449006
413901 53 1673606931 272847 16 336933 0 0 449262
409842 -329 1673606931 304830 16 337508 0 0 449042
284121 -10 1673606931 320822 16 338083 0 0 421068
313788 606 1673606931 336818 16 338658 0 0 449117
405469 -475 1673606931 368820 16 339233 0 0 449260
482999 41 1673606931 384794 16 339808 0 0 421214
743827 38 1673606931 400811 16 340383 0 0 421288
1025264 -28 1673606931 416795 16 340958 0 0 449279
1255657 36 1673606931 448803 16 341533 0 0 449381
1677901 160 1673606931 464761 16 342108 0 0 421125
1936177 142 1673606931 480766 16 342683 0 0 421427
2163160 190 1673606931 496769 16 343258 0 0 449470
2478881 226 1673606931 528767 16 343833 0 0 449432
2562361 -223 1673606931 544720 16 344408 0 0 421343
2631416 530 1673606931 560719 16 344983 0 0 449587
2735746 512 1673606931 576718 16 345558 0 0 449499
2729535 46 1673606931 608724 16 346133 0 0 449562
2659136 28 1673606931 624725 16 346708 0 0 421424
2550658 6 1673606931 640694 16 347283 0 0 449504
2418307 12 1673606931 656731 16 347858 0 0 449465
2177499 5 1673606931 688693 16 348433 0 0 449353
1852379 -8 1673606931 704636 16 349008 0 0 421321
1473559 9 1673606931 720679 16 349583 0 0 449596
1143176 -14 1673606931 736604 16 350158 0 0 449280
807028 -23 1673606931 768684 16 350733 0 0 449541
583423 -16 1673606931 784657 16 351308 0 0 421391
419246 -7 1673606931 800700 16 351883 0 0 449568
305456 -6 1673606931 816674 16 352458 0 0 449421
243421 -4 1673606931 848672 16 353033 0 0 449403
278312 -6 1673606931 864659 16 353607 0 0 421409
335183 9 1673606931 880670 16 354182 0 0 449498
454549 -1 1673606931 896670 16 354757 0 0 449258
738453 10 1673606931 928643 16 355332 0 0 449409
1004918 23 1673606931 944605 16 355907 0 0 421092
1225274 -15 1673606931 960604 16 356482 0 0 449372
1510725 -2028 1673606931 992621 16 357057 0 0 449281
1684766 138 1673606932 8570 16 357632 0 0 421340
1897397 -95 1673606932 24602 16 358207 0 0 421428
2285617 133 1673606932 40605 16 358782 0 0 449439
2568736 232 1673606932 72591 16 359357 0 0 449383
2664980 263 1673606932 88566 16 359932 0 0 421358
2746786 -276 1673606932 104536 16 360507 0 0 421446
2734593 443 1673606932 120585 16 361082 0 0 449604
2698584 3040 1673606932 152590 16 361657 0 0 449299
2598139 250 1673606932 168564 16 362232 0 0 421214
2375352 19 1673606932 184591 16 362807 0 0 449397
2154001 -5 1673606932 200588 16 363382 0 0 449123
2020726 -17 1673606932 232599 16 363957 0 0 449245
1791875 -18 1673606932 248589 16 364532 0 0 421170
1394874 -21 1673606932 264592 16 365107 0 0 449269
1116763 -30 1673606932 280592 16 365682 0 0 449171
774412 -34 1673606932 312592 16 366257 0 0 449065
462232 -19 1673606932 328569 16 366832 0 0 421160
363456 -22 1673606932 344573 16 367407 0 0 449322
299009 -31 1673606932 360578 16 367982 0 0 449216
250571 -28 1673606932 392498 16 368557 0 0 449293
309691 -1847 1673606932 408497 16 369132 0 0 421277
398787 -1104 1673606932 424498 16 369707 0 0 449366
554250 1296 1673606932 440488 16 370282 0 0 449328
831109 390 1673606932 472479 16 370857 0 0 449373
1112456 2821 1673606932 488423 16 371432 0 0 421305
1373280 -4288 1673606932 504419 16 372007 0 0 449579
1609715 522 1673606932 536464 16 372582 0 0 449512
1905722 -179 1673606932 552491 16 373157 0 0 421410
2155070 -1103 1673606932 568443 16 373732 0 0 421333
2377782 371 1673606932 584387 16 374307 0 0 449508
2556029 -151 1673606932 616472 16 374882 0 0 449702
2679672 -173 1673606932 632443 16 375456 0 0 421506
2744279 -53 1673606932 648474 16 376031 0 0 421573
2743380 -173 1673606932 664466 16 376606 0 0 449532
2664847 98 1673606932 696449 16 377182 0 0 449461
2502390 -133 1673606932 712451 16 377756 0 0 421337
2328458 135 1673606932 728428 16 378331 0 0 449445
2098547 -8 1673606932 744422 16 378906 0 0 449621
1808768 37 1673606932 776450 16 379481 0 0 449473
1492176 -168 1673606932 792399 16 380056 0 0 421175
1155173 -515 1673606932 808405 16 380631 0 0 449554
857138 -1196 1673606932 824398 16 381206 0 0 449431
706204 -93 1673606932 856397 16 381781 0 0 449564
531437 95 1673606932 872417 16 382356 0 0 421363
338799 85 1673606932 888340 16 382931 0 0 449403
252867 102 1673606932 904389 16 383506 0 0 449682
244849 60 1673606932 936382 16 384081 0 0 449429
342894 71 1673606932 952399 16 384656 0 0 421338
474462 -10 1673606932 968420 16 385231 0 0 449379
698740 75 1673606932 984282 16 385806 0 0 449126
953379 80 1673606933 16405 16 386381 0 0 449636
1280312 63 1673606933 32366 16 386956 0 0 421427
1530155 46 1673606933 48369 16 387531 0 0 449640
1752363 53 1673606933 64371 16 388106 0 0 449699
2028830 79 1673606933 96352 16 388681 0 0 449421
2288507 45 1673606933 112350 16 389256 0 0 421533
2501730 42 1673606933 128316 16 389831 0 0 449610
2602634 61 1673606933 160327 16 390406 0 0 449789
2716593 31 1673606933 176319 16 390981 0 0 421777
2749848 10 1673606933 192211 16 391556 0 0 421316
2702620 29 1673606933 208313 16 392131 0 0 449882
2571909 50 1673606933 240303 16 392706 0 0 449389
2348601 18 1673606933 256278 16 393281 0 0 421332
2127313 17 1673606933 272328 16 393856 0 0 421427
1902958 29 1673606933 288184 16 394431 0 0 449311
1588022 41 1673606933 320341 16 395006 0 0 449814
1249083 -27 1673606933 336288 16 395581 0 0 421482
990122 39 1673606933 352298 16 396156 0 0 449754
722517 207 1673606933 368282 16 396731 0 0 449691
474519 -65 1673606933 400259 16 397306 0 0 449365
327523 14 1673606933 416260 16 397881 0 0 421665
249353 -10 1673606933 432262 16 398455 0 0 449631
272823 6 1673606933 448261 16 399030 0 0 449536
386310 11 1673606933 480240 16 399605 0 0 449715
577610 13 1673606933 496225 16 400180 0 0 421147
831724 9 1673606933 512217 16 400755 0 0 449413
1081719 15 1673606933 528215 16 401330 0 0 449255
1321726 154 1673606933 560222 16 401905 0 0 449297
1640903 -91 1673606933 576184 16 402480 0 0 421158
1966755 -30 1673606933 592194 16 403055 0 0 449348
2194602 -284 1673606933 608200 16 403630 0 0 449414
2452048 144 1673606933 640194 16 404205 0 0 449400
2599493 79 1673606933 656205 16 404780 0 0 421325
2705756 313 1673606933 672208 16 405355 0 0 449345
2745821 8 1673606933 688108 16 405930 0 0 449281
2723233 9 1673606933 720185 16 406505 0 0 449607
2622801 18 1673606933 736171 16 407080 0 0 421456
2469691 -61 1673606933 752179 16 407655 0 0 449587
2239183 6 1673606933 784201 16 408230 0 0 449426
2013138 -13 1673606933 800148 16 408805 0 0 421365
1665698 -48 1673606933 816161 16 409380 0 0 421573
1371848 4 1673606933 832158 16 409955 0 0 449598
1108129 -5 1673606933 864160 16 410530 0 0 449647
855114 -15 1673606933 880126 16 411105 0 0 421580
593019 -33 1673606933 896142 16 411680 0 0 421346
359116 -3 1673606933 912134 16 412255 0 0 449434
252436 -8 1673606933 944115 16 412830 0 0 449413
262059 8 1673606933 960115 16 413405 0 0 421381
329163 6 1673606933 976111 16 413980 0 0 449477
511791 7 1673606933 992106 16 414555 0 0 449304
734890 55 1673606934 24064 16 415130 0 0 449367
1013688 25 1673606934 40045 16 415705 0 0 421318
1251761 66 1673606934 56132 16 416280 0 0 449462
1503430 104 1673606934 72041 16 416855 0 0 449039
1784401 47 1673606934 104071 16 417430 0 0 449416
2046513 42 1673606934 120095 16 418005 0 0 421286
2323206 22 1673606934 136097 16 418580 0 0 449261
2522043 16 1673606934 152075 16 419155 0 0 449254
2675574 917 1673606934 184097 16 419730 0 0 449317
2734809 2093 1673606934 200069 16 420304 0 0 421156
2742044 345 1673606934 216081 16 420879 0 0 449293
2675375 -57 1673606934 232081 16 421455 0 0 449282
2602464 206 1673606934 264054 16 422029 0 0 449488
2437407 113 1673606934 280045 16 422604 0 0 421114
2200366 202 1673606934 296060 16 423179 0 0 449248
1947975 1490 1673606934 328019 16 423754 0 0 449280
1693436 22 1673606934 344020 16 424329 0 0 421247
1370740 -101 1673606934 360030 16 424904 0 0 421166
1151269 -776 1673606934 376033 16 425479 0 0 449275
911522 -509 1673606934 408037 16 426054 0 0 449166
652805 -418 1673606934 424017 16 426629 0 0 421031
480683 -853 1673606934 439939 16 427204 0 0 421199
315787 -55 1673606934 455991 16 427779 0 0 449527
244586 34 1673606934 488033 16 428354 0 0 449313
260928 -259 1673606934 503967 16 428929 0 0 421253
318423 58 1673606934 520036 16 429504 0 0 449525
436659 -9 1673606934 536003 16 430079 0 0 449288
648919 15 1673606934 568009 16 430654 0 0 449439
925552 13 1673606934 584001 16 431229 0 0 421368
1268078 10 1673606934 600004 16 431804 0 0 449476
1654245 152 1673606934 616004 16 432379 0 0 449395
1902061 30 1673606934 647983 16 432954 0 0 449120
2055855 24 1673606934 663984 16 433529 0 0 421244
2289626 119 1673606934 679983 16 434104 0 0 449354
2558808 25 1673606934 695985 16 434679 0 0 449124
2707573 6 1673606934 727960 16 435254 0 0 449359
2751125 16 1673606934 743928 16 435829 0 0 421188
2740095 17 1673606934 759961 16 436404 0 0 449382
2678699 12 1673606934 775964 16 436979 0 0 449239
2552903 -1 1673606934 807925 16 437554 0 0 449239
2262853 3 1673606934 823970 16 438129 0 0 421197
1991844 8 1673606934 839973 16 438704 0 0 449097
1688411 -1 1673606934 855940 16 439279 0 0 449090
1416416 3 1673606934 887927 16 439854 0 0 449202
1133398 -31 1673606934 903916 16 440429 0 0 421145
847512 -2 1673606934 919913 16 441004 0 0 449238
635132 -15 1673606934 951892 16 441579 0 0 449136
440236 5 1673606934 967910 16 442154 0 0 421193
300502 -6 1673606934 983887 16 442728 0 0 421043
240949 -16 1673606934 999885 16 443303 0 0 449166
265191 17 1673606935 31886 16 443879 0 0 449428
347700 10 1673606935 47821 16 444453 0 0 421313
488481 27 1673606935 63884 16 445028 0 0 421426
746046 48 1673606935 79854 16 445603 0 0 449270
996931 32 1673606935 111854 16 446178 0 0 449337
1322099 13 1673606935 127837 16 446753 0 0 421250
1610070 5 1673606935 143809 16 447328 0 0 449368
1925651 17 1673606935 159838 16 447903 0 0 449627
2190911 31 1673606935 191754 16 448478 0 0 449445
2487797 36 1673606935 207782 16 449053 0 0 421338
2604319 29 1673606935 223759 16 449628 0 0 449365
2730370 8 1673606935 239724 16 450203 0 0 449217
2753310 -11 1673606935 271742 16 450778 0 0 449561
2687606 -6 1673606935 287667 16 451353 0 0 421363
2552591 16 1673606935 303746 16 451928 0 0 449704
2370349 5 1673606935 319729 16 452503 0 0 449368
2133814 5 1673606935 351721 16 453078 0 0 449329
1701303 1 1673606935 367674 16 453653 0 0 421362
1505277 -15 1673606935 383713 16 454228 0 0 449530
1393396 -17 1673606935 399734 16 454803 0 0 449491
1105658 7 1673606935 431736 16 455378 0 0 449337
628867 1 1673606935 447707 16 455953 0 0 421136
350416 10 1673606935 463741 16 456528 0 0 449330
286150 10 1673606935 479715 16 457103 0 0 448946
242249 2 1673606935 511713 16 457678 0 0 449313
248939 -18 1673606935 527687 16 458253 0 0 421179
293764 9 1673606935 543686 16 458828 0 0 449340
506882 25 1673606935 575664 16 459403 0 0 449178
795014 -119 1673606935 591664 16 459978 0 0 421257
1105787 31 1673606935 607705 16 460553 0 0 421331
1342343 24 1673606935 623594 16 461128 0 0 449265
1646327 8 1673606935 655651 16 461703 0 0 449556
1921654 16 1673606935 671629 16 462278 0 0 421549
2234710 -1621 1673606935 687626 16 462853 0 0 421535
2430534 -383 1673606935 703700 16 463428 0 0 449620
2642784 2 1673606935 735680 16 464003 0 0 449270
2748573 26 1673606935 751674 16 464578 0 0 421208
2748816 -93 1673606935 767651 16 465153 0 0 449286
2702893 6 1673606935 783575 16 465727 0 0 449269
2596468 -12 1673606935 815686 16 466302 0 0 449680
2332229 -6 1673606935 831601 16 466877 0 0 421115
2022539 -1 1673606935 847660 16 467452 0 0 449541
1761877 14 1673606935 863633 16 468027 0 0 449257
1551731 15 1673606935 895606 16 468602 0 0 449341
1254504 -12 1673606935 911601 16 469177 0 0 421547
896500 4 1673606935 927584 16 469752 0 0 449624
639445 -9 1673606935 943541 16 470327 0 0 449662
380838 -10 1673606935 975582 16 470902 0 0 449831
272699 2 1673606935 991583 16 471477 0 0 421450
251344 9 1673606936 7495 16 472052 0 0 449620
242285 -11 1673606936 23501 16 472627 0 0 449631
307402 -17 1673606936 55485 16 473202 0 0 449816
526749 -14 1673606936 71668 16 473777 0 0 421659
666022 -11 1673606936 87575 16 474352 0 0 449076
814662 -24 1673606936 103533 16 474927 0 0 449387
1019971 12 1673606936 135531 16 475502 0 0 449475
1251904 -22 1673606936 151507 16 476077 0 0 421250
1528204 37 1673606936 167645 16 476652 0 0 449446
1933968 -43 1673606936 199600 16 477227 0 0 448969
2285484 32 1673606936 215604 16 477802 0 0 420622
2465363 -23 1673606936 231584 16 478377 0 0 420629
2564903 -14 1673606936 247600 16 478952 0 0 448762
2674946 47 1673606936 279607 16 479527 0 0 449340
2750766 25 1673606936 295587 16 480102 0 0 420930
2705408 -2 1673606936 311527 16 480677 0 0 420852
2600601 7 1673606936 327570 16 481252 0 0 449138
2428161 -210 1673606936 359593 16 481827 0 0 448903
2234157 32 1673606936 375612 16 482402 0 0 421287
1892000 -37 1673606936 391586 16 482977 0 0 449257
1627267 1743 1673606936 407595 16 483552 0 0 449363
1371323 -924 1673606936 439511 16 484127 0 0 449261
983599 -67 1673606936 455558 16 484702 0 0 421315
725528 -8 1673606936 471455 16 485277 0 0 449232
577157 175 1673606936 487540 16 485852 0 0 449526
365386 -1748 1673606936 519508 16 486427 0 0 449018
251167 1021 1673606936 535470 16 487001 0 0 421071
239670 74 1673606936 551423 16 487576 0 0 449301
317968 23 1673606936 567478 16 488151 0 0 449533
411689 28 1673606936 599487 16 488726 0 0 449250
531715 12 1673606936 615464 16 489301 0 0 421197
646253 9 1673606936 631485 16 489876 0 0 449280
1000370 19 1673606936 647433 16 490451 0 0 449371
1480011 29 1673606936 679449 16 491026 0 0 449190
1759326 18 1673606936 695456 16 491601 0 0 421397
1896328 37 1673606936 711447 16 492176 0 0 449469
2208798 10 1673606936 743415 16 492751 0 0 449367
2367921 10 1673606936 759410 16 493326 0 0 421154
2517313 28 1673606936 775424 16 493901 0 0 421364
2688398 61 1673606936 791437 16 494476 0 0 449399
2751963 22 1673606936 823424 16 495051 0 0 449272
2751595 36 1673606936 839465 16 495626 0 0 421281
2714866 32 1673606936 855299 16 496201 0 0 420954
2612989 28 1673606936 871322 16 496776 0 0 449633
2341409 21 1673606936 903409 16 497351 0 0 449577
1971285 11 1673606936 919386 16 497926 0 0 421393
1651010 16 1673606936 935336 16 498501 0 0 449522
1455862 17 1673606936 951407 16 499076 0 0 449681
1231546 -4 1673606936 983398 16 499651 0 0 449482
867574 2 1673606936 999384 16 500226 0 0 421459
542717 -18 1673606937 15373 16 500801 0 0 449573
423835 5 1673606937 31364 16 501376 0 0 449755
327871 -3 1673606937 63368 16 501951 0 0 449198
241414 -2 1673606937 79341 16 502526 0 0 421199
253429 -7 1673606937 95326 16 503101 0 0 449446
280750 35 1673606937 111320 16 503676 0 0 449418
549894 112 1673606937 143308 16 504251 0 0 449263
1007372 217 1673606937 159294 16 504826 0 0 421446
1172274 32 1673606937 175297 16 505401 0 0 449563
1270701 47 1673606937 191297 16 505976 0 0 449503
1497533 674 1673606937 223295 16 506551 0 0 449465
1801904 -1945 1673606937 239325 16 507126 0 0 421359
2114195 2055 1673606937 255259 16 507701 0 0 449333
2368941 -115 1673606937 271209 16 508276 0 0 449471
2628181 -1904 1673606937 303289 16 508850 0 0 449496
2725588 32 1673606937 319282 16 509425 0 0 421329
2755684 13 1673606937 335296 16 510000 0 0 449419
2735853 22 1673606937 367245 16 510576 0 0 449419
2618383 32 1673606937 383252 16 511150 0 0 421349
2358637 -1 1673606937 399249 16 511725 0 0 421324
2133657 19 1673606937 415248 16 512300 0 0 449409
1822092 19 1673606937 447227 16 512875 0 0 449518
1699188 2231 1673606937 463204 16 513450 0 0 421228
1495829 -221 1673606937 479224 16 514025 0 0 421230
1018930 344 1673606937 495223 16 514600 0 0 449306
615447 229 1673606937 527180 16 515175 0 0 449285
456621 80 1673606937 543177 16 515750 0 0 421198
347474 -183 1673606937 559178 16 516325 0 0 449289
241063 55 1673606937 575178 16 516900 0 0 449310
246572 -1979 1673606937 607135 16 517475 0 0 449300
303550 1948 1673606937 623189 16 518050 0 0 421258
428659 129 1673606937 639219 16 518625 0 0 449127
693698 10 1673606937 655115 16 519200 0 0 448941
1045062 -2 1673606937 687139 16 519775 0 0 449378
1403208 24 1673606937 703129 16 520350 0 0 421278
1675623 2 1673606937 719151 16 520925 0 0 449351
1874124 6 1673606937 735139 16 521500 0 0 449263
2104341 -20 1673606937 767152 16 522075 0 0 449309
2276224 -11 1673606937 783152 16 522650 0 0 421221
2579457 6 1673606937 799151 16 523225 0 0 449260
2724787 -18 1673606937 815181 16 523800 0 0 449452
2753385 25 1673606937 847125 16 524375 0 0 449452
2754804 18 1673606937 863117 16 524950 0 0 421058
2694454 25 1673606937 879127 16 525525 0 0 449183
2514518 4 1673606937 895106 16 526100 0 0 449113
2295020 -35 1673606937 927090 16 526675 0 0 449264
2066247 -28 1673606937 943093 16 527250 0 0 421160
1852277 -25 1673606937 959093 16 527825 0 0 449237
1564774 -3 1673606937 991088 16 528400 0 0 449237
1316497 -8 1673606938 7057 16 528975 0 0 421161
946418 -31 1673606938 23110 16 529550 0 0 421376
653415 -7 1673606938 39094 16 530125 0 0 449217
602641 12 1673606938 70991 16 530700 0 0 449245
389190 -7 1673606938 87018 16 531274 0 0 421246
246261 -4 1673606938 103071 16 531849 0 0 421077
237838 -23 1673606938 119072 16 532424 0 0 448954
287328 -3 1673606938 150982 16 532999 0 0 448961
595366 43 1673606938 167060 16 533574 0 0 420964
878192 8 1673606938 183045 16 534149 0 0 448764
859235 -19 1673606938 199044 16 534724 0 0 448707
1118117 -30 1673606938 231040 16 535299 0 0 448896
1521995 10 1673606938 247091 16 535874 0 0 420767
1872531 26 1673606938 263011 16 536449 0 0 448623
2170040 27 1673606938 279009 16 537024 0 0 449000
2475940 14 1673606938 310997 16 537599 0 0 449193
2603794 38 1673606938 326990 16 538174 0 0 421130
2603528 -17 1673606938 342913 16 538749 0 0 449152
2719990 8 1673606938 358970 16 539324 0 0 449696
2725414 108 1673606938 390972 16 539899 0 0 449444
2617913 -1 1673606938 406946 16 540474 0 0 421362
2447681 29 1673606938 422995 16 541049 0 0 449526
2201485 4 1673606938 439035 16 541624 0 0 449533
2121088 6 1673606938 470930 16 542199 0 0 449111
1912070 -7 1673606938 486976 16 542774 0 0 421120
1493739 -11 1673606938 502941 16 543349 0 0 449025
1172699 1 1673606938 518946 16 543924 0 0 449124
857500 902 1673606938 550955 16 544499 0 0 448835
628217 -1172 1673606938 566917 16 545074 0 0 420950
483698 340 1673606938 582951 16 545649 0 0 449161
409722 -56 1673606938 614931 16 546224 0 0 448951
266794 -44 1673606938 630920 16 546799 0 0 421064
255412 -42 1673606938 646925 16 547374 0 0 421242
332708 -51 1673606938 662931 16 547949 0 0 449209
461851 -10 1673606938 694939 16 548524 0 0 449349
626664 166 1673606938 710920 16 549099 0 0 421142
949080 50 1673606938 726949 16 549674 0 0 421227
1223458 -77 1673606938 742952 16 550249 0 0 449209
1420800 45 1673606938 774920 16 550824 0 0 449065
1744361 79 1673606938 790972 16 551399 0 0 421136
2213246 14 1673606938 806944 16 551974 0 0 449013
2480991 -28 1673606938 822951 16 552549 0 0 449072
2643540 175 1673606938 854872 16 553124 0 0 449065
2710190 782 1673606938 870858 16 553698 0 0 421031
2750473 -3967 1673606938 886901 16 554273 0 0 449163
2722505 -180 1673606938 902899 16 554848 0 0 448946
2545734 8 1673606938 934861 16 555423 0 0 449055
2416434 25 1673606938 950888 16 555998 0 0 421022
2259649 37 1673606938 966877 16 556573 0 0 448976
1895134 44 1673606938 982876 16 557148 0 0 449196
1381661 41 1673606939 14856 16 557723 0 0 449101
1224616 45 1673606939 30844 16 558298 0 0 421067
958580 41 1673606939 46850 16 558873 0 0 449165
624442 44 1673606939 62852 16 559448 0 0 449095
456201 35 1673606939 94821 16 560023 0 0 449238
357438 48 1673606939 110817 16 560598 0 0 421182
253713 18 1673606939 126834 16 561173 0 0 449239
259681 41 1673606939 158804 16 561748 0 0 449274
383761 52 1673606939 174812 16 562323 0 0 421186
558391 1041 1673606939 190772 16 562898 0 0 421154
660059 -86 1673606939 206802 16 563473 0 0 449354
938296 379 1673606939 238761 16 564048 0 0 449206
1268429 -87 1673606939 254665 16 564623 0 0 421187
1639847 98 1673606939 270781 16 565198 0 0 421533
1859239 270 1673606939 286784 16 565773 0 0 449178
2068110 1121 1673606939 318776 16 566348 0 0 449153
2328448 228 1673606939 334743 16 566923 0 0 421144
2597654 31 1673606939 350753 16 567498 0 0 449310
2676394 12 1673606939 366753 16 568073 0 0 449303
2716309 -109 1673606939 398756 16 568648 0 0 449162
2726304 -1271 1673606939 414704 16 569223 0 0 421188
2643015 269 1673606939 430726 16 569798 0 0 449411
2605577 -529 1673606939 446725 16 570373 0 0 448995
2420576 317 1673606939 478727 16 570948 0 0 449403
2118225 55 1673606939 494682 16 571523 0 0 421336
1839254 -97 1673606939 510686 16 572098 0 0 449563
1502672 -1338 1673606939 526681 16 572673 0 0 449433
1146607 -6 1673606939 558683 16 573248 0 0 449486
1090388 36 1673606939 574655 16 573823 0 0 421408
898695 17 1673606939 590668 16 574398 0 0 449585
538318 26 1673606939 606630 16 574972 0 0 449259
344355 47 1673606939 638647 16 575548 0 0 449567
304301 30 1673606939 654590 16 576122 0 0 421424
246864 -1115 1673606939 670672 16 576697 0 0 449703
293921 1182 1673606939 686673 16 577272 0 0 449258
403741 146 1673606939 718656 16 577847 0 0 449269
595803 173 1673606939 734642 16 578422 0 0 421190
864203 -9 1673606939 750592 16 578997 0 0 449317
1153017 19 1673606939 782624 16 579572 0 0 449395
1342669 55 1673606939 798569 16 580147 0 0 421433
1480137 122 1673606939 814584 16 580722 0 0 421396
2008940 -34 1673606939 830539 16 581297 0 0 449483
2427797 -20 1673606939 862640 16 581872 0 0 449440
2499018 -23 1673606939 878565 16 582447 0 0 421562
2591808 334 1673606939 894577 16 583022 0 0 421830
2741361 28 1673606939 910578 16 583597 0 0 449849
2740644 -1018 1673606939 942611 16 584172 0 0 449797
2697761 -18 1673606939 958589 16 584747 0 0 421516
2613922 109 1673606939 974593 16 585322 0 0 449697
2425430 4149 1673606939 990627 16 585897 0 0 449489
1994304 274 1673606940 22548 16 586472 0 0 449423
1658787 13 1673606940 38517 16 587047 0 0 421258
1479774 13 1673606940 54546 16 587622 0 0 449531
1322583 -14 1673606940 70549 16 588197 0 0 449165
1114333 -15 1673606940 102548 16 588772 0 0 449197
805767 -36 1673606940 118522 16 589347 0 0 421125
458686 -15 1673606940 134450 16 589922 0 0 449322
264349 -13 1673606940 150418 16 590497 0 0 449498
235713 -10 1673606940 182525 16 591072 0 0 449625
245972 -23 1673606940 198529 16 591647 0 0 421574
300915 1 1673606940 214530 16 592222 0 0 449567
459895 -31 1673606940 230527 16 592797 0 0 449454
642958 -23 1673606940 262509 16 593372 0 0 449566
1058266 -34 1673606940 278495 16 593947 0 0 421516
1505757 6 1673606940 294486 16 594522 0 0 449641
1561168 -13 1673606940 310465 16 595097 0 0 449581
1659512 7 1673606940 342467 16 595672 0 0 449401
2071264 3 1673606940 358456 16 596247 0 0 421211
2473359 22 1673606940 374394 16 596822 0 0 449419
2569409 20 1673606940 406454 16 597397 0 0 449651
2705782 15 1673606940 422463 16 597971 0 0 421478
2755072 3 1673606940 438382 16 598546 0 0 421435
2741250 -27 1673606940 454392 16 599121 0 0 449782
2690860 -2 1673606940 486450 16 599697 0 0 449795
2550258 4 1673606940 502450 16 600271 0 0 421588
2221447 -10 1673606940 518441 16 600846 0 0 421514
1886988 -7 1673606940 534367 16 601421 0 0 449623
1726151 -7 1673606940 566430 16 601996 0 0 449846
1566092 -9 1673606940 582421 16 602571 0 0 421496
1087188 -4 1673606940 598405 16 603146 0 0 449705
795394 -21 1673606940 614407 16 603721 0 0 449793
689406 -11 1673606940 646404 16 604296 0 0 449500
452943 -11 1673606940 662403 16 604871 0 0 421364
251609 -6 1673606940 678396 16 605446 0 0 449543
238186 -14 1673606940 694335 16 606021 0 0 449568
237194 -5 1673606940 726354 16 606596 0 0 449751
331152 -6 1673606940 742352 16 607171 0 0 421397
676563 3 1673606940 758333 16 607746 0 0 449536
916141 3 1673606940 774369 16 608321 0 0 449571
1147900 6 1673606940 806326 16 608896 0 0 449388
1318589 -2 1673606940 822240 16 609471 0 0 421357
1447414 -4 1673606940 838268 16 610046 0 0 449734
1712004 1 1673606940 854280 16 610621 0 0 449632
2177981 4 1673606940 886331 16 611196 0 0 449566
2464261 4 1673606940 902327 16 611771 0 0 421230
2626450 398 1673606940 918352 16 612346 0 0 449337
2735330 179 1673606940 950268 16 612921 0 0 449242
2756596 133 1673606940 966303 16 613496 0 0 421173
2751211 45 1673606940 982300 16 614071 0 0 421177
2662586 27 1673606940 998263 16 614646 0 0 449226
2434163 -22 1673606941 30267 16 615221 0 0 449052
2170708 -212 1673606941 46256 16 615796 0 0 421071
1805570 -177 1673606941 62249 16 616371 0 0 421151
1539473 132 1673606941 78219 16 616946 0 0 449297
1403244 -50 1673606941 110230 16 617521 0 0 449388
1213381 64 1673606941 126217 16 618096 0 0 421390
792813 -149 1673606941 142218 16 618671 0 0 449438
405591 -25 1673606941 158224 16 619246 0 0 449557
327595 -306 1673606941 190197 16 619820 0 0 449428
259432 2084 1673606941 206224 16 620395 0 0 421245
243576 109 1673606941 222091 16 620970 0 0 449230
286268 -18 1673606941 238144 16 621545 0 0 449662
404822 -16 1673606941 270205 16 622120 0 0 449452
802354 -989 1673606941 286178 16 622695 0 0 421217
1006007 -1789 1673606941 302193 16 623270 0 0 449398
1059044 814 1673606941 318190 16 623845 0 0 449300
1419366 478 1673606941 350192 16 624420 0 0 449314
1905623 -1774 1673606941 366168 16 624995 0 0 421355
2147563 -2199 1673606941 382168 16 625570 0 0 449491
2419217 -219 1673606941 398167 16 626145 0 0 449586
2642100 22 1673606941 430175 16 626720 0 0 449119
2699137 32 1673606941 446156 16 627295 0 0 421221
2745495 52 1673606941 462126 16 627870 0 0 449417
2728508 38 1673606941 478124 16 628445 0 0 449428
2649802 60 1673606941 510120 16 629020 0 0 449488
2509759 31 1673606941 526112 16 629595 0 0 421404
2260820 35 1673606941 542125 16 630170 0 0 449510
1989482 25 1673606941 574062 16 630745 0 0 449381
1673507 37 1673606941 590100 16 631320 0 0 421360
1534257 16 1673606941 606175 16 631895 0 0 421223
1376724 34 1673606941 622051 16 632470 0 0 449044
932728 36 1673606941 654107 16 633045 0 0 449416
560161 22 1673606941 670098 16 633620 0 0 421185
438400 27 1673606941 686107 16 634195 0 0 421210
326060 30 1673606941 702107 16 634770 0 0 449251
250571 18 1673606941 734089 16 635345 0 0 449223
237566 8 1673606941 750072 16 635920 0 0 421208
295638 6 1673606941 766085 16 636495 0 0 449289
414341 32 1673606941 782078 16 637070 0 0 449376
645074 34 1673606941 814094 16 637645 0 0 449663
966825 44 1673606941 830080 16 638220 0 0 421134
1293419 30 1673606941 846092 16 638795 0 0 449308
1417394 45 1673606941 862083 16 639369 0 0 449137
1717312 28 1673606941 894036 16 639945 0 0 449298
2130336 29 1673606941 910029 16 640520 0 0 421263
2352626 47 1673606941 926036 16 641095 0 0 449348
2540265 54 1673606941 942036 16 641670 0 0 449264
2682777 37 1673606941 974007 16 642244 0 0 449212
2755185 35 1673606941 990058 16 642819 0 0 421137
2757008 31 1673606942 6038 16 643394 0 0 449048
2690052 44 1673606942 21949 16 643969 0 0 449069
2556664 33 1673606942 53960 16 644544 0 0 449523
2368639 10 1673606942 70003 16 645119 0 0 421308
2182933 28 1673606942 86013 16 645694 0 0 449192
1906114 15 1673606942 102013 16 646269 0 0 449133
1559001 19 1673606942 134015 16 646844 0 0 449157
1221640 18 1673606942 149977 16 647419 0 0 421177
864073 4 1673606942 165989 16 647994 0 0 449361
714578 17 1673606942 197986 16 648569 0 0 449498
567898 7 1673606942 213985 16 649144 0 0 421354
382165 3 1673606942 229965 16 649719 0 0 421043
272211 0 1673606942 245962 16 650294 0 0 449199
238987 -7 1673606942 277945 16 650869 0 0 449360
294717 -9 1673606942 293886 16 651444 0 0 421334
398446 10 1673606942 309916 16 652019 0 0 421542
564877 7 1673606942 325916 16 652594 0 0 449515
866161 25 1673606942 357918 16 653169 0 0 449381
1135263 13 1673606942 373916 16 653744 0 0 421345
1539747 38 1673606942 389954 16 654319 0 0 449426
1979454 48 1673606942 405933 16 654894 0 0 449289
2303569 50 1673606942 437860 16 655469 0 0 449293
2516665 56 1673606942 453866 16 656044 0 0 421270
2671029 47 1673606942 469894 16 656619 0 0 449311
2750138 31 1673606942 485878 16 657194 0 0 449005
2753327 34 1673606942 517796 16 657769 0 0 449166
2698521 24 1673606942 533832 16 658344 0 0 421162
2526627 40 1673606942 549860 16 658919 0 0 449114
2323751 24 1673606942 565841 16 659494 0 0 449009
2025415 25 1673606942 597838 16 660069 0 0 449209
1721831 17 1673606942 613841 16 660644 0 0 421061
1491630 22 1673606942 629834 16 661219 0 0 449063
1284019 32 1673606942 645834 16 661794 0 0 449108
985576 17 1673606942 677789 16 662369 0 0 449206
724964 6 1673606942 693767 16 662944 0 0 421114
452023 20 1673606942 709794 16 663518 0 0 449097
312773 11 1673606942 725787 16 664094 0 0 449226
245173 15 1673606942 757775 16 664669 0 0 449349
265748 19 1673606942 773723 16 665243 0 0 421167
332665 -8 1673606942 789799 16 665818 0 0 449424
414054 -5 1673606942 821769 16 666393 0 0 449169
687758 11 1673606942 837724 16 666968 0 0 421095
1210686 41 1673606942 853779 16 667543 0 0 421253
1433270 47 1673606942 869758 16 668118 0 0 449097
1508426 32 1673606942 901739 16 668693 0 0 449192
1758958 35 1673606942 917681 16 669268 0 0 421129
2269565 24 1673606942 933740 16 669843 0 0 421309
2569538 26 1673606942 949744 16 670418 0 0 449217
2636619 30 1673606942 981700 16 670993 0 0 449020
2722699 18 1673606942 997697 16 671568 0 0 421248
2747662 31 1673606943 13675 16 672143 0 0 449308
2665529 31 1673606943 29605 16 672718 0 0 449227
2539419 33 1673606943 61682 16 673293 0 0 449666
2284749 23 1673606943 77662 16 673868 0 0 421449
2006229 15 1673606943 93655 16 674443 0 0 449579
1824693 32 1673606943 109579 16 675018 0 0 449399
1544646 14 1673606943 141634 16 675593 0 0 449873
1274705 23 1673606943 157577 16 676168 0 0 421763
926543 1 1673606943 173593 16 676743 0 0 450001
679476 -20 1673606943 189572 16 677318 0 0 449935
508149 0 1673606943 221553 16 677893 0 0 449931
412058 22 1673606943 237517 16 678468 0 0 421625
333407 -14 1673606943 253592 16 679043 0 0 449895
250193 -18 1673606943 269591 16 679618 0 0 449563
238285 12 1673606943 301521 16 680193 0 0 449542
304694 -12 1673606943 317675 16 680768 0 0 421259
402003 1 1673606943 333642 16 681343 0 0 448848
527797 6 1673606943 365625 16 681918 0 0 448764
668385 36 1673606943 381640 16 682493 0 0 420758
894219 9 1673606943 397584 16 683068 0 0 420632
1238621 21 1673606943 413645 16 683643 0 0 448889
1708702 13 1673606943 445647 16 684218 0 0 448549
2103011 47 1673606943 461504 16 684793 0 0 420733
2312287 20 1673606943 477491 16 685368 0 0 421236
2397976 15 1673606943 493548 16 685942 0 0 449198
2534124 23 1673606943 525521 16 686517 0 0 449534
2711260 18 1673606943 541559 16 687092 0 0 421366
2752794 16 1673606943 557514 16 687667 0 0 449294
2695052 10 1673606943 573543 16 688242 0 0 449505
2530416 21 1673606943 605501 16 688817 0 0 449206
2404107 3 1673606943 621452 16 689392 0 0 421380
2176202 10 1673606943 637511 16 689967 0 0 449631
1813616 20 1673606943 653451 16 690542 0 0 448918
1396485 34 1673606943 685437 16 691117 0 0 449181
1069525 -7 1673606943 701451 16 691692 0 0 421317
831172 -10 1673606943 717454 16 692267 0 0 449320
585611 10 1673606943 733490 16 692842 0 0 449443
415976 -17 1673606943 765417 16 693417 0 0 449158
321300 4 1673606943 781452 16 693992 0 0 421248
254127 5 1673606943 797452 16 694567 0 0 449165
245456 -13 1673606943 813449 16 695142 0 0 448992
286306 -4 1673606943 845472 16 695717 0 0 449209
371458 -7 1673606943 861470 16 696292 0 0 420901
554999 10 1673606943 877451 16 696867 0 0 448972
772458 18 1673606943 893419 16 697442 0 0 449088
1154091 15 1673606943 925425 16 698017 0 0 449211
1419218 22 1673606943 941385 16 698592 0 0 421256
1710419 3 1673606943 957396 16 699167 0 0 449408
1932259 17 1673606943 989396 16 699742 0 0 449492
2172991 31 1673606944 5320 16 700317 0 0 421416
2369393 8 1673606944 21323 16 700892 0 0 421674
2625854 10 1673606944 37406 16 701467 0 0 449759
2745843 21 1673606944 69395 16 702042 0 0 449463
2759786 16 1673606944 85426 16 702617 0 0 421329
2726712 16 1673606944 101323 16 703192 0 0 421108
2629970 21 1673606944 117391 16 703767 0 0 449553
2437538 14 1673606944 149367 16 704342 0 0 449175
2165941 10 1673606944 165358 16 704917 0 0 421159
1830811 1 1673606944 181370 16 705491 0 0 449169
1502608 -14 1673606944 197372 16 706067 0 0 448956
1181524 -11 1673606944 229350 16 706641 0 0 448862
896425 11 1673606944 245337 16 707217 0 0 421144
656714 6 1673606944 261323 16 707792 0 0 449256
389179 -11 1673606944 277317 16 708366 0 0 449316
257980 -4 1673606944 309322 16 708941 0 0 448973
234123 2 1673606944 325326 16 709516 0 0 421130
292470 6 1673606944 341301 16 710091 0 0 449171
432641 -11 1673606944 357296 16 710666 0 0 449325
600967 5 1673606944 389321 16 711241 0 0 449287
726922 -1 1673606944 405184 16 711816 0 0 421294
1081217 19 1673606944 421259 16 712391 0 0 449787
1479185 20 1673606944 437308 16 712966 0 0 449479
1855018 5 1673606944 469315 16 713541 0 0 449356
2095823 8 1673606944 485354 16 714116 0 0 421253
2299605 3 1673606944 501278 16 714691 0 0 449197
2470724 30 1673606944 517294 16 715266 0 0 449479
2639746 30 1673606944 549288 16 715841 0 0 449335
2741643 29 1673606944 565283 16 716416 0 0 421247
2754685 22 1673606944 581253 16 716991 0 0 449362
2675974 16 1673606944 613258 16 717566 0 0 448983
2559580 21 1673606944 629250 16 718141 0 0 421164
2348799 9 1673606944 645241 16 718716 0 0 421364
2145029 -6 1673606944 661230 16 719291 0 0 449478
1907167 20 1673606944 693212 16 719866 0 0 449653
1633649 1 1673606944 709199 16 720441 0 0 421325
1274762 1 1673606944 725210 16 721016 0 0 421426
938342 4 1673606944 741212 16 721591 0 0 449459
697069 9 1673606944 773203 16 722166 0 0 449434
468667 -1 1673606944 789287 16 722741 0 0 421260
311291 -7 1673606944 805132 16 723316 0 0 449048
235393 -10 1673606944 821134 16 723891 0 0 449569
265451 -17 1673606944 853198 16 724466 0 0 449530
378879 4 1673606944 869204 16 725041 0 0 421359
521250 2 1673606944 885175 16 725616 0 0 449399
707595 16 1673606944 901106 16 726191 0 0 449455
1045074 -9 1673606944 933180 16 726766 0 0 449737
1350867 21 1673606944 949167 16 727341 0 0 421603
1556697 8 1673606944 965179 16 727916 0 0 449717
1707130 8 1673606944 981179 16 728490 0 0 449870
2095162 11 1673606945 13181 16 729066 0 0 449419
2359224 31 1673606945 29158 16 729641 0 0 421348
2483772 39 1673606945 45136 16 730215 0 0 449463
2639818 37 1673606945 61138 16 730790 0 0 449561
2754320 28 1673606945 93136 16 731365 0 0 449452
2734235 26 1673606945 109122 16 731940 0 0 421135
2683806 47 1673606945 125112 16 732515 0 0 449325
2552999 17 1673606945 157039 16 733090 0 0 449314
2359294 20 1673606945 173076 16 733665 0 0 421442
2131153 10 1673606945 189184 16 734240 0 0 421215
1858729 11 1673606945 205069 16 734815 0 0 448916
1586948 -1 1673606945 237107 16 735390 0 0 449340
1212331 21 1673606945 253100 16 735965 0 0 421153
939892 16 1673606945 269104 16 736540 0 0 421185
717416 15 1673606945 285099 16 737115 0 0 449245
450886 4 1673606945 317096 16 737690 0 0 449213
300958 -1 1673606945 333098 16 738265 0 0 421105
242059 -1 1673606945 349077 16 738840 0 0 449110
258311 -6 1673606945 365093 16 739415 0 0 449313
405540 12 1673606945 397071 16 739990 0 0 449633
540771 1 1673606945 413062 16 740565 0 0 421170
727641 -7 1673606945 429075 16 741140 0 0 449311
911189 -3 1673606945 445023 16 741715 0 0 449241
1329007 0 1673606945 477030 16 742290 0 0 449438
1831252 10 1673606945 493025 16 742865 0 0 421338
2066764 17 1673606945 509025 16 743440 0 0 449429
2235248 34 1673606945 525026 16 744015 0 0 449436
2389763 26 1673606945 556996 16 744590 0 0 449359
2634228 46 1673606945 573050 16 745165 0 0 421365
2736108 37 1673606945 589068 16 745740 0 0 449233
2750451 29 1673606945 604944 16 746315 0 0 449139
2693422 13 1673606945 636993 16 746890 0 0 449623
2598286 27 1673606945 652986 16 747465 0 0 421321
2461187 32 1673606945 668998 16 748040 0 0 449427
1952481 18 1673606945 685020 16 748615 0 0 449368
1466662 1 1673606945 717003 16 749190 0 0 449291
1352162 -17 1673606945 732971 16 749765 0 0 421233
1290260 34 1673606945 748975 16 750339 0 0 449297
1009522 -12 1673606945 780934 16 750914 0 0 449472
637651 6 1673606945 796963 16 751489 0 0 421495
411093 5 1673606945 812941 16 752064 0 0 420955
277690 9 1673606945 828943 16 752639 0 0 449151
237300 10 1673606945 860930 16 753214 0 0 449120
275248 8 1673606945 876932 16 753789 0 0 421097
363171 -5 1673606945 892920 16 754364 0 0 421167
483397 3 1673606945 908905 16 754939 0 0 449271
674638 14 1673606945 940898 16 755514 0 0 449309
969465 21 1673606945 956905 16 756089 0 0 421253
1406005 20 1673606945 972937 16 756664 0 0 449268
1868053 1169 1673606945 988853 16 757239 0 0 449258
2116333 -1747 1673606946 20881 16 757814 0 0 449477
2337033 1258 1673606946 36881 16 758389 0 0 421383
2436633 292 1673606946 52856 16 758964 0 0 449448
2604517 41 1673606946 68869 16 759539 0 0 449543
2742598 28 1673606946 100938 16 760114 0 0 449455
2716740 24 1673606946 116872 16 760689 0 0 421266
2588752 9 1673606946 132885 16 761264 0 0 449568
2475166 -7 1673606946 148861 16 761839 0 0 449547
2310409 -8 1673606946 180878 16 762414 0 0 449744
2018205 -971 1673606946 196873 16 762989 0 0 421356
1537633 -416 1673606946 212876 16 763564 0 0 449475
1105084 -86 1673606946 228875 16 764139 0 0 449464
758707 -131 1673606946 260828 16 764714 0 0 449380
562226 15 1673606946 276802 16 765289 0 0 421390
364138 -45 1673606946 292830 16 765864 0 0 449618
275906 222 1673606946 308802 16 766439 0 0 449288
233893 198 1673606946 340804 16 767014 0 0 449432
269356 -139 1673606946 356800 16 767589 0 0 421269
429638 3550 1673606946 372864 16 768164 0 0 449375
733367 -3633 1673606946 404815 16 768739 0 0 449133
983300 -51 1673606946 420791 16 769314 0 0 421111
1209000 -407 1673606946 436783 16 769889 0 0 421192
1540624 639 1673606946 452803 16 770464 0 0 449255
2363600 2196 1673606946 484802 16 771039 0 0 449093
2649997 312 1673606946 500774 16 771614 0 0 421116
2617969 8 1673606946 516773 16 772188 0 0 421018
2672796 59 1673606946 532775 16 772763 0 0 449099
2759184 -123 1673606946 564781 16 773338 0 0 449078
2714736 18 1673606946 580749 16 773913 0 0 421221
2666166 -14 1673606946 596780 16 774488 0 0 449366
2497415 -154 1673606946 612756 16 775063 0 0 449173
2256898 -50 1673606946 644753 16 775638 0 0 449230
2185940 -1 1673606946 660726 16 776213 0 0 421226
2297673 12 1673606946 676754 16 776788 0 0 449396
1764564 61 1673606946 692763 16 777363 0 0 449298
923001 -127 1673606946 724722 16 777938 0 0 449263
775786 17 1673606946 740779 16 778513 0 0 421230
696557 -4 1673606946 756779 16 779088 0 0 449112
444684 -16 1673606946 772733 16 779663 0 0 448999
273079 -1 1673606946 804726 16 780238 0 0 449270
236910 10 1673606946 820721 16 780813 0 0 421115
272537 -2086 1673606946 836703 16 781388 0 0 449206
449177 -283 1673606946 852703 16 781963 0 0 449175
563479 -454 1673606946 884687 16 782538 0 0 449273
663559 56 1673606946 900702 16 783113 0 0 421242
867628 109 1673606946 916703 16 783688 0 0 449230
1130030 -58 1673606946 932704 16 784263 0 0 449426
1410371 0 1673606946 964679 16 784838 0 0 449422
1754568 34 1673606946 980670 16 785413 0 0 421206
1997155 -144 1673606946 996680 16 785988 0 0 449308
2083684 -134 1673606947 28684 16 786563 0 0 449255
2165260 22 1673606947 44662 16 787138 0 0 421112
2388629 46 1673606947 60663 16 787713 0 0 421189
2665478 52 1673606947 76630 16 788288 0 0 449248
2753092 41 1673606947 108623 16 788863 0 0 449417
2753690 47 1673606947 124629 16 789438 0 0 421350
2694900 60 1673606947 140611 16 790013 0 0 421333
2606380 150 1673606947 156651 16 790588 0 0 449450
2377865 -35 1673606947 188630 16 791163 0 0 449278
1990523 14 1673606947 204655 16 791738 0 0 421256
1690085 61 1673606947 220638 16 792313 0 0 449248
1462814 30 1673606947 236652 16 792888 0 0 449230
1082717 -10 1673606947 268651 16 793463 0 0 449185
778978 31 1673606947 284643 16 794038 0 0 420993
561382 -3 1673606947 300657 16 794612 0 0 448994
401096 8 1673606947 316650 16 795187 0 0 448966
270738 53 1673606947 348659 16 795762 0 0 448927
233474 54 1673606947 364629 16 796337 0 0 420983
248407 -2 1673606947 380582 16 796912 0 0 449146
283071 41 1673606947 396584 16 797487 0 0 449399
361091 73 1673606947 428591 16 798062 0 0 449332
555564 -120 1673606947 444563 16 798637 0 0 421299
884720 -17 1673606947 460565 16 799212 0 0 449473
1246796 55 1673606947 476562 16 799787 0 0 449536
1401463 240 1673606947 508528 16 800362 0 0 449595
1511606 870 1673606947 524542 16 800937 0 0 421524
1781920 -153 1673606947 540532 16 801512 0 0 449559
2046078 124 1673606947 572479 16 802087 0 0 449489
2408577 11 1673606947 588543 16 802662 0 0 421294
2559608 66 1673606947 604416 16 803237 0 0 421077
2708839 -37 1673606947 620520 16 803812 0 0 449609
2762521 -66 1673606947 652531 16 804387 0 0 449148
2761091 44 1673606947 668389 16 804962 0 0 421069
2723890 -41 1673606947 684457 16 805537 0 0 421561
2569066 -2539 1673606947 700505 16 806112 0 0 449370
2265193 -817 1673606947 732486 16 806687 0 0 449251
2014047 -41 1673606947 748486 16 807262 0 0 421156
1770740 23 1673606947 764505 16 807837 0 0 449186
1452123 43 1673606947 780467 16 808412 0 0 449343
1163157 47 1673606947 812485 16 808987 0 0 449027
869125 23 1673606947 828455 16 809562 0 0 421298
599203 16 1673606947 844449 16 810137 0 0 449489
366266 41 1673606947 860439 16 810712 0 0 449008
263799 25 1673606947 892460 16 811287 0 0 449280
242722 45 1673606947 908441 16 811862 0 0 421354
309915 54 1673606947 924436 16 812437 0 0 449480
505453 41 1673606947 940428 16 813012 0 0 449498
741056 41 1673606947 972414 16 813587 0 0 449592
1003118 16 1673606947 988404 16 814162 0 0 421395
1388514 44 1673606948 4353 16 814737 0 0 449522
1707027 31 1673606948 20418 16 815312 0 0 449596
1985041 48 1673606948 52404 16 815887 0 0 449348
2182324 2249 1673606948 68396 16 816461 0 0 421200
2420591 306 1673606948 84368 16 817036 0 0 449322
2630809 471 1673606948 100405 16 817611 0 0 449354
2750409 329 1673606948 132382 16 818186 0 0 449207
2755410 51 1673606948 148363 16 818761 0 0 421123
2705273 112 1673606948 164379 16 819336 0 0 449254
2563766 21 1673606948 196317 16 819911 0 0 449162
2388738 39 1673606948 212369 16 820486 0 0 420961
2088923 18 1673606948 228340 16 821061 0 0 421006
1845384 -101 1673606948 244319 16 821636 0 0 449221
1476348 21 1673606948 276341 16 822211 0 0 449267
1159421 124 1673606948 292327 16 822786 0 0 421073
898122 -132 1673606948 308336 16 823361 0 0 421252
653658 -62 1673606948 324245 16 823936 0 0 449276
408917 214 1673606948 356312 16 824511 0 0 449531
255679 -4 1673606948 372245 16 825086 0 0 421452
230235 38 1673606948 388245 16 825661 0 0 449710
238387 20 1673606948 404250 16 826236 0 0 449891
351375 34 1673606948 436306 16 826811 0 0 449772
675547 23 1673606948 452304 16 827386 0 0 421573
826190 4 1673606948 468351 16 827961 0 0 449675
1007220 12 1673606948 484319 16 828536 0 0 449462
1349398 7 1673606948 516265 16 829111 0 0 449606
1733079 21 1673606948 532147 16 829686 0 0 421256
2089831 25 1673606948 548286 16 830261 0 0 449808
2301549 31 1673606948 564304 16 830836 0 0 449088
2481423 55 1673606948 596312 16 831411 0 0 449025
2634176 9 1673606948 612336 16 831986 0 0 420960
2740876 0 1673606948 628312 16 832561 0 0 449001
2760829 -22 1673606948 644313 16 833136 0 0 449078
2720879 -42 1673606948 676295 16 833711 0 0 449239
2561771 78 1673606948 692266 16 834286 0 0 421066
2341536 2 1673606948 708290 16 834861 0 0 449197
2148890 -79 1673606948 724317 16 835436 0 0 448695
1937245 92 1673606948 756242 16 836011 0 0 449084
1607250 125 1673606948 772183 16 836586 0 0 421137
1289760 -124 1673606948 788520 16 837161 0 0 449428
1052801 50 1673606948 820255 16 837736 0 0 448354
846848 -7 1673606948 836259 16 838311 0 0 420428
713995 96 1673606948 852244 16 838885 0 0 420320
413576 -59 1673606948 868244 16 839460 0 0 448433
258896 -2 1673606948 900286 16 840035 0 0 448331
241108 -13 1673606948 916266 16 840610 0 0 420302
244581 9 1673606948 932249 16 841185 0 0 420467
381822 90 1673606948 948221 16 841760 0 0 448537
535541 78 1673606948 980227 16 842335 0 0 448428
508144 -70 1673606948 996246 16 842910 0 0 421504
648303 -311 1673606949 12180 16 843485 0 0 449280
1129781 508 1673606949 28171 16 844060 0 0 449624
1606944 -537 1673606949 60174 16 844635 0 0 449603
1801421 199 1673606949 76164 16 845210 0 0 421524
1997812 -480 1673606949 92154 16 845785 0 0 449672
2305786 361 1673606949 108150 16 846360 0 0 449637
2461576 213 1673606949 140145 16 846935 0 0 449591
2621929 55 1673606949 156219 16 847510 0 0 421421
2743563 25 1673606949 172075 16 848085 0 0 449244
2740971 130 1673606949 188087 16 848660 0 0 449820
2690203 -68 1673606949 220137 16 849235 0 0 449546
2547171 139 1673606949 236133 16 849810 0 0 421394
2303226 28 1673606949 252146 16 850385 0 0 449487
2006269 132 1673606949 268141 16 850960 0 0 449406
1752167 572 1673606949 300118 16 851535 0 0 449389
1446788 -176 1673606949 316119 16 852110 0 0 421319
1092436 -1486 1673606949 332117 16 852685 0 0 449387
814637 -2399 1673606949 348094 16 853260 0 0 449653
548531 -125 1673606949 380096 16 853835 0 0 449223
391986 -1 1673606949 396087 16 854410 0 0 421188
286004 19 1673606949 412075 16 854985 0 0 449339
240382 42 1673606949 444066 16 855560 0 0 449367
247805 27 1673606949 460061 16 856135 0 0 421345
369408 16 1673606949 476067 16 856710 0 0 421345
491609 31 1673606949 492057 16 857285 0 0 449379
637155 39 1673606949 524060 16 857860 0 0 449418
902023 43 1673606949 540015 16 858435 0 0 421332
1322036 43 1673606949 556102 16 859010 0 0 421410
1627725 74 1673606949 571973 16 859585 0 0 449184
1876444 130 1673606949 604031 16 860160 0 0 449609
2203933 195 1673606949 620008 16 860734 0 0 421391
2505166 937 1673606949 636021 16 861309 0 0 449540
2629694 1163 1673606949 652011 16 861884 0 0 449477
2709525 -556 1673606949 684023 16 862459 0 0 449533
2757660 -1270 1673606949 700027 16 863034 0 0 421411
2680158 1052 1673606949 716015 16 863609 0 0 449476
2521308 -879 1673606949 732011 16 864184 0 0 449360
2329622 758 1673606949 763961 16 864759 0 0 449678
2077693 -81 1673606949 780004 16 865334 0 0 421189
1753331 1169 1673606949 795990 16 865909 0 0 449214
1431111 -1931 1673606949 811965 16 866484 0 0 449183
1120915 -1609 1673606949 843972 16 867059 0 0 449316
869247 -57 1673606949 859972 16 867634 0 0 421199
533434 33 1673606949 875971 16 868209 0 0 449285
366049 1253 1673606949 891966 16 868784 0 0 449303
300670 303 1673606949 923920 16 869359 0 0 449278
242292 299 1673606949 939980 16 869934 0 0 421228
259551 89 1673606949 956014 16 870509 0 0 449051
378716 109 1673606949 987900 16 871084 0 0 449082
536580 0 1673606950 3899 16 871659 0 0 421057
820143 65 1673606950 19857 16 872234 0 0 420973
1133474 9 1673606950 35937 16 872809 0 0 449203
1464973 55 1673606950 67865 16 873384 0 0 448924
1867288 54 1673606950 83932 16 873959 0 0 420907
2271970 51 1673606950 99912 16 874534 0 0 420656
2467178 49 1673606950 115898 16 875109 0 0 448762
2604912 90 1673606950 147921 16 875684 0 0 449021
2722809 31 1673606950 163892 16 876259 0 0 421043
2762079 37 1673606950 179894 16 876834 0 0 449121
2711083 40 1673606950 195876 16 877409 0 0 449111
2593010 38 1673606950 227853 16 877984 0 0 449026
2411447 36 1673606950 243843 16 878559 0 0 421249
2214864 21 1673606950 259876 16 879134 0 0 449297
1938481 109 1673606950 275825 16 879709 0 0 449416
1614625 69 1673606950 307851 16 880284 0 0 449525
1226138 -35 1673606950 323850 16 880859 0 0 421377
881127 -11 1673606950 339921 16 881434 0 0 449477
664645 -24 1673606950 355901 16 882009 0 0 449127
420348 -21 1673606950 387759 16 882584 0 0 449204
281070 519 1673606950 403795 16 883158 0 0 421141
234455 316 1673606950 419844 16 883733 0 0 449071
242056 -105 1673606950 435837 16 884308 0 0 448864
303511 -584 1673606950 467728 16 884883 0 0 449004
453525 -1256 1673606950 483809 16 885458 0 0 420845
620222 -20 1673606950 499793 16 886033 0 0 448661
793042 23 1673606950 515776 16 886608 0 0 448713
1054408 61 1673606950 547794 16 887183 0 0 449021
1479063 67 1673606950 563794 16 887758 0 0 420859
1714548 61 1673606950 579794 16 888333 0 0 448859
1863402 47 1673606950 611769 16 888908 0 0 448985
2229166 51 1673606950 627735 16 889483 0 0 421102
2514872 65 1673606950 643751 16 890058 0 0 421197
2629249 35 1673606950 659726 16 890633 0 0 449121
2707609 74 1673606950 691715 16 891208 0 0 449492
2762003 49 1673606950 707712 16 891783 0 0 421369
2732207 44 1673606950 723727 16 892358 0 0 421320
2656508 42 1673606950 739751 16 892933 0 0 449360
2455996 59 1673606950 771683 16 893508 0 0 449276
2229869 40 1673606950 787699 16 894083 0 0 421259
1924366 47 1673606950 803719 16 894658 0 0 449257
1623862 40 1673606950 819702 16 895233 0 0 449068
1381920 36 1673606950 851657 16 895808 0 0 449183
1129210 23 1673606950 867654 16 896383 0 0 421059
676331 36 1673606950 883662 16 896958 0 0 449136
420998 39 1673606950 899652 16 897533 0 0 449097
337234 26 1673606950 931717 16 898108 0 0 449185
260624 45 1673606950 947659 16 898683 0 0 421136
237285 16 1673606950 963569 16 899258 0 0 449357
315530 18 1673606950 979648 16 899833 0 0 449731
314545 -126 1673606951 11650 16 900408 0 0 449525
611972 -42 1673606951 27624 16 900983 0 0 421387
1182551 23 1673606951 43626 16 901558 0 0 449515
1427728 29 1673606951 59642 16 902133 0 0 449498
1452414 46 1673606951 91638 16 902708 0 0 449470
1783089 20 1673606951 107649 16 903283 0 0 421362
2084769 30 1673606951 123620 16 903858 0 0 449456
2262728 30 1673606951 139684 16 904433 0 0 449354
2560109 38 1673606951 171653 16 905008 0 0 448813
2728087 26 1673606951 187613 16 905582 0 0 420991
2764315 37 1673606951 203667 16 906157 0 0 449209
2752417 30 1673606951 235671 16 906732 0 0 448929
2689056 19 1673606951 251659 16 907307 0 0 420856
2460569 15 1673606951 267621 16 907882 0 0 420955
2097001 5 1673606951 283594 16 908457 0 0 449161
1799562 -3 1673606951 315596 16 909032 0 0 449294
1620682 8 1673606951 331599 16 909607 0 0 421115
1316183 2 1673606951 347573 16 910182 0 0 421328
980243 10 1673606951 363555 16 910757 0 0 449517
714826 -8 1673606951 395547 16 911332 0 0 449439
508749 -2 1673606951 411539 16 911907 0 0 421559
326506 -6 1673606951 427521 16 912482 0 0 449667
236139 -4 1673606951 443523 16 913057 0 0 449688
238962 -10 1673606951 475500 16 913632 0 0 449547
300327 5 1673606951 491482 16 914207 0 0 421396
457681 4 1673606951 507481 16 914782 0 0 449538
711142 9 1673606951 523509 16 915357 0 0 449552
1041930 22 1673606951 555442 16 915932 0 0 449362
1383587 13 1673606951 571418 16 916507 0 0 421282
1648037 36 1673606951 587486 16 917082 0 0 449435
1860465 41 1673606951 603497 16 917657 0 0 449169
2162519 42 1673606951 635450 16 918232 0 0 449068
2372945 45 1673606951 651448 16 918807 0 0 421040
2584293 34 1673606951 667453 16 919382 0 0 449103
2714809 32 1673606951 683473 16 919957 0 0 449022
2765130 23 1673606951 715472 16 920532 0 0 448948
2734790 27 1673606951 731386 16 921107 0 0 420971
2662429 12 1673606951 747460 16 921682 0 0 449292
2531025 35 1673606951 779422 16 922257 0 0 448949
2352498 30 1673606951 795424 16 922832 0 0 421144
2016448 33 1673606951 811436 16 923407 0 0 421175
1781191 8 1673606951 827429 16 923982 0 0 449168
1540545 7 1673606951 859431 16 924557 0 0 449186
1324778 12 1673606951 875483 16 925132 0 0 421125
956464 1 1673606951 891406 16 925707 0 0 421014
618502 10 1673606951 907421 16 926282 0 0 449360
404542 3 1673606951 939401 16 926857 0 0 449004
284934 0 1673606951 955422 16 927432 0 0 421204
242724 -3 1673606951 971314 16 928006 0 0 449076
234187 9 1673606951 987390 16 928581 0 0 449465
272154 28 1673606952 19399 16 929156 0 0 449241
439820 16 1673606952 35396 16 929731 0 0 421133
676892 19 1673606952 51295 16 930306 0 0 449221
966767 44 1673606952 67374 16 930881 0 0 449760
1202093 39 1673606952 99369 16 931456 0 0 449212
1438978 29 1673606952 115364 16 932031 0 0 421193
1763702 26 1673606952 131349 16 932606 0 0 449269
2078898 51 1673606952 147349 16 933181 0 0 449493
2357174 45 1673606952 179222 16 933756 0 0 449111
2539816 46 1673606952 195344 16 934331 0 0 421413
2688118 24 1673606952 211333 16 934906 0 0 449072
2757615 3 1673606952 227305 16 935481 0 0 449100
2757050 24 1673606952 259301 16 936056 0 0 448842
2663640 19 1673606952 275301 16 936631 0 0 421045
2490999 21 1673606952 291306 16 937206 0 0 449117
2266834 22 1673606952 307260 16 937781 0 0 449081
2027386 26 1673606952 339261 16 938356 0 0 449191
1720107 10 1673606952 355287 16 938931 0 0 421114
1508759 41 1673606952 371185 16 939506 0 0 448987
1202290 18 1673606952 403243 16 940081 0 0 449772
845250 15 1673606952 419248 16 940656 0 0 421606
637890 4 1673606952 435277 16 941231 0 0 421490
458640 12 1673606952 451181 16 941806 0 0 449461
323479 2 1673606952 483237 16 942381 0 0 449800
244237 4 1673606952 499223 16 942956 0 0 421693
246864 12 1673606952 515239 16 943531 0 0 421580
347087 19 1673606952 531230 16 944106 0 0 449601
519302 -2 1673606952 563221 16 944681 0 0 449724
669912 11 1673606952 579210 16 945256 0 0 421295
889030 25 1673606952 595191 16 945831 0 0 449461
1121256 8 1673606952 611195 16 946406 0 0 449545
1544622 11 1673606952 643211 16 946981 0 0 449633
1807001 28 1673606952 659210 16 947556 0 0 421203
1994497 42 1673606952 675192 16 948131 0 0 449332
2173092 17 1673606952 691191 16 948706 0 0 449346
2419350 21 1673606952 723163 16 949280 0 0 449308
2637973 22 1673606952 739272 16 949855 0 0 421225
2739393 28 1673606952 755081 16 950430 0 0 448913
2758124 22 1673606952 771089 16 951005 0 0 449553
2721107 19 1673606952 803150 16 951580 0 0 449458
2595386 14 1673606952 819147 16 952155 0 0 421343
2447620 22 1673606952 835159 16 952730 0 0 449443
2118635 17 1673606952 851077 16 953305 0 0 449398
1783810 24 1673606952 883137 16 953880 0 0 449624
1269612 17 1673606952 899123 16 954455 0 0 421589
950394 -2 1673606952 915136 16 955030 0 0 449690
703821 10 1673606952 931160 16 955605 0 0 450024
452702 9 1673606952 963139 16 956180 0 0 449262
302538 5 1673606952 979116 16 956755 0 0 421232
231891 17 1673606952 995090 16 957330 0 0 449443
252721 0 1673606953 27106 16 957905 0 0 449524
329056 4 1673606953 43105 16 958480 0 0 421475
520119 -4 1673606953 59067 16 959055 0 0 421190
771300 3 1673606953 75089 16 959630 0 0 449452
1082953 10 1673606953 107080 16 960205 0 0 449326
1378860 20 1673606953 123099 16 960780 0 0 421303
1730751 14 1673606953 139092 16 961355 0 0 421321
2083539 30 1673606953 155070 16 961930 0 0 449403
2372709 49 1673606953 187078 16 962505 0 0 449399
2571100 36 1673606953 203029 16 963080 0 0 421225
2707065 36 1673606953 219078 16 963655 0 0 449488
2761792 29 1673606953 235075 16 964230 0 0 449313
2712804 33 1673606953 267056 16 964805 0 0 449189
2527441 35 1673606953 283051 16 965380 0 0 421207
2259868 9 1673606953 299050 16 965955 0 0 449293
1923794 8 1673606953 315057 16 966530 0 0 449363
1710496 24 1673606953 347054 16 967105 0 0 449314
1477498 5 1673606953 363022 16 967680 0 0 421163
1186327 -2 1673606953 379013 16 968255 0 0 449359
838182 3 1673606953 395005 16 968830 0 0 449218
594746 10 1673606953 427006 16 969405 0 0 449417
409779 29 1673606953 442980 16 969980 0 0 421330
246228 -13 1673606953 458983 16 970555 0 0 449481
233797 -5 1673606953 474988 16 971130 0 0 449453
270232 5 1673606953 506980 16 971704 0 0 449334
460185 29 1673606953 523029 16 972279 0 0 421289
739729 -2 1673606953 538895 16 972854 0 0 449191
1003667 27 1673606953 554895 16 973429 0 0 449553
1247204 10 1673606953 586977 16 974004 0 0 449521
1556295 41 1673606953 602966 16 974579 0 0 421345
1744432 16 1673606953 618978 16 975154 0 0 449461
2088551 16 1673606953 650982 16 975729 0 0 449328
2414130 23 1673606953 666946 16 976304 0 0 421259
2672318 21 1673606953 682960 16 976879 0 0 421500
2750331 26 1673606953 698955 16 977454 0 0 449520
2767677 28 1673606953 730934 16 978029 0 0 449709
2709929 20 1673606953 746929 16 978604 0 0 421177
2557841 -1 1673606953 762930 16 979179 0 0 421195
2401325 -2 1673606953 778927 16 979754 0 0 449339
2182036 9 1673606953 810886 16 980329 0 0 449311
1669229 11 1673606953 826860 16 980904 0 0 421313
1320207 14 1673606953 842888 16 981479 0 0 449484
1068165 4 1673606953 858886 16 982054 0 0 449260
791961 22 1673606953 890860 16 982629 0 0 449316
597577 -3 1673606953 906864 16 983204 0 0 421245
459044 13 1673606953 922903 16 983779 0 0 449288
262656 7 1673606953 939034 16 984354 0 0 449134
258296 -17 1673606953 970831 16 984929 0 0 448682
243645 -7 1673606953 986855 16 985504 0 0 420774
304109 -1 1673606954 2850 16 986079 0 0 448730
597695 5 1673606954 18858 16 986654 0 0 448657
895094 19 1673606954 50839 16 987229 0 0 448727
1214098 10 1673606954 66821 16 987804 0 0 420660
1613739 33 1673606954 82832 16 988379 0 0 448777
1963705 24 1673606954 98831 16 988954 0 0 448752
2232492 45 1673606954 130812 16 989529 0 0 448892
2430259 11 1673606954 146807 16 990104 0 0 421289
2578049 6 1673606954 162807 16 990679 0 0 449203
2718947 20 1673606954 194792 16 991254 0 0 449287
2764707 40 1673606954 210783 16 991829 0 0 421207
2741593 24 1673606954 226809 16 992404 0 0 421266
2628585 28 1673606954 242786 16 992979 0 0 449235
2485714 4 1673606954 274774 16 993554 0 0 449252
2360967 5 1673606954 290812 16 994128 0 0 421177
2131514 9 1673606954 306837 16 994703 0 0 421040
1734110 2 1673606954 322787 16 995278 0 0 449012
1359215 -13 1673606954 354760 16 995853 0 0 449170
1029007 -15 1673606954 370705 16 996428 0 0 421118
784467 -9 1673606954 386757 16 997003 0 0 449375
697980 -4 1673606954 402758 0 997578 0 0 449161
597059 -1 1673606954 434753 0 998110 0 0 445050
540642 -10 1673606954 450762 0 998576 0 0 411574
527645 1 1673606954 466721 0 998976 0 0 422577
531577 3 1673606954 482733 0 999311 0 0 399356
653476 6 1673606954 514739 0 999579 0 0 369444
765602 13 1673606954 530726 0 999781 0 0 322977
867367 8 1673606954 546739 0 999918 0 0 308267
915468 -3 1673606954 562733 0 999988 0 0 258751
1004599 -1 1673606954 594686 32 1000000 0 0 203953
