16755 -69 1673605918 213438 0 31014 0 0 891630
11624 -62 1673605918 229186 0 32213 0 0 842781
15116 -87 1673605918 245977 0 33423 0 0 908930
22034 -82 1673605918 261144 0 34645 0 0 913659
22547 -89 1673605918 293402 0 35879 0 0 930727
16822 -121 1673605918 309149 0 37125 0 0 879787
11520 -182 1673605918 325392 0 38382 0 0 948263
13125 -121 1673605918 341413 0 39652 0 0 956759
18541 -97 1673605918 373359 0 40933 0 0 966954
23114 -70 1673605918 389311 0 42226 0 0 914368
23966 -71 1673605918 405110 0 43531 0 0 984143
20291 -65 1673605918 421162 0 44847 0 0 994239
14982 -70 1673605918 453314 0 46175 0 0 1009792
11661 -91 1673605918 469093 0 47515 0 0 947786
11117 -102 1673605918 485077 0 48867 0 0 1021313
13783 -87 1673605918 501013 0 50231 0 0 1029923
17892 -82 1673605918 533074 0 51606 0 0 1042572
21917 -101 1673605918 549113 0 52994 0 0 985283
24072 -84 1673605918 565072 0 54392 0 0 1058233
24294 -60 1673605918 597042 0 55803 0 0 1068555
23450 -72 1673605918 613043 0 57226 0 0 1007952
22006 -80 1673605918 629041 0 58660 0 0 1018715
18258 -67 1673605918 645001 0 60106 0 0 1094823
16123 -73 1673605918 677004 0 61564 0 0 1103682
15325 -57 1673605918 692997 0 63034 0 0 1042116
13467 -90 1673605918 709000 0 64516 0 0 1052090
12139 -90 1673605918 724990 0 66009 0 0 1130219
11996 -87 1673605918 756971 0 67514 0 0 1141092
11697 -77 1673605918 772976 0 69031 0 0 1077061
10881 -79 1673605918 789015 0 70560 0 0 1156783
10626 -86 1673605918 804964 0 72100 0 0 1166778
11088 -110 1673605918 836981 0 73653 0 0 1177694
12809 -99 1673605918 852946 0 75217 0 0 1111281
16240 -81 1673605918 868934 0 76793 0 0 1193754
21243 -64 1673605918 884934 0 78380 0 0 1204061
23706 -75 1673605918 916924 0 79980 0 0 1214538
24401 -67 1673605918 933012 0 81591 0 0 1146160
22877 -69 1673605918 949013 0 83214 0 0 1229673
18985 -65 1673605918 964870 0 84849 0 0 1240061
14892 -61 1673605918 996930 16 86495 0 0 1252228
11472 -85 1673605919 12914 16 88147 0 0 1180596
11052 -111 1673605919 28924 16 89798 0 0 1265661
13160 -76 1673605919 44870 16 91449 0 0 1272547
16760 -73 1673605919 76912 16 93100 0 0 1279227
21205 -72 1673605919 92877 16 94752 0 0 1203535
24132 -60 1673605919 108902 16 96403 0 0 1286432
23448 -68 1673605919 140843 16 98054 0 0 1289782
21506 -77 1673605919 156855 16 99705 0 0 1210888
17067 -72 1673605919 172856 16 101357 0 0 1209904
12560 -65 1673605919 188863 16 103008 0 0 1290611
10874 -79 1673605919 220860 16 104659 0 0 1290379
12356 -71 1673605919 236862 16 106310 0 0 1209872
16207 -77 1673605919 252846 16 107961 0 0 1209306
20632 -67 1673605919 268835 16 109613 0 0 1290237
23675 -57 1673605919 300809 16 111264 0 0 1289995
24097 -75 1673605919 316846 16 112915 0 0 1209697
20807 -70 1673605919 332866 16 114566 0 0 1289791
16392 -69 1673605919 348718 16 116217 0 0 1289613
13171 -72 1673605919 380827 16 117869 0 0 1291227
10976 -80 1673605919 396818 16 119520 0 0 1210408
11918 -80 1673605919 412809 16 121171 0 0 1291107
15296 -67 1673605919 428806 16 122822 0 0 1291218
20106 -83 1673605919 460802 16 124474 0 0 1291087
23521 -99 1673605919 476804 16 126125 0 0 1210370
24058 -68 1673605919 492802 16 127776 0 0 1290900
20931 -74 1673605919 508801 16 129427 0 0 1291292
15755 -71 1673605919 540787 16 131078 0 0 1291504
11934 -85 1673605919 556773 16 132730 0 0 1209369
10877 -93 1673605919 572789 16 134380 0 0 1290301
12430 -97 1673605919 588776 16 136032 0 0 1290147
16964 -100 1673605919 620685 16 137683 0 0 1290187
22028 -82 1673605919 636729 16 139334 0 0 1209674
24236 -80 1673605919 652749 16 140985 0 0 1289837
22518 -74 1673605919 668740 16 142637 0 0 1289753
18966 -87 1673605919 700729 16 144288 0 0 1289824
15554 -71 1673605919 716701 16 145939 0 0 1209226
12905 -93 1673605919 732744 16 147590 0 0 1290040
11328 -66 1673605919 764685 16 149242 0 0 1289662
10708 -76 1673605919 780738 16 150893 0 0 1209259
11703 -89 1673605919 796717 16 152544 0 0 1208595
14408 -87 1673605919 812705 16 154195 0 0 1289193
18456 -67 1673605919 844705 16 155846 0 0 1289756
22622 -65 1673605919 860690 16 157498 0 0 1209293
24275 -70 1673605919 876686 16 159149 0 0 1209354
22912 -81 1673605919 892688 16 160800 0 0 1289982
19627 -63 1673605919 924688 16 162451 0 0 1289679
14830 -70 1673605919 940640 16 164102 0 0 1209398
11657 -92 1673605919 956682 16 165754 0 0 1290448
10913 -85 1673605919 972688 16 167404 0 0 1290461
12577 -79 1673605920 4638 16 169056 0 0 1290286
15995 -52 1673605920 20677 16 170707 0 0 1209676
20279 -80 1673605920 36648 16 172358 0 0 1289850
23315 -84 1673605920 52649 16 174010 0 0 1290089
24319 -66 1673605920 84624 16 175661 0 0 1290039
22301 -66 1673605920 100612 16 177312 0 0 1209507
17936 -73 1673605920 116652 16 178963 0 0 1290243
13951 -88 1673605920 132654 16 180615 0 0 1289355
11107 -86 1673605920 164599 16 182266 0 0 1289855
11358 -77 1673605920 180626 16 183917 0 0 1209341
14349 -87 1673605920 196618 16 185568 0 0 1289559
17772 -105 1673605920 212610 16 187219 0 0 1290031
21842 -75 1673605920 244514 16 188871 0 0 1289819
24271 -64 1673605920 260591 16 190522 0 0 1209457
22965 -73 1673605920 276614 16 192173 0 0 1289237
19774 -73 1673605920 292612 16 193824 0 0 1288884
15479 -52 1673605920 324616 16 195475 0 0 1289209
11772 -93 1673605920 340542 16 197127 0 0 1208653
11000 -77 1673605920 356472 16 198778 0 0 1289878
13637 -75 1673605920 388518 16 200429 0 0 1290858
17539 -95 1673605920 404525 16 202080 0 0 1210047
21768 -80 1673605920 420540 16 203731 0 0 1209798
24088 -80 1673605920 436538 16 205383 0 0 1290117
23975 -70 1673605920 468512 16 207034 0 0 1290909
21277 -64 1673605920 484512 16 208685 0 0 1210591
17310 -56 1673605920 500496 16 210336 0 0 1210571
13326 -55 1673605920 516490 16 211987 0 0 1291309
11074 -82 1673605920 548467 16 213638 0 0 1290620
11547 -83 1673605920 564435 16 215290 0 0 1209403
14459 -80 1673605920 580449 16 216941 0 0 1290457
18870 -68 1673605920 596430 16 218592 0 0 1290387
22770 -65 1673605920 628431 16 220243 0 0 1290632
24357 -57 1673605920 644394 16 221894 0 0 1209994
23192 -79 1673605920 660411 16 223546 0 0 1291015
19495 -75 1673605920 676432 16 225197 0 0 1290844
14768 -64 1673605920 708443 16 226848 0 0 1290472
12043 -73 1673605920 724436 16 228499 0 0 1209768
11062 -70 1673605920 740426 16 230151 0 0 1290445
12722 -108 1673605920 756420 16 231802 0 0 1290222
17314 -94 1673605920 788433 16 233453 0 0 1290424
21514 -91 1673605920 804409 16 235105 0 0 1209633
24105 -70 1673605920 820417 16 236756 0 0 1290493
23693 -75 1673605920 836400 16 238407 0 0 1289941
20370 -49 1673605920 868422 16 240058 0 0 1290283
15970 -82 1673605920 884423 16 241709 0 0 1209824
12155 -77 1673605920 900427 16 243360 0 0 1290457
10821 -83 1673605920 916411 16 245012 0 0 1290346
12619 -110 1673605920 948363 16 246663 0 0 1290407
17022 -98 1673605920 964361 16 248314 0 0 1209852
20863 -81 1673605920 980366 16 249965 0 0 1290471
23932 -69 1673605921 12318 16 251617 0 0 1290276
24232 -73 1673605921 28374 16 253268 0 0 1209863
21125 -67 1673605921 44327 16 254919 0 0 1209129
17867 -62 1673605921 60354 16 256570 0 0 1290275
13320 -68 1673605921 92355 16 258221 0 0 1290013
10956 -65 1673605921 108326 16 259872 0 0 1209338
11748 -72 1673605921 124341 16 261524 0 0 1209567
15118 -95 1673605921 140336 16 263175 0 0 1289910
19260 -80 1673605921 172322 16 264826 0 0 1289941
22955 -73 1673605921 188302 16 266477 0 0 1209313
24317 -85 1673605921 204307 16 268128 0 0 1290009
23199 -65 1673605921 220256 16 269779 0 0 1290521
20415 -63 1673605921 252285 16 271431 0 0 1290660
15976 -72 1673605921 268260 16 273082 0 0 1210243
12687 -68 1673605921 284285 16 274733 0 0 1291113
10915 -75 1673605921 300286 16 276384 0 0 1290471
11470 -75 1673605921 332270 16 278036 0 0 1290710
15113 -78 1673605921 348269 16 279687 0 0 1210084
19860 -74 1673605921 364283 16 281338 0 0 1290674
23206 -74 1673605921 380159 16 282989 0 0 1290332
24380 -82 1673605921 412256 16 284640 0 0 1291641
22512 -58 1673605921 428287 16 286292 0 0 1210218
18635 -86 1673605921 444295 16 287943 0 0 1290594
14614 -83 1673605921 460277 16 289594 0 0 1290261
11406 -72 1673605921 492268 16 291245 0 0 1290694
10942 -73 1673605921 508246 16 292897 0 0 1210063
13796 -66 1673605921 524253 16 294548 0 0 1290860
18086 -73 1673605921 556224 16 296199 0 0 1290779
22674 -70 1673605921 572237 16 297850 0 0 1210378
24410 -65 1673605921 588263 16 299501 0 0 1208988
22487 -67 1673605921 604201 16 301153 0 0 1289634
19005 -49 1673605921 636206 16 302804 0 0 1290573
14734 -66 1673605921 652188 16 304455 0 0 1210026
11546 -53 1673605921 668207 16 306106 0 0 1210026
11077 -66 1673605921 684216 16 307758 0 0 1290476
14237 -56 1673605921 716166 16 309409 0 0 1290163
18866 -53 1673605921 732205 16 311060 0 0 1209745
22632 -69 1673605921 748128 16 312711 0 0 1289895
24359 -72 1673605921 764219 16 314362 0 0 1290805
23271 -71 1673605921 796158 16 316014 0 0 1290155
19644 -63 1673605921 812145 16 317665 0 0 1209066
14721 -65 1673605921 828143 16 319316 0 0 1289825
11733 -82 1673605921 844142 16 320967 0 0 1289664
11152 -84 1673605921 876147 16 322618 0 0 1289767
13477 -89 1673605921 892144 16 324270 0 0 1209279
17577 -78 1673605921 908144 16 325921 0 0 1289798
22160 -58 1673605921 924124 16 327572 0 0 1290190
24321 -61 1673605921 956122 16 329223 0 0 1289613
23247 -54 1673605921 972111 16 330874 0 0 1209817
18944 -54 1673605921 988119 16 332526 0 0 1290487
14138 -64 1673605922 4096 16 334177 0 0 1290275
11319 -68 1673605922 36293 16 335828 0 0 1290487
11399 -72 1673605922 52275 16 337479 0 0 1209369
14652 -65 1673605922 68317 16 339130 0 0 1290129
19691 -59 1673605922 84250 16 340781 0 0 1289677
23233 -65 1673605922 116039 16 342433 0 0 1290453
24368 -61 1673605922 132065 16 344084 0 0 1210171
22727 -89 1673605922 147978 16 345735 0 0 1290520
18126 -100 1673605922 180041 16 347386 0 0 1291193
13241 -99 1673605922 196050 16 349037 0 0 1210499
10926 -63 1673605922 212048 16 350689 0 0 1210274
11742 -81 1673605922 228056 16 352340 0 0 1291403
14966 -58 1673605922 260043 16 353991 0 0 1291141
19230 -67 1673605922 276024 16 355642 0 0 1210980
22990 -89 1673605922 292036 16 357294 0 0 1210494
24402 -49 1673605922 308032 16 358945 0 0 1290453
23006 -59 1673605922 340008 16 360596 0 0 1290755
19621 -64 1673605922 355977 16 362247 0 0 1209319
15371 -67 1673605922 371993 16 363898 0 0 1290405
11954 -74 1673605922 387965 16 365550 0 0 1290335
10873 -95 1673605922 419966 16 367201 0 0 1290598
12980 -83 1673605922 435966 16 368853 0 0 1210109
17369 -84 1673605922 451924 16 370503 0 0 1290594
21565 -58 1673605922 467933 16 372155 0 0 1290827
24031 -55 1673605922 499940 16 373806 0 0 1290857
24317 -59 1673605922 515925 16 375457 0 0 1210184
22173 -51 1673605922 531916 16 377108 0 0 1290890
18242 -46 1673605922 547880 16 378759 0 0 1290668
13806 -58 1673605922 579925 16 380411 0 0 1291193
11127 -70 1673605922 595934 16 382062 0 0 1210181
11694 -68 1673605922 611908 16 383713 0 0 1290660
15240 -80 1673605922 627858 16 385364 0 0 1291020
19806 -77 1673605922 659911 16 387015 0 0 1291003
23359 -74 1673605922 675902 16 388667 0 0 1210394
24149 -69 1673605922 691889 16 390318 0 0 1291117
21533 -81 1673605922 707892 16 391969 0 0 1291097
16889 -78 1673605922 739894 16 393620 0 0 1290976
12788 -66 1673605922 755881 16 395271 0 0 1209895
10865 -77 1673605922 771888 16 396923 0 0 1290852
11873 -96 1673605922 803846 16 398574 0 0 1290872
15599 -102 1673605922 819816 16 400225 0 0 1210100
20461 -102 1673605922 835883 16 401876 0 0 1209898
23740 -73 1673605922 851837 16 403527 0 0 1289925
24164 -66 1673605922 883814 16 405178 0 0 1290299
21856 -9 1673605922 899885 16 406830 0 0 1209660
17061 -29 1673605922 915877 16 408481 0 0 1208978
12399 -101 1673605922 931728 16 410132 0 0 1289679
10935 -77 1673605922 963816 16 411783 0 0 1290965
12945 -77 1673605922 979804 16 413434 0 0 1210200
16802 -56 1673605922 995772 16 415086 0 0 1290928
21247 -68 1673605923 11790 16 416737 0 0 1290948
23953 -64 1673605923 43815 16 418388 0 0 1291439
23789 -68 1673605923 59763 16 420039 0 0 1210296
21085 -55 1673605923 75768 16 421691 0 0 1291428
16446 -51 1673605923 91753 16 423342 0 0 1292090
12444 -53 1673605923 123753 16 424993 0 0 1292161
10815 -74 1673605923 139766 16 426644 0 0 1210030
11534 -77 1673605923 155771 16 428295 0 0 1290735
14369 -335 1673605923 171746 16 429947 0 0 1290564
19793 -117 1673605923 203722 16 431598 0 0 1290493
23377 -76 1673605923 219693 16 433250 0 0 1210168
24335 -95 1673605923 235755 16 434901 0 0 1291139
22676 -70 1673605923 251713 16 436552 0 0 1289893
18331 -56 1673605923 283696 16 438203 0 0 1290368
13542 -68 1673605923 299757 16 439854 0 0 1209644
11034 -80 1673605923 315743 16 441505 0 0 1289647
11266 -77 1673605923 347692 16 443156 0 0 1289919
14981 -99 1673605923 363661 16 444808 0 0 1209434
20618 -82 1673605923 379692 16 446459 0 0 1209495
23931 -74 1673605923 395674 16 448110 0 0 1289689
24161 -57 1673605923 427717 16 449761 0 0 1289578
21471 -66 1673605923 443666 16 451412 0 0 1209477
16261 -60 1673605923 459662 16 453064 0 0 1209666
11995 -104 1673605923 475667 16 454715 0 0 1290279
11052 -92 1673605923 507629 16 456366 0 0 1290841
13264 -104 1673605923 523618 16 458017 0 0 1210180
17587 -69 1673605923 539614 16 459669 0 0 1290826
21896 -93 1673605923 555604 16 461320 0 0 1290554
24270 -80 1673605923 587621 16 462971 0 0 1290966
23599 -73 1673605923 603624 16 464622 0 0 1210127
19891 -54 1673605923 619618 16 466273 0 0 1290820
14601 -68 1673605923 635664 16 467924 0 0 1290267
11251 -92 1673605923 667623 16 469576 0 0 1289862
10884 -75 1673605923 683620 16 471227 0 0 1209400
13463 -82 1673605923 699683 16 472878 0 0 1289950
18020 -87 1673605923 715677 16 474529 0 0 1289109
21848 -88 1673605923 747633 16 476180 0 0 1289129
24179 -85 1673605923 763629 16 477832 0 0 1208573
23850 -69 1673605923 779624 16 479483 0 0 1289271
21042 -86 1673605923 795551 16 481134 0 0 1289352
16350 -82 1673605923 827625 16 482785 0 0 1290030
12156 -79 1673605923 843570 16 484437 0 0 1209643
10768 -80 1673605923 859569 16 486088 0 0 1290711
12345 -94 1673605923 875569 16 487739 0 0 1290690
16702 -96 1673605923 907543 16 489390 0 0 1291323
20996 -90 1673605923 923536 16 491041 0 0 1210713
24045 -86 1673605923 939554 16 492693 0 0 1291336
24085 -77 1673605923 971494 16 494344 0 0 1291115
21073 -73 1673605923 987537 16 495995 0 0 1210601
16552 -69 1673605924 3528 16 497646 0 0 1209429
12681 -76 1673605924 19435 16 499298 0 0 1290370
10846 -101 1673605924 51536 16 500949 0 0 1290757
12440 -80 1673605924 67472 16 502600 0 0 1209878
16958 -74 1673605924 83518 16 504251 0 0 1210525
21123 -91 1673605924 99474 16 505902 0 0 1290613
24153 -67 1673605924 131494 16 507553 0 0 1290889
23545 -62 1673605924 147472 16 509205 0 0 1210454
19898 -38 1673605924 163471 16 510856 0 0 1291139
15206 -80 1673605924 179467 16 512507 0 0 1291582
11479 -73 1673605924 211408 16 514158 0 0 1291433
11016 -85 1673605924 227441 16 515810 0 0 1210073
14073 -92 1673605924 243468 16 517461 0 0 1290610
18470 -89 1673605924 259475 16 519112 0 0 1289691
22323 -85 1673605924 291448 16 520763 0 0 1290083
24434 -39 1673605924 307440 16 522414 0 0 1209091
23610 -70 1673605924 323448 16 524066 0 0 1289886
20134 -57 1673605924 339447 16 525717 0 0 1289584
15828 -58 1673605924 371425 16 527368 0 0 1289584
11938 -78 1673605924 387415 16 529019 0 0 1208984
10871 -77 1673605924 403429 16 530670 0 0 1289502
13172 -82 1673605924 419420 16 532322 0 0 1289790
17435 -68 1673605924 451441 16 533973 0 0 1290153
21839 -63 1673605924 467294 16 535624 0 0 1209555
24316 -54 1673605924 483409 16 537275 0 0 1291597
23570 -91 1673605924 499403 16 538926 0 0 1290269
20016 -74 1673605924 531406 16 540577 0 0 1290410
15849 -72 1673605924 547409 16 542229 0 0 1209826
12013 -89 1673605924 563374 16 543880 0 0 1290355
10983 -94 1673605924 595410 16 545531 0 0 1290608
13462 -80 1673605924 611296 16 547182 0 0 1209945
18138 -76 1673605924 627376 16 548834 0 0 1211110
22951 -72 1673605924 643375 16 550485 0 0 1290976
24335 -67 1673605924 675383 16 552136 0 0 1289491
21967 -80 1673605924 691382 16 553787 0 0 1210006
18019 -59 1673605924 707351 16 555439 0 0 1210053
13143 -50 1673605924 723333 16 557090 0 0 1290940
10854 -94 1673605924 755352 16 558741 0 0 1291152
11709 -73 1673605924 771320 16 560392 0 0 1210136
15328 -86 1673605924 787367 16 562043 0 0 1291164
20142 -74 1673605924 803330 16 563695 0 0 1289534
23633 -72 1673605924 835330 16 565346 0 0 1290710
24395 -59 1673605924 851332 16 566997 0 0 1210085
22182 -54 1673605924 867203 16 568648 0 0 1290700
17763 -55 1673605924 883310 16 570299 0 0 1291903
13336 -63 1673605924 915295 16 571951 0 0 1290616
11033 -59 1673605924 931214 16 573602 0 0 1209857
11305 -64 1673605924 947302 16 575253 0 0 1291340
14112 -69 1673605924 963301 16 576904 0 0 1290135
18654 -48 1673605924 995280 16 578555 0 0 1290520
22486 -42 1673605925 11192 16 580207 0 0 1209633
24444 -30 1673605925 27260 16 581858 0 0 1291140
23240 -16 1673605925 43262 16 583509 0 0 1290478
19601 -25 1673605925 75246 16 585160 0 0 1289147
14700 -28 1673605925 91220 16 586812 0 0 1209595
11468 -28 1673605925 107238 16 588463 0 0 1290435
11243 -65 1673605925 123239 16 590114 0 0 1289433
14350 -78 1673605925 155246 16 591765 0 0 1290305
19057 -70 1673605925 171198 16 593416 0 0 1209662
22886 -72 1673605925 187215 16 595067 0 0 1290661
24364 -72 1673605925 219213 16 596719 0 0 1289696
22828 -93 1673605925 235198 16 598370 0 0 1209768
18357 -78 1673605925 251190 16 600021 0 0 1209939
13924 -74 1673605925 267126 16 601672 0 0 1290546
11137 -74 1673605925 299181 16 603323 0 0 1290931
11324 -94 1673605925 315162 16 604975 0 0 1210407
14901 -93 1673605925 331118 16 606626 0 0 1210609
19584 -94 1673605925 347161 16 608277 0 0 1291687
23244 -82 1673605925 379163 16 609928 0 0 1290769
24350 -51 1673605925 395146 16 611579 0 0 1210223
21995 -69 1673605925 411119 16 613231 0 0 1291102
17349 -71 1673605925 427132 16 614882 0 0 1291223
13026 -48 1673605925 459121 16 616533 0 0 1291012
10884 -79 1673605925 475104 16 618184 0 0 1209777
12145 -92 1673605925 491115 16 619835 0 0 1290653
15857 -70 1673605925 507115 16 621487 0 0 1290448
20292 -60 1673605925 539094 16 623138 0 0 1290003
23796 -48 1673605925 555098 16 624789 0 0 1209873
24168 -60 1673605925 571095 16 626440 0 0 1290453
21567 -69 1673605925 587112 16 628091 0 0 1290214
17300 -50 1673605925 619080 16 629743 0 0 1289868
13162 -56 1673605925 635069 16 631394 0 0 1209465
10876 -72 1673605925 651085 16 633046 0 0 1290261
11625 -71 1673605925 667083 16 634697 0 0 1289928
15173 -77 1673605925 699074 16 636348 0 0 1289961
19738 -92 1673605925 715066 16 637999 0 0 1209369
23417 -55 1673605925 730995 16 639650 0 0 1290012
24470 -56 1673605925 763045 16 641301 0 0 1290771
22352 -75 1673605925 779064 16 642952 0 0 1210000
17742 -63 1673605925 795074 16 644604 0 0 1209979
13610 -65 1673605925 811055 16 646255 0 0 1290413
11038 -53 1673605925 843055 16 647906 0 0 1290396
11705 -79 1673605925 859047 16 649557 0 0 1209942
15970 -82 1673605925 875049 16 651209 0 0 1210100
21225 -84 1673605925 891024 16 652860 0 0 1290673
24248 -84 1673605925 923031 16 654511 0 0 1290844
23745 -60 1673605925 939018 16 656162 0 0 1209493
20209 -74 1673605925 955009 16 657813 0 0 1290365
15450 -73 1673605925 970983 16 659465 0 0 1290647
12026 -49 1673605926 2945 16 661116 0 0 1291010
10771 -70 1673605926 18986 16 662767 0 0 1210299
12849 -88 1673605926 34988 16 664418 0 0 1290502
17275 -101 1673605926 50962 16 666069 0 0 1290304
21927 -83 1673605926 82948 16 667720 0 0 1290586
24346 -87 1673605926 98965 16 669371 0 0 1209754
23164 -64 1673605926 114869 16 671023 0 0 1290313
18665 -70 1673605926 130941 16 672674 0 0 1291156
13653 -71 1673605926 162968 16 674325 0 0 1290245
11052 -74 1673605926 178965 16 675977 0 0 1209348
11523 -90 1673605926 194961 16 677628 0 0 1289898
14582 -86 1673605926 210987 16 679279 0 0 1290350
17945 -73 1673605926 242957 16 680930 0 0 1290109
21209 -71 1673605926 258948 16 682581 0 0 1209307
23936 -83 1673605926 274960 16 684232 0 0 1289977
23959 -70 1673605926 290929 16 685884 0 0 1290028
20536 -55 1673605926 322934 16 687535 0 0 1289367
16278 -71 1673605926 338926 16 689187 0 0 1209511
11923 -62 1673605926 354911 16 690838 0 0 1290226
10927 -94 1673605926 386893 16 692488 0 0 1290249
13383 -82 1673605926 402823 16 694140 0 0 1209688
17734 -82 1673605926 418861 16 695791 0 0 1210658
22277 -94 1673605926 434877 16 697442 0 0 1290815
24405 -75 1673605926 466887 16 699093 0 0 1290564
22937 -49 1673605926 482907 16 700745 0 0 1209995
18874 -71 1673605926 498934 16 702396 0 0 1209481
14069 -66 1673605926 514820 16 704047 0 0 1289788
11025 -76 1673605926 546879 16 705698 0 0 1290865
11449 -75 1673605926 562862 16 707349 0 0 1210048
14660 -70 1673605926 578876 16 709001 0 0 1290838
18785 -82 1673605926 594847 16 710652 0 0 1289988
23140 -76 1673605926 626861 16 712303 0 0 1290663
24433 -85 1673605926 642848 16 713955 0 0 1210222
22336 -64 1673605926 658863 16 715606 0 0 1290945
18258 -77 1673605926 674858 16 717257 0 0 1290995
13678 -96 1673605926 706834 16 718908 0 0 1291318
10949 -101 1673605926 722836 16 720559 0 0 1209606
11600 -111 1673605926 738833 16 722210 0 0 1290349
15102 -128 1673605926 754806 16 723862 0 0 1290208
19323 -109 1673605926 786809 16 725513 0 0 1290621
23081 -81 1673605926 802802 16 727164 0 0 1209706
24498 -77 1673605926 818850 16 728815 0 0 1290378
23047 -78 1673605926 834781 16 730466 0 0 1289765
19465 -74 1673605926 866781 16 732118 0 0 1290712
14710 -37 1673605926 882815 16 733769 0 0 1210046
11523 -67 1673605926 898780 16 735420 0 0 1290259
11069 -78 1673605926 914680 16 737071 0 0 1290633
14286 -86 1673605926 946754 16 738722 0 0 1291519
18939 -88 1673605926 962730 16 740374 0 0 1210494
22810 -91 1673605926 978748 16 742025 0 0 1291359
24472 -75 1673605927 10758 16 743676 0 0 1291107
23084 -45 1673605927 26729 16 745327 0 0 1210949
19156 -64 1673605927 42730 16 746978 0 0 1210445
14281 -77 1673605927 58732 16 748630 0 0 1291148
11271 -78 1673605927 90735 16 750281 0 0 1291470
11317 -103 1673605927 106722 16 751932 0 0 1210494
14951 -107 1673605927 122694 16 753583 0 0 1209611
19590 -95 1673605927 138713 16 755235 0 0 1290744
23340 -146 1673605927 170685 16 756886 0 0 1290310
24410 -113 1673605927 186660 16 758537 0 0 1209947
20221 -81 1673605927 202664 16 760188 0 0 1290840
11588 -128 1673605927 218649 16 761839 0 0 1290507
11292 -74 1673605927 250653 16 763491 0 0 1290668
10979 -93 1673605927 266670 16 765142 0 0 1210063
10862 -79 1673605927 282673 16 766793 0 0 1290515
13049 -121 1673605927 298614 16 768445 0 0 1290451
21836 -62 1673605927 330644 16 770095 0 0 1290569
19809 -45 1673605927 346643 16 771747 0 0 1210118
16956 -43 1673605927 362654 16 773398 0 0 1290673
18191 -60 1673605927 378656 16 775049 0 0 1290310
16925 -69 1673605927 410656 16 776700 0 0 1290330
12111 -104 1673605927 426653 16 778351 0 0 1209466
12092 -98 1673605927 442651 16 780003 0 0 1290219
17715 -72 1673605927 458656 16 781654 0 0 1290410
22688 -104 1673605927 490661 16 783305 0 0 1290293
24386 -57 1673605927 506629 16 784956 0 0 1209166
24644 -56 1673605927 522658 16 786608 0 0 1290229
23770 -63 1673605927 538657 16 788259 0 0 1289927
20056 -73 1673605927 570545 16 789910 0 0 1290048
15107 -71 1673605927 586551 16 791561 0 0 1209736
11779 -33 1673605927 602560 16 793212 0 0 1290291
11521 35 1673605927 634542 16 794863 0 0 1290072
13862 -94 1673605927 650516 16 796515 0 0 1209531
18129 -86 1673605927 666582 16 798166 0 0 1209844
22037 -81 1673605927 682531 16 799817 0 0 1289809
24384 -59 1673605927 714524 16 801468 0 0 1289904
24188 -75 1673605927 730542 16 803119 0 0 1209598
21460 -74 1673605927 746533 16 804771 0 0 1209504
16510 -70 1673605927 762511 16 806422 0 0 1289927
12469 -71 1673605927 794453 16 808073 0 0 1290210
11033 -72 1673605927 810478 16 809724 0 0 1209832
14106 -77 1673605927 826491 16 811375 0 0 1290101
18764 -101 1673605927 842482 16 813027 0 0 1289805
22377 -92 1673605927 874472 16 814678 0 0 1290558
24368 -93 1673605927 890476 16 816329 0 0 1209453
22882 -54 1673605927 906455 16 817980 0 0 1290010
18438 -56 1673605927 922462 16 819632 0 0 1290403
13734 -63 1673605927 954435 16 821283 0 0 1290242
10928 -80 1673605927 970438 16 822934 0 0 1209473
11344 -99 1673605927 986438 16 824585 0 0 1289912
14447 -91 1673605928 2437 16 826236 0 0 1290163
19106 -65 1673605928 34403 16 827888 0 0 1290304
23221 -82 1673605928 50387 16 829539 0 0 1209684
24379 -79 1673605928 66481 16 831190 0 0 1290435
21953 -48 1673605928 82483 16 832842 0 0 1289631
17653 -61 1673605928 114407 16 834493 0 0 1289301
13624 -94 1673605928 130380 16 836144 0 0 1208948
10927 -101 1673605928 146407 16 837795 0 0 1289768
11125 -63 1673605928 178437 16 839446 0 0 1289527
13938 -95 1673605928 194401 16 841097 0 0 1208836
18297 -62 1673605928 210370 16 842749 0 0 1209190
22377 -71 1673605928 226368 16 844400 0 0 1290032
24488 -86 1673605928 258385 16 846051 0 0 1289891
23650 -63 1673605928 274404 16 847702 0 0 1210077
19599 -65 1673605928 290372 16 849353 0 0 1209906
14788 -67 1673605928 306388 16 851005 0 0 1290751
11193 -84 1673605928 338385 16 852656 0 0 1290317
10900 -73 1673605928 354353 16 854307 0 0 1209981
13735 -79 1673605928 370368 16 855958 0 0 1290995
18454 -65 1673605928 386345 16 857609 0 0 1290382
22917 -98 1673605928 418326 16 859261 0 0 1290399
24495 -84 1673605928 434391 16 860912 0 0 1209812
22212 -87 1673605928 450244 16 862563 0 0 1289818
16958 -76 1673605928 466323 16 864214 0 0 1291504
12107 -66 1673605928 498308 16 865865 0 0 1290291
10730 -99 1673605928 514186 16 867517 0 0 1209923
12420 -84 1673605928 530291 16 869168 0 0 1291770
16473 -65 1673605928 546272 16 870819 0 0 1290395
21481 -88 1673605928 578275 16 872470 0 0 1290738
24325 -57 1673605928 594304 16 874121 0 0 1209785
23410 -57 1673605928 610253 16 875772 0 0 1290061
19570 -51 1673605928 626246 16 877424 0 0 1291327
14452 -54 1673605928 658224 16 879075 0 0 1289902
11200 -82 1673605928 674218 16 880726 0 0 1210135
11230 -83 1673605928 690218 16 882377 0 0 1290724
13658 -82 1673605928 706221 16 884028 0 0 1289485
17955 -93 1673605928 738224 16 885680 0 0 1290604
22369 -74 1673605928 754184 16 887331 0 0 1209789
24382 -66 1673605928 770202 16 888982 0 0 1290816
22658 -64 1673605928 802200 16 890633 0 0 1290927
18942 -64 1673605928 818159 16 892285 0 0 1209752
14705 -68 1673605928 834176 16 893936 0 0 1210095
11626 -71 1673605928 850143 16 895587 0 0 1290484
10783 -76 1673605928 882173 16 897238 0 0 1290757
13178 -101 1673605928 898045 16 898890 0 0 1210115
18070 -77 1673605928 914148 16 900541 0 0 1211348
22447 -66 1673605928 930146 16 902192 0 0 1290939
24503 -67 1673605928 962149 16 903843 0 0 1290555
23472 -63 1673605928 978122 16 905495 0 0 1210162
19580 -50 1673605928 994123 16 907146 0 0 1290996
14236 -50 1673605929 10126 16 908797 0 0 1290572
11139 -67 1673605929 42123 16 910448 0 0 1290713
11173 -86 1673605929 58111 16 912099 0 0 1209772
14201 -60 1673605929 74103 16 913750 0 0 1290535
19111 -58 1673605929 90103 16 915402 0 0 1289413
22993 -57 1673605929 122110 0 917052 0 0 1290347
24442 -72 1673605929 138118 0 918693 0 0 1209205
22642 -64 1673605929 154096 0 920323 0 0 1287649
18141 -52 1673605929 170094 0 921940 0 0 1284274
13815 -64 1673605929 202068 0 923546 0 0 1279909
11262 -84 1673605929 218057 0 925140 0 0 1196604
10880 -83 1673605929 234047 0 926722 0 0 1270580
13536 -88 1673605929 250084 0 928293 0 0 1262742
18040 -79 1673605929 282046 0 929851 0 0 1253131
22067 -73 1673605929 297956 0 931398 0 0 1167625
24502 -54 1673605929 314055 0 932933 0 0 1238266
24074 -59 1673605929 345991 0 934456 0 0 1226981
21190 -58 1673605929 362004 0 935968 0 0 1142830
17392 -76 1673605929 378016 0 937467 0 0 1132242
13136 -75 1673605929 394016 0 938955 0 0 1199550
10715 -77 1673605929 426021 0 940431 0 0 1189093
10779 -82 1673605929 442021 0 941896 0 0 1107101
13348 -67 1673605929 458017 0 943348 0 0 1097100
16579 -70 1673605929 473992 0 944789 0 0 1162231
20727 -76 1673605929 505997 0 946218 0 0 1151250
23631 -59 1673605929 521989 0 947635 0 0 1072613
24613 -62 1673605929 537949 0 949040 0 0 1135912
23010 -51 1673605929 553951 0 950434 0 0 1126118
20261 -77 1673605929 585947 0 951815 0 0 1115761
16159 -72 1673605929 601941 0 953185 0 0 1038524
12171 -61 1673605929 617951 0 954544 0 0 1099766
10624 -66 1673605929 633940 0 955890 0 0 1089332
11664 -72 1673605929 665918 0 957224 0 0 1078938
14923 -87 1673605929 681852 0 958547 0 0 1003813
18720 -95 1673605929 697831 0 959858 0 0 1063192
22301 -89 1673605929 713925 0 961158 0 0 1053036
24356 -65 1673605929 745927 0 962445 0 0 1041511
24238 -46 1673605929 761917 0 963721 0 0 968966
21796 -58 1673605929 777888 0 964984 0 0 1025480
18725 -58 1673605929 793916 0 966236 0 0 1015203
15364 -63 1673605929 825921 0 967477 0 0 1004819
12258 -64 1673605929 841895 0 968705 0 0 934408
10649 -71 1673605929 857912 0 969922 0 0 988805
11401 -84 1673605929 873882 0 971127 0 0 977798
14102 -81 1673605929 905896 0 972320 0 0 967401
17860 -89 1673605929 921883 0 973501 0 0 900092
21052 -81 1673605929 937871 0 974670 0 0 952044
23505 -72 1673605929 969846 0 975828 0 0 941798
24644 -92 1673605929 985846 0 976974 0 0 875311
23873 -63 1673605930 1844 4 978108 0 0 865074
21578 -82 1673605930 17817 0 979230 0 0 914706
18590 -39 1673605930 49846 0 980341 0 0 904345
15221 -58 1673605930 65848 0 981440 0 0 840407
12409 -51 1673605930 81731 0 982527 0 0 829824
10688 -74 1673605930 97748 0 983602 0 0 877937
10584 -83 1673605930 129825 0 984665 0 0 867382
12154 -85 1673605930 145814 0 985717 0 0 805455
15024 -90 1673605930 161814 0 986756 0 0 850989
18259 -116 1673605930 177771 0 987784 0 0 840637
21298 -52 1673605930 209818 0 988801 0 0 830637
23474 -46 1673605930 225782 0 989805 0 0 770910
24605 -57 1673605930 241793 0 990798 0 0 814487
24609 -69 1673605930 257790 0 991779 0 0 804083
23753 -38 1673605930 289776 0 992748 0 0 792976
22471 -72 1673605930 305742 0 993691 0 0 735343
20824 -53 1673605930 321766 0 994570 0 0 770122
18750 -52 1673605930 337751 4 995384 0 0 747960
17270 -176 1673605930 369751 4 996131 0 0 720587
16586 -57 1673605930 385783 4 996813 0 0 654304
15104 -50 1673605930 401733 0 997428 0 0 665291
13999 -105 1673605930 417720 0 997978 0 0 621979
13446 -84 1673605930 449714 0 998461 0 0 573450
13846 14 1673605930 465682 0 998878 0 0 499169
13883 -33 1673605930 481661 0 999230 0 0 487548
14099 -41 1673605930 497684 0 999515 0 0 429394
14586 -67 1673605930 529716 0 999735 0 0 371474
15629 -106 1673605930 545715 0 999889 0 0 305968
16944 -88 1673605930 561696 0 999976 0 0 281164
17210 -147 1673605930 593717 0 999999 0 0 223474
17670 -15 1673605930 609689 32 1000000 0 0 169644
