-317 0 1673954214 34040 0 -2968983 0 0 890763
-312 0 1673954214 49904 0 -2967784 0 0 842676
-310 0 1673954214 65915 0 -2966574 0 0 854054
-317 0 1673954214 81891 0 -2965352 0 0 918718
-310 0 1673954214 113954 0 -2964118 0 0 928040
-313 0 1673954214 129960 0 -2962872 0 0 878384
-314 0 1673954214 145915 0 -2961615 0 0 888823
-319 0 1673954214 161900 0 -2960345 0 0 956292
-309 0 1673954214 193905 0 -2959064 0 0 966761
-305 0 1673954214 209890 0 -2957771 0 0 913808
-311 0 1673954214 225882 0 -2956467 0 0 982724
-311 0 1673954214 241873 0 -2955150 0 0 992225
-311 0 1673954214 273851 0 -2953822 0 0 1002732
-313 0 1673954214 289870 0 -2952482 0 0 947517
-319 0 1673954214 305826 0 -2951130 0 0 1018672
-314 0 1673954214 321826 0 -2949766 0 0 1029534
-311 0 1673954214 353803 0 -2948391 0 0 1039438
-312 0 1673954214 369802 0 -2947003 0 0 982046
-312 0 1673954214 385795 0 -2945604 0 0 1055550
-317 0 1673954214 401749 0 -2944194 0 0 1065843
-309 0 1673954214 433741 0 -2942771 0 0 1076531
-312 0 1673954214 449605 0 -2941337 0 0 1016807
-308 0 1673954214 465687 0 -2939890 0 0 1093852
-316 0 1673954214 481674 0 -2938432 0 0 1103635
-311 0 1673954214 513644 0 -2936963 0 0 1113638
-310 0 1673954214 529625 0 -2935481 0 0 1051792
-309 0 1673954214 545606 0 -2933988 0 0 1129944
-313 0 1673954214 577573 0 -2932482 0 0 1140559
-315 0 1673954214 593580 0 -2930966 0 0 1076903
-311 0 1673954214 609549 0 -2929437 0 0 1086789
-312 0 1673954214 625548 0 -2927896 0 0 1167532
-311 0 1673954214 657523 0 -2926344 0 0 1176584
-317 0 1673954214 673469 0 -2924780 0 0 1111354
-310 0 1673954214 689512 0 -2923204 0 0 1122208
-314 0 1673954214 705452 0 -2921616 0 0 1204439
-310 0 1673954214 737434 0 -2920017 0 0 1215205
-314 0 1673954214 753468 0 -2918406 0 0 1146667
-314 0 1673954214 769461 0 -2916783 0 0 1230727
-310 0 1673954214 785379 0 -2915148 0 0 1241214
-310 0 1673954214 817375 0 -2913501 0 0 1252102
-308 0 1673954214 833320 0 -2911842 0 0 1181546
-311 0 1673954214 849272 0 -2910172 0 0 1268767
-313 0 1673954214 865273 0 -2908490 0 0 1279092
-315 0 1673954214 897321 0 -2906796 0 0 1289849
-314 0 1673954214 913173 0 -2905091 0 0 1216236
-313 0 1673954214 929290 0 -2903374 0 0 1306771
-315 0 1673954214 945276 0 -2901644 0 0 1316330
-313 0 1673954214 977260 0 -2899903 0 0 1326760
-313 0 1673954214 993245 0 -2898150 0 0 1250730
-316 0 1673954215 9228 0 -2896386 0 0 1342142
-315 0 1673954215 25201 0 -2894609 0 0 1352213
-311 0 1673954215 57204 0 -2892821 0 0 1362365
-315 0 1673954215 73153 0 -2891021 0 0 1284828
-322 0 1673954215 89170 0 -2889209 0 0 1379220
-317 0 1673954215 121108 0 -2887386 0 0 1387817
-313 0 1673954215 137171 0 -2885550 0 0 1309921
-314 0 1673954215 153047 0 -2883703 0 0 1319416
-316 0 1673954215 169137 0 -2881844 0 0 1416738
-313 0 1673954215 201059 0 -2879973 0 0 1426004
-307 0 1673954215 217048 0 -2878091 0 0 1344403
-311 0 1673954215 233216 0 -2876197 0 0 1354587
-317 0 1673954215 249212 0 -2874290 0 0 1451000
-315 0 1673954215 281002 0 -2872373 0 0 1460735
-313 0 1673954215 297035 0 -2870443 0 0 1377757
-319 0 1673954215 312991 0 -2868502 0 0 1477095
-311 0 1673954215 328992 0 -2866549 0 0 1488680
-319 0 1673954215 360940 0 -2864583 0 0 1497700
-318 0 1673954215 376886 0 -2862606 0 0 1412697
-312 0 1673954215 392914 0 -2860618 0 0 1515376
-315 0 1673954215 408917 0 -2858617 0 0 1525357
-310 0 1673954215 440882 0 -2856605 0 0 1537509
-312 0 1673954215 456876 0 -2854581 0 0 1449191
-316 0 1673954215 472857 0 -2852545 0 0 1553233
-316 0 1673954215 488760 0 -2850498 0 0 1564213
-318 0 1673954215 520802 0 -2848439 0 0 1575265
-313 0 1673954215 536782 0 -2846367 0 0 1484324
-311 0 1673954215 552718 0 -2844284 0 0 1591306
-307 0 1673954215 568708 0 -2842189 0 0 1601919
-310 0 1673954215 600766 0 -2840083 0 0 1612643
-315 0 1673954215 616765 0 -2837965 0 0 1519427
-316 0 1673954215 632776 0 -2835834 0 0 1628609
-319 0 1673954215 664645 0 -2833693 0 0 1638644
-311 0 1673954215 680670 0 -2831539 0 0 1544112
-308 0 1673954215 696639 0 -2829373 0 0 1553005
-315 0 1673954215 712661 0 -2827196 0 0 1664976
-311 0 1673954215 744654 0 -2825007 0 0 1674780
-311 0 1673954215 760620 0 -2822806 0 0 1576863
-319 0 1673954215 776526 0 -2820593 0 0 1587643
-311 0 1673954215 792592 0 -2818369 0 0 1702884
-309 0 1673954215 824583 0 -2816133 0 0 1712227
-319 0 1673954215 840584 0 -2813884 0 0 1613134
-313 0 1673954215 856512 0 -2811624 0 0 1728216
-315 0 1673954215 872541 0 -2809352 0 0 1739900
-314 0 1673954215 904504 4 -2807069 0 0 1749436
-316 0 1673954215 920504 0 -2804774 0 0 1648150
-315 0 1673954215 936378 0 -2802467 0 0 1765949
-315 0 1673954215 952392 0 -2800148 0 0 1777637
-317 0 1673954215 984431 0 -2797817 0 0 1786604
-309 0 1673954216 407 0 -2795475 0 0 1683358
-315 0 1673954216 16359 0 -2793121 0 0 1803741
-313 0 1673954216 32406 0 -2790755 0 0 1814802
-317 0 1673954216 64359 0 -2788377 0 0 1823470
-317 0 1673954216 80262 0 -2785988 0 0 1717746
-314 0 1673954216 96316 0 -2783586 0 0 1841557
-312 0 1673954216 112254 0 -2781173 0 0 1851116
-315 0 1673954216 144302 0 -2778748 0 0 1860591
-311 0 1673954216 160269 0 -2776311 0 0 1751969
-315 0 1673954216 176233 0 -2773863 0 0 1877310
-306 0 1673954216 208223 0 -2771402 0 0 1887955
-309 0 1673954216 224347 0 -2768930 0 0 1776946
-313 0 1673954216 247532 0 -2766447 0 0 1786016
-313 0 1673954216 256083 0 -2763951 0 0 1837406
-308 0 1673954216 288173 0 -2761443 0 0 2059685
-309 0 1673954216 304151 0 -2758924 0 0 1947486
-313 0 1673954216 320161 0 -2756393 0 0 1957256
-315 0 1673954216 336039 0 -2753850 0 0 2086625
-319 0 1673954216 367985 0 -2751295 0 0 2098497
-314 0 1673954216 384050 0 -2748729 0 0 1983128
-318 0 1673954216 400063 0 -2746151 0 0 2113127
-312 0 1673954216 416069 0 -2743561 0 0 2125235
-317 0 1673954216 448021 0 -2740959 0 0 2211029
-317 0 1673954216 464010 0 -2738345 0 0 1880578
-313 0 1673954216 479991 0 -2735720 0 0 2014449
-317 0 1673954216 495963 0 -2733082 0 0 2024864
-317 0 1673954216 527942 0 -2730433 0 0 2035824
-309 0 1673954216 543924 0 -2727773 0 0 1914364
-313 0 1673954216 559861 0 -2725100 0 0 2050188
-311 0 1673954216 575911 0 -2722416 0 0 2062594
-317 0 1673954216 607866 0 -2719720 0 0 2072331
-315 0 1673954216 623853 0 -2717012 0 0 1950737
-313 0 1673954216 639863 0 -2714292 0 0 2088750
-318 0 1673954216 655839 0 -2711560 0 0 2098856
-316 0 1673954216 687770 0 -2708816 0 0 2109304
-310 0 1673954216 703813 0 -2706061 0 0 1984971
-307 0 1673954216 719767 0 -2703294 0 0 2124494
-316 0 1673954216 751765 0 -2700516 0 0 2135236
-312 0 1673954216 767713 0 -2697725 0 0 2008378
-311 0 1673954216 783781 0 -2694923 0 0 2020442
-311 0 1673954216 799704 0 -2692109 0 0 2161671
-313 0 1673954216 831670 0 -2689283 0 0 2173141
-312 0 1673954216 847655 0 -2686445 0 0 2045233
-314 0 1673954216 863655 0 -2683596 0 0 2055345
-311 0 1673954216 879543 0 -2680735 0 0 2199927
-314 0 1673954216 911550 0 -2677862 0 0 2212981
-317 0 1673954216 927574 0 -2674977 0 0 2081748
-312 0 1673954216 943995 0 -2672080 0 0 2227947
-315 0 1673954216 959474 0 -2669171 0 0 2230220
-324 0 1673954216 991494 0 -2666252 0 0 2251232
-310 0 1673954217 7512 0 -2663319 0 0 2117044
-313 0 1673954217 23421 0 -2660376 0 0 2265402
-314 0 1673954217 39417 0 -2657421 0 0 2277143
-316 0 1673954217 71378 0 -2654453 0 0 2287665
-311 0 1673954217 87393 0 -2651474 0 0 2150757
-313 0 1673954217 103387 0 -2648483 0 0 2301735
-314 0 1673954217 119585 0 -2645480 0 0 2312620
-307 0 1673954217 151328 0 -2642465 0 0 2326656
-318 0 1673954217 167339 0 -2639439 0 0 2180953
-312 0 1673954217 183252 0 -2636401 0 0 2334305
-312 0 1673954217 199293 0 -2633351 0 0 2346706
-311 0 1673954217 231304 0 -2630289 0 0 2354740
-308 0 1673954217 247296 0 -2627216 0 0 2214821
-315 0 1673954217 263298 0 -2624130 0 0 2370703
-311 0 1673954217 295249 0 -2621033 0 0 2381290
-316 0 1673954217 311151 0 -2617924 0 0 2239958
-315 0 1673954217 327200 0 -2614804 0 0 2255689
-313 0 1673954217 343190 0 -2611671 0 0 2411761
-308 0 1673954217 375106 0 -2608527 0 0 2422509
-315 0 1673954217 391016 0 -2605371 0 0 2277536
-313 0 1673954217 407094 0 -2602203 0 0 2290402
-315 0 1673954217 422961 0 -2599023 0 0 2449445
-309 0 1673954217 455047 0 -2595832 0 0 2462160
-309 0 1673954217 471033 0 -2592628 0 0 2315783
-314 0 1673954217 487025 0 -2589414 0 0 2477885
-309 0 1673954217 502949 0 -2586186 0 0 2486712
-309 0 1673954217 534936 0 -2582948 0 0 2499409
-320 0 1673954217 550873 0 -2579698 0 0 2350942
-310 0 1673954217 566966 0 -2576435 0 0 2516347
-314 0 1673954217 582942 0 -2573161 0 0 2523100
-313 0 1673954217 614919 0 -2569875 0 0 2535441
-312 0 1673954217 630860 0 -2566578 0 0 2382310
-312 0 1673954217 646890 0 -2563269 0 0 2550624
-320 0 1673954217 662884 0 -2559947 0 0 2560289
-317 0 1673954217 694842 0 -2556615 0 0 2570410
-315 0 1673954217 710820 0 -2553270 0 0 2416234
-314 0 1673954217 726792 0 -2549914 0 0 2585664
-317 0 1673954217 742714 0 -2546545 0 0 2595333
-319 0 1673954217 774773 0 -2543165 0 0 2609149
-312 0 1673954217 790724 0 -2539773 0 0 2453089
-313 0 1673954217 806653 0 -2536369 0 0 2625430
-316 0 1673954217 838739 0 -2532954 0 0 2636072
-310 0 1673954217 854565 0 -2529527 0 0 2479150
-321 0 1673954217 870765 0 -2526088 0 0 2493170
-313 0 1673954217 886637 0 -2522637 0 0 2662476
-309 0 1673954217 918578 0 -2519174 0 0 2675201
-316 0 1673954217 934648 0 -2515700 0 0 2515563
-308 0 1673954217 950639 0 -2512213 0 0 2522912
-319 0 1673954217 966641 0 -2508716 0 0 2699288
-314 0 1673954217 998565 0 -2505206 0 0 2708575
-313 0 1673954218 14587 0 -2501684 0 0 2545975
-312 0 1673954218 30577 0 -2498150 0 0 2723733
-312 0 1673954218 46546 0 -2494605 0 0 2730608
-311 0 1673954218 78540 0 -2491048 0 0 2745795
-312 0 1673954218 94528 0 -2487479 0 0 2579184
-308 0 1673954218 110494 0 -2483899 0 0 2759114
-308 0 1673954218 126483 0 -2480307 0 0 2771598
-313 0 1673954218 158384 0 -2476702 0 0 2782195
-314 0 1673954218 174408 0 -2473086 0 0 2616575
-310 0 1673954218 190329 0 -2469458 0 0 2797959
-306 0 1673954218 206311 0 -2465819 0 0 2810450
-314 0 1673954218 238257 0 -2462167 0 0 2821084
-314 0 1673954218 254198 0 -2458504 0 0 2652206
-317 0 1673954218 270287 0 -2454830 0 0 2838023
-312 0 1673954218 286204 0 -2451143 0 0 2846218
-314 0 1673954218 318271 0 -2447443 0 0 2857902
-315 0 1673954218 334262 0 -2443733 0 0 2686383
-311 0 1673954218 350263 0 -2440011 0 0 2872954
-316 0 1673954218 382059 0 -2436278 0 0 2883716
-317 0 1673954218 398201 0 -2432532 0 0 2710665
-317 0 1673954218 414199 0 -2428774 0 0 2717386
-320 0 1673954218 430196 0 -2425005 0 0 2906339
-314 0 1673954218 462168 0 -2421224 0 0 2915530
-320 0 1673954218 478156 0 -2417432 0 0 2742781
-316 0 1673954218 494076 0 -2413627 0 0 2751430
-314 0 1673954218 510146 0 -2409811 0 0 2945185
-315 0 1673954218 542143 0 -2405982 0 0 2953801
-314 0 1673954218 558095 0 -2402142 0 0 2776790
-316 0 1673954218 573998 0 -2398291 0 0 2969912
-313 0 1673954218 589944 0 -2394427 0 0 2985794
-311 0 1673954218 621993 0 -2390551 0 0 2997479
-308 0 1673954218 637997 0 -2386665 0 0 2817627
-307 0 1673954218 653938 0 -2382766 0 0 3012976
-318 0 1673954218 669953 0 -2378855 0 0 3024462
-314 0 1673954218 701818 0 -2374932 0 0 3032680
-314 0 1673954218 717918 0 -2370998 0 0 2853286
-310 0 1673954218 733879 0 -2367052 0 0 3048727
-312 0 1673954218 749865 0 -2363094 0 0 3058989
-313 0 1673954218 781806 0 -2359124 0 0 3067378
-309 0 1673954218 797813 0 -2355142 0 0 2882374
-309 0 1673954218 813796 0 -2351149 0 0 3082688
-314 0 1673954218 829786 0 -2347144 0 0 3093551
-316 0 1673954218 861795 0 -2343127 0 0 3102735
-320 0 1673954218 877698 0 -2339098 0 0 2916661
-305 0 1673954218 893680 0 -2335058 0 0 3120695
-317 0 1673954218 925641 0 -2331006 0 0 3133886
-311 0 1673954218 941634 0 -2326942 0 0 2945098
-314 0 1673954218 957649 0 -2322866 0 0 2955284
-314 0 1673954218 976591 0 -2318778 0 0 3159336
-314 0 1673954219 13004 0 -2314678 0 0 3107768
-312 0 1673954219 23194 0 -2310567 0 0 2892644
-313 0 1673954219 37626 0 -2306444 0 0 3132321
-312 0 1673954219 53602 0 -2302310 0 0 3383220
-318 0 1673954219 85475 0 -2298163 0 0 3391872
-314 0 1673954219 101494 0 -2294005 0 0 3199559
-319 0 1673954219 117541 0 -2289834 0 0 3407721
-319 0 1673954219 133538 0 -2285651 0 0 3416799
-316 0 1673954219 165458 0 -2281458 0 0 3427504
-317 0 1673954219 181480 0 -2277252 0 0 3295186
-316 0 1673954219 197471 0 -2273035 0 0 3530032
-316 0 1673954219 213463 0 -2268806 0 0 3311046
-321 0 1673954219 245423 0 -2264565 0 0 3277840
-310 0 1673954219 261406 0 -2260312 0 0 3080177
-319 0 1673954219 277383 0 -2256048 0 0 3293190
-311 0 1673954219 293363 0 -2251772 0 0 3304528
-315 0 1673954219 325350 0 -2247483 0 0 3316600
-316 0 1673954219 341271 0 -2243183 0 0 3117097
-314 0 1673954219 357301 0 -2238872 0 0 3334297
-312 0 1673954219 373271 0 -2234549 0 0 3344423
-306 0 1673954219 405267 0 -2230213 0 0 3355436
-313 0 1673954219 421286 0 -2225866 0 0 3153351
-320 0 1673954219 437289 0 -2221507 0 0 3370604
-309 0 1673954219 453235 0 -2217137 0 0 3380432
-307 0 1673954219 485209 0 -2212754 0 0 3391730
-316 0 1673954219 501207 0 -2208360 0 0 3187083
-314 0 1673954219 517192 0 -2203954 0 0 3407364
-310 0 1673954219 549188 0 -2199536 0 0 3416129
-318 0 1673954219 565192 0 -2195106 0 0 3211087
-314 0 1673954219 581171 0 -2190665 0 0 3220437
-311 0 1673954219 597168 0 -2186212 0 0 3443589
-312 0 1673954219 629104 0 -2181747 0 0 3454528
-310 0 1673954219 645098 0 -2177270 0 0 3246891
-315 0 1673954219 661127 0 -2172781 0 0 3255958
-313 0 1673954219 677059 0 -2168281 0 0 3479891
-316 0 1673954219 709032 0 -2163769 0 0 3492069
-315 0 1673954219 725001 0 -2159245 0 0 3281304
-315 0 1673954219 741018 0 -2154709 0 0 3508797
-321 0 1673954219 756988 0 -2150162 0 0 3518786
-311 0 1673954219 788963 0 -2145602 0 0 3529500
-311 0 1673954219 804936 0 -2141031 0 0 3316751
-307 0 1673954219 820915 0 -2136448 0 0 3546024
-315 0 1673954219 837023 0 -2131853 0 0 3556801
-312 0 1673954219 868912 0 -2127247 0 0 3564932
-313 0 1673954219 884842 0 -2122629 0 0 3348700
-308 0 1673954219 900888 0 -2117999 0 0 3581750
-311 0 1673954219 916882 0 -2113356 0 0 3590039
-315 0 1673954219 948810 0 -2108702 0 0 3601130
-313 0 1673954219 964856 0 -2104036 0 0 3383327
-311 0 1673954219 980845 0 -2099360 0 0 3615291
-314 0 1673954219 996849 0 -2094671 0 0 3625201
-312 0 1673954220 28822 0 -2089970 0 0 3634848
-312 0 1673954220 44715 0 -2085257 0 0 3418380
-312 0 1673954220 60808 0 -2080533 0 0 3656541
-318 0 1673954220 92800 0 -2075796 0 0 3662330
-311 0 1673954220 108704 0 -2071048 0 0 3442106
-314 0 1673954220 124661 0 -2066289 0 0 3454995
-309 0 1673954220 140637 0 -2061517 0 0 3693920
-314 0 1673954220 172605 0 -2056735 0 0 3706283
-314 0 1673954220 188698 0 -2051939 0 0 3482472
-318 0 1673954220 204694 0 -2047132 0 0 3490225
-308 0 1673954220 220660 0 -2042314 0 0 3730529
-311 0 1673954220 252592 0 -2037482 0 0 3738975
-308 0 1673954220 268627 0 -2032640 0 0 3515980
-312 0 1673954220 284627 0 -2027786 0 0 3757075
-310 0 1673954220 300599 0 -2022920 0 0 3764719
-313 0 1673954220 332576 0 -2018043 0 0 3774552
-320 0 1673954220 348571 0 -2013153 0 0 3545799
-319 0 1673954220 364549 0 -2008252 0 0 3790148
-309 0 1673954220 380539 0 -2003339 0 0 3803873
-314 0 1673954220 412477 0 -1998413 0 0 3814603
-310 0 1673954220 428521 0 -1993477 0 0 3583207
-314 0 1673954220 444504 0 -1988529 0 0 3828155
-314 0 1673954220 460425 0 -1983569 0 0 3840057
-312 0 1673954220 492437 0 -1978597 0 0 3852818
-312 0 1673954220 508442 0 -1973613 0 0 3618981
-313 0 1673954220 524431 0 -1968617 0 0 3867778
-304 0 1673954220 540430 0 -1963609 0 0 3878414
-313 0 1673954220 572434 0 -1958590 0 0 3888136
-313 0 1673954220 588387 0 -1953559 0 0 3652404
-309 0 1673954220 604300 0 -1948516 0 0 3904852
-306 0 1673954220 636284 0 -1943461 0 0 3919325
-311 0 1673954220 652306 0 -1938395 0 0 3681922
-315 0 1673954220 668314 0 -1933317 0 0 3689183
-312 0 1673954220 684352 0 -1928227 0 0 3942737
-312 0 1673954220 721119 0 -1923125 0 0 3952061
-312 0 1673954220 732201 0 -1918010 0 0 3680036
-310 0 1673954220 748310 0 -1912885 0 0 3912465
-306 0 1673954220 764331 0 -1907748 0 0 4165107
-318 0 1673954220 796310 0 -1902600 0 0 4173251
-317 0 1673954220 812267 0 -1897439 0 0 3929067
-311 0 1673954220 828280 0 -1892267 0 0 4188019
-312 0 1673954220 844252 0 -1887082 0 0 4198738
-317 0 1673954220 876232 0 -1881886 0 0 4210228
-311 0 1673954220 892220 0 -1876678 0 0 3967622
-315 0 1673954220 908229 0 -1871458 0 0 4260396
-312 0 1673954220 924092 0 -1866227 0 0 4048353
-316 0 1673954220 956149 0 -1860985 0 0 4066422
-316 0 1673954220 972154 0 -1855729 0 0 3820531
-310 0 1673954220 988154 0 -1850462 0 0 4082558
-317 0 1673954221 4237 0 -1845183 0 0 4091646
-312 0 1673954221 36091 0 -1839893 0 0 4099645
-305 0 1673954221 51985 0 -1834590 0 0 3851456
-312 0 1673954221 68075 0 -1829276 0 0 4119407
-311 0 1673954221 84075 0 -1823951 0 0 4126369
-314 0 1673954221 115987 0 -1818613 0 0 4137106
-309 0 1673954221 131971 0 -1813264 0 0 3882672
-312 0 1673954221 148030 0 -1807903 0 0 4150547
-312 0 1673954221 179929 0 -1802530 0 0 4159132
-310 0 1673954221 195985 0 -1797145 0 0 3907376
-314 0 1673954221 211957 0 -1791748 0 0 3918653
-316 0 1673954221 227958 0 -1786340 0 0 4187582
-313 0 1673954221 259939 0 -1780920 0 0 4194439
-316 0 1673954221 275940 0 -1775488 0 0 3942721
-314 0 1673954221 291976 0 -1770044 0 0 3953039
-312 0 1673954221 307923 0 -1764589 0 0 4222656
-316 0 1673954221 339916 0 -1759120 0 0 4234454
-316 0 1673954221 355924 0 -1753642 0 0 3979213
-311 0 1673954221 371887 0 -1748151 0 0 4251404
-310 0 1673954221 387826 0 -1742649 0 0 4264742
-313 0 1673954221 419862 0 -1737134 0 0 4276326
-312 0 1673954221 435802 0 -1731607 0 0 4016632
-311 0 1673954221 451856 0 -1726069 0 0 4294096
-314 0 1673954221 467856 0 -1720519 0 0 4302658
-314 0 1673954221 499830 0 -1714957 0 0 4314303
-311 0 1673954221 515795 0 -1709384 0 0 4050786
-313 0 1673954221 531842 0 -1703797 0 0 4330049
-315 0 1673954221 547789 0 -1698201 0 0 4338970
-314 0 1673954221 579789 0 -1692592 0 0 4349995
-318 0 1673954221 595801 0 -1686972 0 0 4083773
-310 0 1673954221 611732 0 -1681340 0 0 4363791
-310 0 1673954221 627732 0 -1675696 0 0 4374494
-317 0 1673954221 659710 0 -1670039 0 0 4386767
-311 0 1673954221 675714 0 -1664371 0 0 4120551
-313 0 1673954221 691671 0 -1658692 0 0 4402662
-314 0 1673954221 707637 0 -1653001 0 0 4413119
-312 0 1673954221 739626 0 -1647297 0 0 4426453
-314 0 1673954221 755615 0 -1641584 0 0 4155930
-311 0 1673954221 771541 0 -1635856 0 0 4441275
-314 0 1673954221 803587 0 -1630117 0 0 4454741
-306 0 1673954221 819523 0 -1624367 0 0 4181541
-313 0 1673954221 835498 0 -1618605 0 0 4194054
-309 0 1673954221 851488 0 -1612831 0 0 4481856
-311 0 1673954221 883519 0 -1607046 0 0 4492699
-311 0 1673954221 899518 0 -1601248 0 0 4218271
-309 0 1673954221 915400 0 -1595439 0 0 4227374
-312 0 1673954221 931504 0 -1589618 0 0 4521004
-312 0 1673954221 963356 0 -1583783 0 0 4527388
-312 0 1673954221 979418 0 -1577939 0 0 4251013
-316 0 1673954221 995457 0 -1572083 0 0 4540321
-317 0 1673954222 11459 0 -1566216 0 0 4546922
-313 0 1673954222 43420 0 -1560336 0 0 4556320
-316 0 1673954222 59398 0 -1554444 0 0 4279071
-312 0 1673954222 75418 0 -1548540 0 0 4573596
-312 0 1673954222 91389 0 -1542624 0 0 4583289
-313 0 1673954222 123390 0 -1536697 0 0 4590468
-314 0 1673954222 139368 0 -1530758 0 0 4314305
-317 0 1673954222 155284 0 -1524807 0 0 4609580
-309 0 1673954222 171401 0 -1518845 0 0 4625212
-311 0 1673954222 203334 0 -1512870 0 0 4632916
-314 0 1673954222 219274 0 -1506884 0 0 4351667
-316 0 1673954222 235221 0 -1500885 0 0 4651666
-307 0 1673954222 251279 0 -1494877 0 0 4662978
-314 0 1673954222 283242 0 -1488854 0 0 4672024
-305 0 1673954222 299301 0 -1482821 0 0 4387086
-317 0 1673954222 315266 0 -1476776 0 0 4685268
-309 0 1673954222 347236 0 -1470719 0 0 4696116
-311 0 1673954222 363232 0 -1464649 0 0 4407481
-313 0 1673954222 379212 0 -1458569 0 0 4422120
-313 0 1673954222 395208 0 -1452476 0 0 4724985
-318 0 1673954222 427057 0 -1446373 0 0 4733085
-312 0 1673954222 443149 0 -1440256 0 0 4444514
-311 0 1673954222 459164 0 -1434129 0 0 4453374
-314 0 1673954222 475141 0 -1427990 0 0 4757404
-312 0 1673954222 507190 0 -1421839 0 0 4770789
-309 0 1673954222 522990 0 -1415676 0 0 4478456
-312 0 1673954222 539095 0 -1409501 0 0 4792451
-308 0 1673954222 555032 0 -1403314 0 0 4798813
-311 0 1673954222 587037 0 -1397115 0 0 4810813
-314 0 1673954222 602925 0 -1390924 0 0 4516915
-309 0 1673954222 619098 0 -1384743 0 0 4824686
-312 0 1673954222 634994 0 -1378573 0 0 4825861
-310 0 1673954222 666993 0 -1372416 0 0 4832114
-316 0 1673954222 682975 0 -1366271 0 0 4530624
-316 0 1673954222 698970 0 -1360138 0 0 4829757
-313 0 1673954222 714944 0 -1354015 0 0 4817232
-312 0 1673954222 746940 0 -1347905 0 0 4814623
-314 0 1673954222 762908 0 -1341806 0 0 4504699
-314 0 1673954222 778921 0 -1335719 0 0 4798076
-315 0 1673954222 794911 0 -1329645 0 0 4782890
-312 0 1673954222 826891 0 -1323582 0 0 4779256
-316 0 1673954222 842868 0 -1317531 0 0 4469697
-306 0 1673954222 858757 0 -1311491 0 0 4760331
-312 0 1673954222 890840 0 -1305464 0 0 4753417
-305 0 1673954222 906811 0 -1299447 0 0 4448320
-312 0 1673954222 922744 0 -1293443 0 0 4438062
-312 0 1673954222 938800 0 -1287451 0 0 4727839
-317 0 1673954222 970804 0 -1281471 0 0 4714161
-307 0 1673954222 986755 0 -1275502 0 0 4412897
-312 0 1673954223 2698 0 -1269545 0 0 4403963
-309 0 1673954223 18688 0 -1263600 0 0 4690961
-308 0 1673954223 50815 0 -1257666 0 0 4680123
-312 0 1673954223 66723 0 -1251744 0 0 4375454
-309 0 1673954223 82735 0 -1245835 0 0 4662803
-304 0 1673954223 98607 0 -1239937 0 0 4650955
-311 0 1673954223 130690 0 -1234051 0 0 4642778
-311 0 1673954223 146691 0 -1228177 0 0 4346905
-313 0 1673954223 162628 0 -1222313 0 0 4628107
-314 0 1673954223 178664 0 -1216462 0 0 4618227
-312 0 1673954223 210640 0 -1210622 0 0 4604617
-308 0 1673954223 226626 0 -1204796 0 0 4309449
-314 0 1673954223 242599 0 -1198981 0 0 4589800
-313 0 1673954223 258529 0 -1193178 0 0 4577069
-310 0 1673954223 290443 0 -1187386 0 0 4569635
-314 0 1673954223 306593 0 -1181606 0 0 4273182
-314 0 1673954223 322608 0 -1175838 0 0 4545157
-308 0 1673954223 338550 0 -1170081 0 0 4534217
-313 0 1673954223 370467 0 -1164336 0 0 4523648
-309 0 1673954223 386444 0 -1158603 0 0 4235275
-312 0 1673954223 402425 0 -1152883 0 0 4509987
-307 0 1673954223 434440 0 -1147174 0 0 4499801
-314 0 1673954223 450423 0 -1141476 0 0 4210236
-314 0 1673954223 466463 0 -1135791 0 0 4197892
-314 0 1673954223 482420 0 -1130116 0 0 4467722
-309 0 1673954223 514438 0 -1124455 0 0 4463994
-315 0 1673954223 530377 0 -1118804 0 0 4178086
-310 0 1673954223 546414 0 -1113166 0 0 4167703
-311 0 1673954223 562389 0 -1107539 0 0 4435287
-308 0 1673954223 594272 0 -1101924 0 0 4425087
-311 0 1673954223 610303 0 -1096321 0 0 4141493
-313 0 1673954223 626305 0 -1090730 0 0 4408341
-316 0 1673954223 642256 0 -1085150 0 0 4397428
-312 0 1673954223 674311 0 -1079583 0 0 4389934
-317 0 1673954223 690280 0 -1074026 0 0 4106484
-310 0 1673954223 706276 0 -1068482 0 0 4373169
-314 0 1673954223 722246 0 -1062949 0 0 4360943
-312 0 1673954223 754163 0 -1057429 0 0 4352774
-312 0 1673954223 770185 0 -1051920 0 0 4073270
-309 0 1673954223 786124 0 -1046423 0 0 4334761
-316 0 1673954223 802210 0 -1040938 0 0 4327515
-312 0 1673954223 834206 0 -1035464 0 0 4314374
-313 0 1673954223 850205 0 -1030002 0 0 4035784
-315 0 1673954223 866108 0 -1024552 0 0 4297172
-308 0 1673954223 882054 0 -1019115 0 0 4288910
-304 0 1673954223 914114 0 -1013688 0 0 4280218
-320 0 1673954223 930100 0 -1008274 0 0 4004004
-317 0 1673954223 945975 0 -1002871 0 0 4262409
-314 0 1673954223 962049 0 -997481 0 0 4256841
-314 0 1673954223 994028 0 -992100 0 0 4242216
-308 0 1673954224 10025 0 -986733 0 0 3972736
-316 0 1673954224 25999 0 -981378 0 0 4229051
-311 0 1673954224 57987 0 -976035 0 0 4219418
-314 0 1673954224 73858 0 -970703 0 0 3945671
-311 0 1673954224 89928 0 -965383 0 0 3937650
-315 0 1673954224 105943 0 -960074 0 0 4189988
-311 0 1673954224 137897 0 -954778 0 0 4178592
-311 0 1673954224 153892 0 -949493 0 0 3906509
-316 0 1673954224 169961 0 -944220 0 0 3898542
-312 0 1673954224 186014 0 -938959 0 0 4147873
-310 0 1673954224 217871 0 -933710 0 0 4135731
-304 0 1673954224 233872 0 -928472 0 0 3870014
-309 0 1673954224 249832 0 -923246 0 0 4119884
-314 0 1673954224 265862 0 -918032 0 0 4106586
-308 0 1673954224 297843 0 -912830 0 0 4097445
-307 0 1673954224 313810 0 -907640 0 0 3834310
-314 0 1673954224 329737 0 -902461 0 0 4082689
-305 0 1673954224 345804 0 -897294 0 0 4074489
-312 0 1673954224 377788 0 -892140 0 0 4064147
-318 0 1673954224 393703 0 -886996 0 0 3804539
-312 0 1673954224 409796 0 -881865 0 0 4051380
-308 0 1673954224 425775 0 -876745 0 0 4038171
-319 0 1673954224 457615 0 -871636 0 0 4027297
-316 0 1673954224 473713 0 -866541 0 0 3770269
-306 0 1673954224 489689 0 -861456 0 0 4010259
-312 0 1673954224 505690 0 -856384 0 0 3999509
-312 0 1673954224 537759 0 -851323 0 0 3986814
-315 0 1673954224 553593 0 -846275 0 0 3731546
-313 0 1673954224 569609 0 -841238 0 0 3977300
-310 0 1673954224 601634 0 -836212 0 0 3963880
-311 0 1673954224 617571 0 -831198 0 0 3711402
-310 0 1673954224 633612 0 -826196 0 0 3702229
-312 0 1673954224 649610 0 -821206 0 0 3938258
-315 0 1673954224 681531 0 -816228 0 0 3930893
-313 0 1673954224 697571 0 -811262 0 0 3677917
-312 0 1673954224 713509 0 -806307 0 0 3666389
-312 0 1673954224 729547 0 -801365 0 0 3904930
-310 0 1673954224 761497 0 -796434 0 0 3888281
-313 0 1673954224 777524 0 -791514 0 0 3638561
-311 0 1673954224 793470 0 -786606 0 0 3872417
-315 0 1673954224 809506 0 -781710 0 0 3861754
-312 0 1673954224 841485 0 -776827 0 0 3851480
-310 0 1673954224 857410 0 -771955 0 0 3603333
-311 0 1673954224 873366 0 -767095 0 0 3837097
-315 0 1673954224 889341 0 -762247 0 0 3829160
-311 0 1673954224 921364 0 -757410 0 0 3817768
-307 0 1673954224 937425 0 -752585 0 0 3572792
-317 0 1673954224 953408 0 -747772 0 0 3800416
-306 0 1673954224 969371 0 -742970 0 0 3791371
-313 0 1673954225 1394 0 -738182 0 0 3780289
-316 0 1673954225 17349 0 -733404 0 0 3537637
-309 0 1673954225 33342 0 -728638 0 0 3766333
-318 0 1673954225 49317 0 -723884 0 0 3753949
-311 0 1673954225 81370 0 -719140 0 0 3743212
-314 0 1673954225 97301 0 -714410 0 0 3500685
-311 0 1673954225 113215 0 -709692 0 0 3727996
-308 0 1673954225 145263 0 -704986 0 0 3721816
-312 0 1673954225 161245 0 -700291 0 0 3481276
-317 0 1673954225 177271 0 -695607 0 0 3470551
-314 0 1673954225 193263 0 -690936 0 0 3692830
-315 0 1673954225 225240 0 -686276 0 0 3681394
-311 0 1673954225 241266 0 -681627 0 0 3444098
-319 0 1673954225 257243 0 -676991 0 0 3432092
-315 0 1673954225 273067 0 -672367 0 0 3653729
-315 0 1673954225 305152 0 -667755 0 0 3646391
-313 0 1673954225 321048 0 -663154 0 0 3408401
-312 0 1673954225 337132 0 -658565 0 0 3630572
-309 0 1673954225 353083 0 -653987 0 0 3617371
-312 0 1673954225 385182 0 -649422 0 0 3609129
-316 0 1673954225 401044 0 -644868 0 0 3375500
-314 0 1673954225 417119 0 -640326 0 0 3595749
-316 0 1673954225 433121 0 -635796 0 0 3584068
-309 0 1673954225 465075 0 -631278 0 0 3573011
-313 0 1673954225 481060 0 -626771 0 0 3337996
-311 0 1673954225 497069 0 -622277 0 0 3553212
-319 0 1673954225 512915 0 -617794 0 0 3539682
-316 0 1673954225 545026 0 -613323 0 0 3535811
-317 0 1673954225 561017 0 -608863 0 0 3305662
-318 0 1673954225 576891 0 -604416 0 0 3518506
-309 0 1673954225 592994 0 -599979 0 0 3507833
-311 0 1673954225 624993 0 -595556 0 0 3496685
-312 0 1673954225 640950 0 -591144 0 0 3270965
-309 0 1673954225 656930 0 -586744 0 0 3481425
-314 0 1673954225 672804 0 -582355 0 0 3471296
-313 0 1673954225 704813 0 -577977 0 0 3464682
-307 0 1673954225 720925 0 -573613 0 0 3236844
-315 0 1673954225 736911 0 -569260 0 0 3441966
-312 0 1673954225 768812 0 -564919 0 0 3431741
-311 0 1673954225 784754 0 -560589 0 0 3207083
-320 0 1673954225 800832 0 -556272 0 0 3201028
-317 0 1673954225 816830 0 -551966 0 0 3404059
-323 0 1673954225 848757 0 -547672 0 0 3392602
-315 0 1673954225 864815 0 -543389 0 0 3173061
-311 0 1673954225 880812 0 -539118 0 0 3157712
-310 0 1673954225 896769 0 -534859 0 0 3360682
-305 0 1673954225 928816 0 -530613 0 0 3354305
-313 0 1673954225 944659 0 -526377 0 0 3136541
-315 0 1673954225 960829 0 -522154 0 0 3340948
-314 0 1673954225 976727 0 -517942 0 0 3324836
-316 0 1673954226 8684 0 -513743 0 0 3319057
-319 0 1673954226 24667 0 -509554 0 0 3104485
-314 0 1673954226 40656 0 -505378 0 0 3303123
-314 0 1673954226 56644 0 -501213 0 0 3294557
-315 0 1673954226 88647 0 -497061 0 0 3284334
-314 0 1673954226 104677 0 -492920 0 0 3070747
-312 0 1673954226 120645 0 -488791 0 0 3266682
-307 0 1673954226 136589 0 -484673 0 0 3253148
-310 0 1673954226 168540 0 -480568 0 0 3248431
-316 0 1673954226 184578 0 -476474 0 0 3035950
-315 0 1673954226 200558 0 -472392 0 0 3228822
-318 0 1673954226 216573 0 -468322 0 0 3218534
-305 0 1673954226 248562 0 -464264 0 0 3207434
-315 0 1673954226 264533 0 -460217 0 0 2999336
-317 0 1673954226 280527 0 -456182 0 0 3191917
-317 0 1673954226 312438 0 -452159 0 0 3182467
-319 0 1673954226 328451 0 -448147 0 0 2975958
-313 0 1673954226 344458 0 -444148 0 0 2963881
-317 0 1673954226 360433 0 -440160 0 0 3152955
-312 0 1673954226 392382 0 -436185 0 0 3144058
-311 0 1673954226 408297 0 -432220 0 0 2940012
-312 0 1673954226 424294 0 -428268 0 0 2932093
-316 0 1673954226 440359 0 -424327 0 0 3119353
-308 0 1673954226 472291 0 -420399 0 0 3106636
-313 0 1673954226 488299 0 -416482 0 0 2905285
-308 0 1673954226 504251 0 -412577 0 0 3089997
-312 0 1673954226 520227 0 -408684 0 0 3081106
-317 0 1673954226 552169 0 -404803 0 0 3071397
-312 0 1673954226 568240 0 -400933 0 0 2871914
-308 0 1673954226 584216 0 -397075 0 0 3053094
-319 0 1673954226 600235 0 -393229 0 0 3041246
-315 0 1673954226 632069 0 -389395 0 0 3030280
-312 0 1673954226 648176 0 -385572 0 0 2835882
-313 0 1673954226 664181 0 -381761 0 0 3013910
-314 0 1673954226 680175 0 -377962 0 0 3003634
-316 0 1673954226 712150 0 -374176 0 0 2992179
-308 0 1673954226 728152 0 -370400 0 0 2797125
-311 0 1673954226 744093 0 -366637 0 0 2975252
-313 0 1673954226 760021 0 -362885 0 0 2967921
-307 0 1673954226 791948 0 -359145 0 0 2958656
-310 0 1673954226 808015 0 -355417 0 0 2767133
-310 0 1673954226 824030 0 -351700 0 0 2940965
-309 0 1673954226 855997 0 -347995 0 0 2932746
-306 0 1673954226 871951 0 -344303 0 0 2742326
-310 0 1673954226 887978 0 -340622 0 0 2732970
-310 0 1673954226 903891 0 -336953 0 0 2906148
-310 0 1673954226 935859 0 -333295 0 0 2897893
-314 0 1673954226 951955 0 -329649 0 0 2708336
-306 0 1673954226 967937 0 -326015 0 0 2694217
-317 0 1673954226 983842 0 -322393 0 0 2865879
-312 0 1673954227 15888 0 -318783 0 0 2859049
-317 0 1673954227 31907 0 -315185 0 0 2673003
-312 0 1673954227 47777 0 -311598 0 0 2842421
-313 0 1673954227 63866 0 -308023 0 0 2833892
-316 0 1673954227 95858 0 -304460 0 0 2822220
-312 0 1673954227 111825 0 -300908 0 0 2636521
-311 0 1673954227 127816 0 -297369 0 0 2804635
-310 0 1673954227 143803 0 -293841 0 0 2796594
-312 0 1673954227 175794 0 -290325 0 0 2786123
-310 0 1673954227 191719 0 -286821 0 0 2602621
-310 0 1673954227 207666 0 -283328 0 0 2769909
-313 0 1673954227 223696 0 -279848 0 0 2761005
-317 0 1673954227 255682 0 -276379 0 0 2747159
-311 0 1673954227 271715 0 -272922 0 0 2570007
-313 0 1673954227 287595 0 -269477 0 0 2732260
-321 0 1673954227 303633 0 -266044 0 0 2723728
-316 0 1673954227 335546 0 -262622 0 0 2712390
-318 0 1673954227 351615 0 -259213 0 0 2535661
-311 0 1673954227 367488 0 -255815 0 0 2694930
-317 0 1673954227 399580 0 -252429 0 0 2685520
-311 0 1673954227 415511 0 -249054 0 0 2508869
-314 0 1673954227 431555 0 -245691 0 0 2500574
-311 0 1673954227 447560 0 -242341 0 0 2657952
-304 0 1673954227 479530 0 -239001 0 0 2648289
-312 0 1673954227 495475 0 -235674 0 0 2473105
-310 0 1673954227 511480 0 -232359 0 0 2464564
-310 0 1673954227 527463 0 -229055 0 0 2620211
-315 0 1673954227 559436 0 -225764 0 0 2611529
-314 0 1673954227 575417 0 -222484 0 0 2438510
-311 0 1673954227 591414 0 -219215 0 0 2593806
-312 0 1673954227 607386 0 -215958 0 0 2582091
-317 0 1673954227 639307 0 -212714 0 0 2573192
-309 0 1673954227 655344 0 -209481 0 0 2405374
-311 0 1673954227 671299 0 -206260 0 0 2556596
-311 0 1673954227 687332 0 -203051 0 0 2546011
-316 0 1673954227 719282 0 -199853 0 0 2535118
-318 0 1673954227 735271 0 -196667 0 0 2369199
-313 0 1673954227 751286 0 -193493 0 0 2519082
-317 0 1673954227 767309 0 -190331 0 0 2507964
-318 0 1673954227 799270 0 -187181 0 0 2497013
-317 0 1673954227 815265 0 -184042 0 0 2333120
-312 0 1673954227 831231 0 -180915 0 0 2480334
-316 0 1673954227 847234 0 -177800 0 0 2471356
-321 0 1673954227 879187 0 -174697 0 0 2460064
-316 0 1673954227 895171 0 -171606 0 0 2299552
-318 0 1673954227 911184 0 -168526 0 0 2444824
-315 0 1673954227 943103 0 -165458 0 0 2434016
-308 0 1673954227 959100 0 -162402 0 0 2275114
-311 0 1673954227 975090 0 -159358 0 0 2265260
-309 0 1673954227 991050 0 -156326 0 0 2408080
-313 0 1673954228 23007 0 -153305 0 0 2398372
-313 0 1673954228 39024 0 -150295 0 0 2240696
-317 0 1673954228 54999 0 -147298 0 0 2230090
-314 0 1673954228 70928 0 -144313 0 0 2370901
-310 0 1673954228 102932 0 -141340 0 0 2361445
-315 0 1673954228 118956 0 -138378 0 0 2206689
-309 0 1673954228 134967 0 -135428 0 0 2344746
-309 0 1673954228 150963 0 -132490 0 0 2334142
-310 0 1673954228 182872 0 -129564 0 0 2323677
-312 0 1673954228 198877 0 -126649 0 0 2170658
-317 0 1673954228 214910 0 -123746 0 0 2306895
-308 0 1673954228 230884 0 -120856 0 0 2296175
-316 0 1673954228 262863 0 -117976 0 0 2285923
-315 0 1673954228 278836 0 -115109 0 0 2134379
-313 0 1673954228 294837 0 -112254 0 0 2269048
-308 0 1673954228 310819 0 -109410 0 0 2259111
-316 0 1673954228 342801 0 -106578 0 0 2249268
-314 0 1673954228 358728 0 -103758 0 0 2101227
-312 0 1673954228 374731 0 -100949 0 0 2234061
-314 0 1673954228 390650 0 -98153 0 0 2223649
-312 0 1673954228 422681 0 -95368 0 0 2215360
-312 0 1673954228 438731 0 -92595 0 0 2068921
-316 0 1673954228 454622 0 -89834 0 0 2197628
-311 0 1673954228 486608 0 -87084 0 0 2188745
-317 0 1673954228 502597 0 -84346 0 0 2044778
-310 0 1673954228 518567 0 -81621 0 0 2034200
-314 0 1673954228 534616 0 -78906 0 0 2162062
-316 0 1673954228 566609 0 -76204 0 0 2149550
-309 0 1673954228 582609 0 -73514 0 0 2007931
-318 0 1673954228 598564 0 -70835 0 0 1996195
-319 0 1673954228 614580 0 -68168 0 0 2122110
-313 0 1673954228 646563 0 -65513 0 0 2112339
-316 0 1673954228 662515 0 -62870 0 0 1971064
-309 0 1673954228 678517 0 -60238 0 0 2095118
-310 0 1673954228 694514 0 -57618 0 0 2084649
-311 0 1673954228 726399 0 -55010 0 0 2073750
-315 0 1673954228 742437 0 -52414 0 0 1937903
-308 0 1673954228 758417 0 -49830 0 0 2058273
-311 0 1673954228 774444 0 -47257 0 0 2048236
-312 0 1673954228 806419 0 -44696 0 0 2036728
-315 0 1673954228 822352 0 -42148 0 0 1902221
-307 0 1673954228 838348 0 -39610 0 0 2021994
-308 0 1673954228 854332 0 -37084 0 0 2010930
-317 0 1673954228 886319 0 -34571 0 0 2000759
-309 0 1673954228 902368 0 -32069 0 0 1868241
-310 0 1673954228 918326 0 -29579 0 0 1983448
-315 0 1673954228 934311 0 -27101 0 0 1974331
-317 0 1673954228 966275 0 -24634 0 0 1963891
-316 0 1673954228 982300 0 -22180 0 0 1834174
-314 0 1673954228 998226 0 -19737 0 0 1947865
-312 0 1673954229 30195 0 -17306 0 0 1937476
-312 0 1673954229 46228 0 -14887 0 0 1808965
-315 0 1673954229 62162 0 -12479 0 0 1797981
-315 0 1673954229 78243 0 -10084 0 0 1910619
-315 0 1673954229 110188 0 -7700 0 0 1899837
-308 0 1673954229 126188 0 -5328 0 0 1773228
-318 0 1673954229 142194 0 -2967 0 0 1762650
-311 0 1673954229 158173 0 -619 0 0 1871902
-313 0 1673954229 190176 0 1718 0 0 1862222
-315 0 1673954229 206103 0 4043 0 0 1737232
-318 0 1673954229 222054 0 6355 0 0 1845818
-311 0 1673954229 238094 0 8656 0 0 1836543
-312 0 1673954229 270050 0 10946 0 0 1824763
-316 0 1673954229 285979 0 13224 0 0 1704507
-316 0 1673954229 301955 0 15490 0 0 1810762
-309 0 1673954229 318002 0 17744 0 0 1800644
-321 0 1673954229 349947 0 19987 0 0 1789834
-307 0 1673954229 365911 0 22217 0 0 1670386
-316 0 1673954229 381865 0 24436 0 0 1774059
-316 0 1673954229 397917 0 26643 0 0 1763392
-313 0 1673954229 429895 0 28838 0 0 1751655
-314 0 1673954229 445871 0 31021 0 0 1635245
-307 0 1673954229 461867 0 33193 0 0 1736290
-309 0 1673954229 477866 0 35353 0 0 1725005
-318 0 1673954229 509781 0 37501 0 0 1714335
-309 0 1673954229 525805 0 39637 0 0 1600509
-309 0 1673954229 541817 0 41762 0 0 1698643
-311 0 1673954229 557824 0 43875 0 0 1687648
-316 0 1673954229 589752 0 45975 0 0 1676488
-316 0 1673954229 605751 0 48065 0 0 1565108
-309 0 1673954229 621686 0 50142 0 0 1661287
-318 0 1673954229 653705 0 52208 0 0 1651440
-314 0 1673954229 669656 0 54261 0 0 1540635
-306 0 1673954229 685604 0 56304 0 0 1530980
-314 0 1673954229 701666 0 58334 0 0 1625294
-314 0 1673954229 733641 0 60352 0 0 1614395
-317 0 1673954229 749601 0 62358 0 0 1506228
-312 0 1673954229 765538 0 64353 0 0 1496552
-311 0 1673954229 781585 0 66336 0 0 1588689
-311 0 1673954229 813565 0 68307 0 0 1577761
-310 0 1673954229 829549 0 70267 0 0 1470943
-314 0 1673954229 845521 0 72214 0 0 1561086
-310 0 1673954229 861478 0 74150 0 0 1550355
-313 0 1673954229 893413 0 76074 0 0 1539863
-310 0 1673954229 909457 0 77986 0 0 1437103
-312 0 1673954229 925426 0 79887 0 0 1524213
-311 0 1673954229 941430 0 81776 0 0 1513731
-315 0 1673954229 973398 0 83653 0 0 1502568
-308 0 1673954229 989376 0 85517 0 0 1401758
-312 0 1673954230 5378 0 87371 0 0 1487299
-311 0 1673954230 21278 0 89212 0 0 1476735
-310 0 1673954230 53332 0 91042 0 0 1467176
-318 0 1673954230 69267 0 92860 0 0 1367399
-311 0 1673954230 85213 0 94666 0 0 1450936
-314 0 1673954230 101306 0 96460 0 0 1441589
-315 0 1673954230 133251 0 98243 0 0 1429873
-315 0 1673954230 149262 0 100013 0 0 1333193
-315 0 1673954230 165255 0 101772 0 0 1413746
-316 0 1673954230 197228 0 103519 0 0 1403122
-307 0 1673954230 213232 0 105255 0 0 1308196
-317 0 1673954230 229169 0 106978 0 0 1296581
-308 0 1673954230 245149 0 108690 0 0 1375809
-313 0 1673954230 277211 0 110390 0 0 1364946
-315 0 1673954230 293129 0 112078 0 0 1271420
-313 0 1673954230 309146 0 113755 0 0 1262918
-312 0 1673954230 324986 0 115419 0 0 1338671
-313 0 1673954230 357052 0 117072 0 0 1330068
-308 0 1673954230 373072 0 118713 0 0 1239350
-313 0 1673954230 389054 0 120343 0 0 1313494
-314 0 1673954230 405040 0 121960 0 0 1303362
-319 0 1673954230 437005 0 123566 0 0 1292487
-317 0 1673954230 452957 0 125159 0 0 1204132
-309 0 1673954230 468902 0 126741 0 0 1276827
-309 0 1673954230 484970 0 128312 0 0 1266161
-307 0 1673954230 516874 0 129870 0 0 1255338
-313 0 1673954230 532926 0 131417 0 0 1168046
-315 0 1673954230 548925 0 132952 0 0 1237501
-315 0 1673954230 564904 0 134475 0 0 1227259
-311 0 1673954230 596903 0 135986 0 0 1216924
-309 0 1673954230 612859 0 137486 0 0 1133195
-318 0 1673954230 628755 0 138973 0 0 1200942
-314 0 1673954230 644846 0 140449 0 0 1191069
-308 0 1673954230 676823 0 141913 0 0 1179282
-317 0 1673954230 692824 0 143365 0 0 1098727
-310 0 1673954230 708737 0 144806 0 0 1163676
-314 0 1673954230 740735 0 146235 0 0 1154573
-307 0 1673954230 756718 0 147652 0 0 1075027
-317 0 1673954230 772646 0 149057 0 0 1064627
-312 0 1673954230 788686 0 150450 0 0 1128033
-313 0 1673954230 820697 0 151832 0 0 1117042
-315 0 1673954230 836601 0 153202 0 0 1038830
-312 0 1673954230 852563 0 154560 0 0 1030087
-314 0 1673954230 868613 0 155906 0 0 1090896
-314 0 1673954230 900612 0 157241 0 0 1080147
-311 0 1673954230 916613 0 158563 0 0 1004386
-309 0 1673954230 932585 0 159874 0 0 1063212
-318 0 1673954230 948614 0 161173 0 0 1052937
-305 0 1673954230 980528 0 162460 0 0 1041743
-308 0 1673954230 996575 0 163736 0 0 969591
-315 0 1673954231 12545 0 165000 0 0 1025796
-314 0 1673954231 28526 0 166252 0 0 1014873
-314 0 1673954231 60503 0 167492 0 0 1004353
-315 0 1673954231 76486 0 168720 0 0 934392
-313 0 1673954231 92472 0 169936 0 0 988715
-318 0 1673954231 108481 0 171141 0 0 978475
-318 0 1673954231 140451 0 172334 0 0 967835
-309 0 1673954231 156411 0 173515 0 0 900099
-314 0 1673954231 172472 0 174685 0 0 952171
-314 0 1673954231 188274 0 175842 0 0 941654
-311 0 1673954231 220333 0 176988 0 0 932475
-312 0 1673954231 236373 0 178122 0 0 866507
-317 0 1673954231 252236 0 179244 0 0 915800
-308 0 1673954231 284307 0 180354 0 0 906258
-317 0 1673954231 300251 0 181453 0 0 842022
-314 0 1673954231 316201 0 182540 0 0 832109
-316 0 1673954231 332159 0 183615 0 0 879699
-314 0 1673954231 364226 0 184678 0 0 869236
-316 0 1673954231 380177 0 185729 0 0 807888
-319 0 1673954231 396200 0 186769 0 0 796446
-314 0 1673954231 412199 0 187797 0 0 841424
-316 0 1673954231 444153 0 188813 0 0 831352
-313 0 1673954231 460101 0 189817 0 0 771111
-308 0 1673954231 476124 0 190810 0 0 814857
-314 0 1673954231 492101 0 191790 0 0 803897
-312 0 1673954231 524061 0 192759 0 0 793353
-310 0 1673954231 540059 0 193702 0 0 735373
-308 0 1673954231 555965 4 194581 0 0 770013
-320 0 1673954231 571978 4 195393 0 0 747904
-334 0 1673954231 603955 4 196140 0 0 720547
-305 0 1673954231 619815 4 196821 0 0 654598
-310 0 1673954231 635870 0 197435 0 0 665994
-309 0 1673954231 651929 0 197984 0 0 622135
-307 0 1673954231 683934 0 198467 0 0 573564
-312 0 1673954231 699906 0 198883 0 0 499108
-317 0 1673954231 715911 0 199234 0 0 487343
-315 0 1673954231 731913 0 199519 0 0 429316
-311 0 1673954231 763873 0 199737 0 0 370837
-318 0 1673954231 779840 0 199890 0 0 305427
-323 0 1673954231 795841 0 199977 0 0 280665
-316 0 1673954231 827860 0 199999 0 0 222323
-318 0 1673954231 843856 32 200000 0 0 168942
