19881 0 1673954998 325085 16 -3019550 0 0 -449304
19743 0 1673954998 357132 16 -3020125 0 0 -449459
19665 0 1673954998 373149 16 -3020700 0 0 -421387
19608 0 1673954998 389215 16 -3021275 0 0 -449358
19610 0 1673954998 421023 16 -3021850 0 0 -449159
19700 0 1673954998 437130 16 -3022425 0 0 -421242
19840 0 1673954998 453026 16 -3023000 0 0 -420876
19998 0 1673954998 469101 16 -3023575 0 0 -449259
20216 0 1673954998 501092 16 -3024150 0 0 -449307
20452 0 1673954998 517076 16 -3024725 0 0 -420946
20721 0 1673954998 533049 16 -3025300 0 0 -420777
21012 0 1673954998 549044 16 -3025875 0 0 -448989
21428 0 1673954998 580935 16 -3026450 0 0 -449066
21783 0 1673954998 596981 16 -3027025 0 0 -421317
22078 0 1673954998 612958 16 -3027600 0 0 -449063
22239 0 1673954998 628927 16 -3028175 0 0 -449517
22366 0 1673954998 660958 16 -3028750 0 0 -449258
22496 0 1673954998 676949 16 -3029325 0 0 -421417
22600 0 1673954998 693505 16 -3029900 0 0 -449517
22615 0 1673954998 708814 16 -3030475 0 0 -447575
22573 0 1673954998 740842 16 -3031049 0 0 -449912
22433 0 1673954998 756901 16 -3031624 0 0 -421794
22259 0 1673954998 772885 16 -3032199 0 0 -449568
22078 0 1673954998 788870 16 -3032775 0 0 -449883
21764 0 1673954998 820762 16 -3033350 0 0 -449855
21309 0 1673954998 836801 16 -3033924 0 0 -421716
20985 0 1673954998 852849 16 -3034499 0 0 -449682
20828 0 1673954998 868816 16 -3035074 0 0 -449483
20571 0 1673954998 900792 16 -3035649 0 0 -451485
20390 0 1673954998 916789 16 -3036224 0 0 -420997
20161 0 1673954998 932774 16 -3036799 0 0 -449108
19909 0 1673954998 964763 16 -3037374 0 0 -449367
19722 0 1673954998 980656 16 -3037949 0 0 -421147
19618 0 1673954998 996711 16 -3038524 0 0 -421472
19594 0 1673954999 12704 16 -3039099 0 0 -449310
19611 0 1673954999 44666 16 -3039674 0 0 -449471
19668 0 1673954999 60597 16 -3040249 0 0 -421596
19853 0 1673954999 76639 16 -3040824 0 0 -421723
20078 0 1673954999 92646 16 -3041399 0 0 -449631
20272 0 1673954999 124595 16 -3041974 0 0 -449596
20517 0 1673954999 140582 16 -3042549 0 0 -421512
20797 0 1673954999 156578 16 -3043124 0 0 -449625
21083 0 1673954999 172471 16 -3043699 0 0 -449261
21383 0 1673954999 204530 16 -3044274 0 0 -449831
21887 0 1673954999 220554 16 -3044849 0 0 -421678
22191 0 1673954999 236531 16 -3045424 0 0 -449637
22428 0 1673954999 252527 16 -3045999 0 0 -449475
22519 0 1673954999 284492 16 -3046574 0 0 -449636
22588 0 1673954999 300495 16 -3047149 0 0 -421615
22627 0 1673954999 316478 16 -3047724 0 0 -449636
22607 0 1673954999 332395 16 -3048299 0 0 -449650
22485 0 1673954999 364417 16 -3048874 0 0 -449929
22280 0 1673954999 380379 16 -3049449 0 0 -421455
21976 0 1673954999 396327 16 -3050024 0 0 -449717
21741 0 1673954999 412290 16 -3050599 0 0 -449984
21503 0 1673954999 444257 16 -3051174 0 0 -450033
21131 0 1673954999 460270 16 -3051749 0 0 -421972
20701 0 1673954999 476237 16 -3052324 0 0 -449972
20235 0 1673954999 508273 16 -3052898 0 0 -450001
19884 0 1673954999 524166 16 -3053473 0 0 -421833
19682 0 1673954999 540269 16 -3054048 0 0 -421918
19620 0 1673954999 556240 16 -3054623 0 0 -449655
19594 0 1673954999 588201 16 -3055198 0 0 -449623
19673 0 1673954999 604215 16 -3055773 0 0 -421398
19934 0 1673954999 620156 16 -3056348 0 0 -421219
20255 0 1673954999 636206 16 -3056923 0 0 -449474
20550 0 1673954999 668185 16 -3057498 0 0 -449344
20901 0 1673954999 684098 16 -3058073 0 0 -421268
21127 0 1673954999 700152 16 -3058648 0 0 -449683
21460 0 1673954999 716111 16 -3059223 0 0 -449116
21892 0 1673954999 748073 16 -3059798 0 0 -449620
22272 0 1673954999 764063 16 -3060373 0 0 -421475
22501 0 1673954999 780102 16 -3060948 0 0 -449552
22590 0 1673954999 796051 16 -3061523 0 0 -449464
22635 0 1673954999 828027 16 -3062098 0 0 -449436
22585 0 1673954999 844112 16 -3062673 0 0 -421556
22433 0 1673954999 860071 16 -3063248 0 0 -449317
22249 0 1673954999 875879 16 -3063823 0 0 -449154
21974 0 1673954999 907956 16 -3064398 0 0 -450025
21703 0 1673954999 923972 16 -3064973 0 0 -421737
21369 0 1673954999 939931 16 -3065548 0 0 -449724
20891 0 1673954999 955939 16 -3066123 0 0 -449833
20461 0 1673954999 987859 16 -3066698 0 0 -449942
20051 0 1673955000 3882 16 -3067273 0 0 -421756
19813 0 1673955000 19892 16 -3067848 0 0 -449731
19653 0 1673955000 51846 16 -3068423 0 0 -449992
19601 0 1673955000 67845 16 -3068998 0 0 -421812
19672 0 1673955000 83860 16 -3069573 0 0 -421134
19818 0 1673955000 99835 16 -3070148 0 0 -449225
19961 0 1673955000 131778 16 -3070723 0 0 -449369
20244 0 1673955000 147759 16 -3071298 0 0 -421199
20539 0 1673955000 163749 16 -3071873 0 0 -421293
20920 0 1673955000 179752 16 -3072448 0 0 -449334
21231 0 1673955000 211644 16 -3073022 0 0 -449307
21580 0 1673955000 227638 16 -3073598 0 0 -421410
21817 0 1673955000 243682 16 -3074173 0 0 -449466
22090 0 1673955000 259662 16 -3074747 0 0 -449212
22356 0 1673955000 291564 16 -3075322 0 0 -449334
22523 0 1673955000 307577 16 -3075897 0 0 -421257
22592 0 1673955000 323537 16 -3076472 0 0 -449237
22626 0 1673955000 339587 16 -3077047 0 0 -449311
22583 0 1673955000 371561 16 -3077622 0 0 -449101
22435 0 1673955000 387435 16 -3078197 0 0 -421156
22162 0 1673955000 403483 16 -3078772 0 0 -449534
21886 0 1673955000 419519 16 -3079347 0 0 -449345
21568 0 1673955000 451466 16 -3079922 0 0 -449470
21258 0 1673955000 467483 16 -3080497 0 0 -421370
21024 0 1673955000 483451 16 -3081072 0 0 -449300
20742 0 1673955000 499395 16 -3081647 0 0 -449459
20444 0 1673955000 531397 16 -3082222 0 0 -449515
20136 0 1673955000 547341 16 -3082797 0 0 -421612
19946 0 1673955000 563355 16 -3083372 0 0 -449863
19772 0 1673955000 579365 16 -3083947 0 0 -449368
19673 0 1673955000 611435 16 -3084522 0 0 -449501
19606 0 1673955000 627393 16 -3085097 0 0 -421489
19610 0 1673955000 643336 16 -3085672 0 0 -449667
19666 0 1673955000 675303 16 -3086247 0 0 -449927
19852 0 1673955000 691288 16 -3086822 0 0 -421767
20121 0 1673955000 707285 16 -3087397 0 0 -421623
20428 0 1673955000 723268 16 -3087972 0 0 -449711
20767 0 1673955000 755271 16 -3088547 0 0 -449574
21094 0 1673955000 771258 16 -3089122 0 0 -421544
21422 0 1673955000 787327 16 -3089697 0 0 -421625
21707 0 1673955000 803262 16 -3090272 0 0 -449521
22039 0 1673955000 835240 16 -3090847 0 0 -449602
22222 0 1673955000 851225 16 -3091422 0 0 -421345
22443 0 1673955000 867242 16 -3091997 0 0 -449445
22573 0 1673955000 883255 16 -3092572 0 0 -449332
22605 0 1673955000 915268 16 -3093147 0 0 -449276
22562 0 1673955000 931180 16 -3093722 0 0 -421129
22458 0 1673955000 947258 16 -3094297 0 0 -449518
22299 0 1673955000 963052 16 -3094872 0 0 -449200
22088 0 1673955000 995125 16 -3095447 0 0 -450174
21727 0 1673955001 11157 16 -3096021 0 0 -421756
21458 0 1673955001 26978 16 -3096597 0 0 -449798
21266 0 1673955001 43044 16 -3097171 0 0 -450282
21088 0 1673955001 74980 16 -3097746 0 0 -450111
20697 0 1673955001 90975 16 -3098321 0 0 -422137
20334 0 1673955001 107043 16 -3098896 0 0 -450242
20087 0 1673955001 123044 16 -3099471 0 0 -449694
19858 0 1673955001 155013 16 -3100046 0 0 -449962
19725 0 1673955001 171024 16 -3100621 0 0 -421181
19653 0 1673955001 187460 16 -3101196 0 0 -449331
19622 0 1673955001 218971 16 -3101771 0 0 -447856
19679 0 1673955001 234877 16 -3102346 0 0 -419679
19898 0 1673955001 250942 16 -3102921 0 0 -420242
20184 0 1673955001 266919 16 -3103496 0 0 -448035
20400 0 1673955001 298909 16 -3104071 0 0 -448098
20610 0 1673955001 314890 16 -3104646 0 0 -420268
20912 0 1673955001 330885 16 -3105221 0 0 -420338
21281 0 1673955001 346796 16 -3105796 0 0 -448405
21694 0 1673955001 378817 16 -3106371 0 0 -448758
22075 0 1673955001 394799 16 -3106946 0 0 -422153
22269 0 1673955001 410792 16 -3107521 0 0 -449856
22432 0 1673955001 426812 16 -3108096 0 0 -449549
22536 0 1673955001 458747 16 -3108671 0 0 -449706
22592 0 1673955001 474684 16 -3109246 0 0 -421606
22564 0 1673955001 490638 16 -3109821 0 0 -449896
22464 0 1673955001 506701 16 -3110396 0 0 -449991
22287 0 1673955001 538642 16 -3110971 0 0 -449753
21993 0 1673955001 554636 16 -3111546 0 0 -421415
21792 0 1673955001 570654 16 -3112121 0 0 -449530
21551 0 1673955001 586631 16 -3112696 0 0 -449404
21222 0 1673955001 618593 16 -3113271 0 0 -449460
20968 0 1673955001 634495 16 -3113846 0 0 -421487
20657 0 1673955001 650497 16 -3114421 0 0 -449852
20384 0 1673955001 666481 16 -3114996 0 0 -449623
20006 0 1673955001 698507 16 -3115571 0 0 -449518
19822 0 1673955001 714502 16 -3116146 0 0 -421639
19703 0 1673955001 730458 16 -3116721 0 0 -449681
19647 0 1673955001 762486 16 -3117296 0 0 -449815
19683 0 1673955001 778440 16 -3117871 0 0 -421777
19776 0 1673955001 794436 16 -3118445 0 0 -421760
19922 0 1673955001 810462 16 -3119020 0 0 -449817
20260 0 1673955001 842378 16 -3119595 0 0 -449380
20603 0 1673955001 858368 16 -3120170 0 0 -421385
21169 0 1673955001 874351 16 -3120745 0 0 -421364
21606 0 1673955001 890358 16 -3121320 0 0 -449522
21834 0 1673955001 922242 16 -3121895 0 0 -449480
22014 0 1673955001 938345 16 -3122470 0 0 -421351
22215 0 1673955001 954255 16 -3123045 0 0 -449093
22465 0 1673955001 970317 16 -3123620 0 0 -449346
22555 0 1673955002 2220 16 -3124195 0 0 -449116
22437 0 1673955002 18322 16 -3124770 0 0 -421216
22256 0 1673955002 34338 16 -3125345 0 0 -448863
22069 0 1673955002 50252 16 -3125920 0 0 -448771
21866 0 1673955002 82289 16 -3126495 0 0 -449015
21561 0 1673955002 98259 16 -3127070 0 0 -420931
21207 0 1673955002 114266 16 -3127645 0 0 -449011
20836 0 1673955002 130263 16 -3128220 0 0 -449345
20526 0 1673955002 162272 16 -3128795 0 0 -449038
20304 0 1673955002 178194 16 -3129370 0 0 -421171
20032 0 1673955002 194150 16 -3129945 0 0 -449437
19858 0 1673955002 210134 16 -3130520 0 0 -449947
19714 0 1673955002 242075 16 -3131095 0 0 -450059
19665 0 1673955002 258110 16 -3131670 0 0 -421732
19684 0 1673955002 274053 16 -3132245 0 0 -449718
19706 0 1673955002 306042 16 -3132820 0 0 -449813
19745 0 1673955002 322040 16 -3133395 0 0 -421771
19865 0 1673955002 338039 16 -3133970 0 0 -421768
20063 0 1673955002 354057 16 -3134545 0 0 -449855
20365 0 1673955002 385982 16 -3135120 0 0 -449517
20641 0 1673955002 401987 16 -3135695 0 0 -421352
20839 0 1673955002 417977 16 -3136270 0 0 -421278
21139 0 1673955002 433945 16 -3136845 0 0 -449338
21420 0 1673955002 465895 16 -3137420 0 0 -449573
21795 0 1673955002 481907 16 -3137995 0 0 -421340
22065 0 1673955002 497900 16 -3138570 0 0 -449364
22349 0 1673955002 513904 16 -3139145 0 0 -449382
22465 0 1673955002 545897 16 -3139719 0 0 -449266
22537 0 1673955002 561865 16 -3140295 0 0 -421308
22513 0 1673955002 577865 16 -3140869 0 0 -449333
22454 0 1673955002 593808 16 -3141444 0 0 -449351
22267 0 1673955002 625831 16 -3142019 0 0 -449516
22006 0 1673955002 641787 16 -3142594 0 0 -421308
21651 0 1673955002 657730 16 -3143169 0 0 -449495
21512 0 1673955002 673792 16 -3143744 0 0 -449738
21226 0 1673955002 705766 16 -3144319 0 0 -449496
20936 0 1673955002 721702 16 -3144894 0 0 -421555
20636 0 1673955002 737735 16 -3145469 0 0 -449801
20334 0 1673955002 753708 16 -3146044 0 0 -449671
20099 0 1673955002 785683 16 -3146619 0 0 -449766
19867 0 1673955002 801683 16 -3147194 0 0 -421511
19730 0 1673955002 817639 16 -3147769 0 0 -449607
19695 0 1673955002 849554 16 -3148344 0 0 -449607
19759 0 1673955002 865616 16 -3148919 0 0 -421405
19929 0 1673955002 881594 16 -3149494 0 0 -421405
20094 0 1673955002 897588 16 -3150069 0 0 -449536
20281 0 1673955002 929548 16 -3150644 0 0 -449331
20517 0 1673955002 945532 16 -3151219 0 0 -421406
20719 0 1673955002 961521 16 -3151794 0 0 -421367
20947 0 1673955002 977566 16 -3152369 0 0 -449460
21196 0 1673955003 9414 16 -3152944 0 0 -449302
21587 0 1673955003 25598 16 -3153519 0 0 -421205
21766 0 1673955003 41413 16 -3154094 0 0 -448568
22016 0 1673955003 57378 16 -3154669 0 0 -449442
22267 0 1673955003 89374 16 -3155244 0 0 -449488
22422 0 1673955003 105312 16 -3155819 0 0 -421394
22499 0 1673955003 121331 16 -3156394 0 0 -449654
22492 0 1673955003 137293 16 -3156969 0 0 -449531
22418 0 1673955003 169278 16 -3157544 0 0 -449626
22291 0 1673955003 185272 16 -3158119 0 0 -421720
22106 0 1673955003 201260 16 -3158694 0 0 -449684
21802 0 1673955003 217221 16 -3159269 0 0 -450364
21409 0 1673955003 249252 16 -3159844 0 0 -449844
20961 0 1673955003 265254 16 -3160419 0 0 -421618
20611 0 1673955003 281267 16 -3160994 0 0 -449684
20322 0 1673955003 297229 16 -3161568 0 0 -449322
20067 0 1673955003 329169 16 -3162143 0 0 -449522
19883 0 1673955003 345145 16 -3162718 0 0 -421365
19773 0 1673955003 361106 16 -3163293 0 0 -449513
19734 0 1673955003 393048 16 -3163868 0 0 -449629
19739 0 1673955003 409084 16 -3164443 0 0 -421561
19776 0 1673955003 425003 16 -3165018 0 0 -421298
19861 0 1673955003 440981 16 -3165593 0 0 -449687
19980 0 1673955003 473006 16 -3166168 0 0 -449772
20241 0 1673955003 489020 16 -3166743 0 0 -421817
20661 0 1673955003 505006 16 -3167318 0 0 -421634
21130 0 1673955003 520950 16 -3167893 0 0 -449706
21526 0 1673955003 552981 16 -3168468 0 0 -449819
21832 0 1673955003 568966 16 -3169043 0 0 -421579
22105 0 1673955003 584961 16 -3169618 0 0 -449657
22265 0 1673955003 600944 16 -3170193 0 0 -449800
22418 0 1673955003 632896 16 -3170768 0 0 -449574
22459 0 1673955003 648812 16 -3171343 0 0 -421463
22472 0 1673955003 664901 16 -3171918 0 0 -449857
22456 0 1673955003 680871 16 -3172493 0 0 -449596
22418 0 1673955003 712848 16 -3173068 0 0 -449652
22327 0 1673955003 728789 16 -3173643 0 0 -421399
22151 0 1673955003 744752 16 -3174218 0 0 -449710
21882 0 1673955003 760708 16 -3174793 0 0 -449788
21675 0 1673955003 792724 16 -3175368 0 0 -449925
21307 0 1673955003 808742 16 -3175943 0 0 -421775
21023 0 1673955003 824654 16 -3176518 0 0 -449746
20627 0 1673955003 840671 16 -3177093 0 0 -449760
20347 0 1673955003 872678 16 -3177668 0 0 -450011
20125 0 1673955003 888628 16 -3178243 0 0 -421823
19978 0 1673955003 904612 16 -3178818 0 0 -450055
19842 0 1673955003 936602 16 -3179393 0 0 -449904
19768 0 1673955003 952631 16 -3179968 0 0 -421706
19771 0 1673955003 968610 16 -3180543 0 0 -421450
19827 0 1673955003 984615 16 -3181118 0 0 -449614
19942 0 1673955004 16579 16 -3181693 0 0 -449659
20095 0 1673955004 32564 16 -3182268 0 0 -421304
20200 0 1673955004 48519 16 -3182842 0 0 -421319
20390 0 1673955004 64505 16 -3183418 0 0 -449657
20660 0 1673955004 96492 16 -3183992 0 0 -449433
20931 0 1673955004 112448 16 -3184568 0 0 -421361
21240 0 1673955004 128448 16 -3185142 0 0 -449485
21517 0 1673955004 144429 16 -3185717 0 0 -449586
21828 0 1673955004 176396 16 -3186292 0 0 -449579
22029 0 1673955004 192416 16 -3186867 0 0 -421550
22147 0 1673955004 208305 16 -3187442 0 0 -449524
22303 0 1673955004 224215 16 -3188017 0 0 -449962
22395 0 1673955004 256341 16 -3188592 0 0 -450023
22431 0 1673955004 272318 16 -3189167 0 0 -421885
22425 0 1673955004 288273 16 -3189742 0 0 -449982
22357 0 1673955004 304174 16 -3190317 0 0 -450083
22253 0 1673955004 336329 16 -3190892 0 0 -450433
22090 0 1673955004 352283 16 -3191467 0 0 -422155
21826 0 1673955004 368248 16 -3192042 0 0 -450364
21543 0 1673955004 384208 16 -3192617 0 0 -450557
21245 0 1673955004 416194 16 -3193192 0 0 -450305
21004 0 1673955004 432079 16 -3193767 0 0 -421924
20679 0 1673955004 448120 16 -3194342 0 0 -450517
20410 0 1673955004 480062 16 -3194917 0 0 -450292
20163 0 1673955004 496075 16 -3195492 0 0 -422109
19991 0 1673955004 512058 16 -3196067 0 0 -421714
19861 0 1673955004 528047 16 -3196642 0 0 -449985
19809 0 1673955004 560011 16 -3197217 0 0 -449862
19869 0 1673955004 576097 16 -3197792 0 0 -421694
19934 0 1673955004 591894 16 -3198367 0 0 -421253
20002 0 1673955004 607879 16 -3198942 0 0 -450038
20207 0 1673955004 639951 16 -3199517 0 0 -449685
20503 0 1673955004 655917 16 -3200092 0 0 -421689
20854 0 1673955004 671951 16 -3200667 0 0 -449834
21168 0 1673955004 687925 16 -3201242 0 0 -449760
21457 0 1673955004 719771 16 -3201817 0 0 -449792
21738 0 1673955004 735878 16 -3202392 0 0 -421813
21977 0 1673955004 751900 16 -3202967 0 0 -449484
22181 0 1673955004 767870 16 -3203542 0 0 -449708
22304 0 1673955004 799850 16 -3204117 0 0 -449091
22377 0 1673955004 815720 16 -3204692 0 0 -420980
22380 0 1673955004 831828 16 -3205267 0 0 -449579
22309 0 1673955004 847816 16 -3205841 0 0 -448986
22168 0 1673955004 879795 16 -3206416 0 0 -449147
22011 0 1673955004 895763 16 -3206991 0 0 -420998
21806 0 1673955004 911777 16 -3207566 0 0 -449051
21553 0 1673955004 927761 16 -3208141 0 0 -449375
21143 0 1673955004 959715 16 -3208716 0 0 -449509
20817 0 1673955004 975705 16 -3209291 0 0 -421367
20477 0 1673955004 991622 16 -3209866 0 0 -449461
20153 0 1673955005 7601 16 -3210441 0 0 -449294
19966 0 1673955005 39642 16 -3211016 0 0 -449841
19873 0 1673955005 55626 16 -3211591 0 0 -421687
19849 0 1673955005 71603 16 -3212166 0 0 -449801
19872 0 1673955005 103593 16 -3212741 0 0 -449769
19971 0 1673955005 119528 16 -3213316 0 0 -421751
20183 0 1673955005 135554 16 -3213891 0 0 -421924
20304 0 1673955005 151549 16 -3214466 0 0 -449868
20469 0 1673955005 183557 16 -3215041 0 0 -449851
20715 0 1673955005 199444 16 -3215616 0 0 -421475
21011 0 1673955005 215504 16 -3216191 0 0 -421800
21343 0 1673955005 231482 16 -3216766 0 0 -449703
21575 0 1673955005 263474 16 -3217341 0 0 -449724
21841 0 1673955005 279456 16 -3217916 0 0 -421574
22116 0 1673955005 295451 16 -3218491 0 0 -449704
22274 0 1673955005 311420 16 -3219066 0 0 -449493
22343 0 1673955005 343398 16 -3219641 0 0 -449693
22344 0 1673955005 359410 16 -3220216 0 0 -421619
22282 0 1673955005 375443 16 -3220791 0 0 -449660
22130 0 1673955005 391263 16 -3221366 0 0 -449145
21795 0 1673955005 423347 16 -3221941 0 0 -449993
21577 0 1673955005 439277 16 -3222516 0 0 -421766
21266 0 1673955005 455273 16 -3223091 0 0 -450082
21047 0 1673955005 471264 16 -3223666 0 0 -450033
20897 0 1673955005 503299 16 -3224241 0 0 -450047
20661 0 1673955005 519232 16 -3224816 0 0 -421831
20337 0 1673955005 535282 16 -3225391 0 0 -450124
20074 0 1673955005 551222 16 -3225966 0 0 -449991
19979 0 1673955005 583175 16 -3226541 0 0 -450318
19927 0 1673955005 599163 16 -3227116 0 0 -421645
19903 0 1673955005 615126 16 -3227691 0 0 -449836
19927 0 1673955005 647102 16 -3228265 0 0 -449622
20052 0 1673955005 662936 16 -3228840 0 0 -421553
20259 0 1673955005 679072 16 -3229415 0 0 -422110
20468 0 1673955005 695027 16 -3229990 0 0 -449744
20685 0 1673955005 727006 16 -3230565 0 0 -449666
20946 0 1673955005 743013 16 -3231140 0 0 -421783
21202 0 1673955005 759057 16 -3231715 0 0 -421547
21510 0 1673955005 774848 16 -3232290 0 0 -449428
21799 0 1673955005 806982 16 -3232865 0 0 -450129
22023 0 1673955005 822943 16 -3233440 0 0 -421903
22151 0 1673955005 838929 16 -3234015 0 0 -450096
22228 0 1673955005 854837 16 -3234590 0 0 -449556
22288 0 1673955005 886816 16 -3235165 0 0 -450354
22280 0 1673955005 902870 16 -3235740 0 0 -422138
22195 0 1673955005 918881 16 -3236315 0 0 -450007
22050 0 1673955005 934807 16 -3236890 0 0 -449993
21895 0 1673955005 966877 16 -3237465 0 0 -450408
21717 0 1673955005 982852 16 -3238040 0 0 -421527
21540 0 1673955005 998831 16 -3238615 0 0 -449808
21293 0 1673955006 14805 16 -3239190 0 0 -449745
21008 0 1673955006 46808 16 -3239765 0 0 -449787
20674 0 1673955006 62766 16 -3240340 0 0 -421384
20510 0 1673955006 78755 16 -3240915 0 0 -449589
20342 0 1673955006 94764 16 -3241490 0 0 -449817
20220 0 1673955006 126716 16 -3242065 0 0 -449824
20086 0 1673955006 142733 16 -3242640 0 0 -421529
19991 0 1673955006 158657 16 -3243215 0 0 -449607
19945 0 1673955006 190575 16 -3243790 0 0 -449787
19974 0 1673955006 206688 16 -3244365 0 0 -421709
20024 0 1673955006 222630 16 -3244940 0 0 -421224
20123 0 1673955006 238675 16 -3245515 0 0 -449507
20263 0 1673955006 270556 16 -3246090 0 0 -449202
20461 0 1673955006 286620 16 -3246665 0 0 -421192
20699 0 1673955006 302537 16 -3247240 0 0 -420999
20979 0 1673955006 318604 16 -3247815 0 0 -449326
21136 0 1673955006 350582 16 -3248390 0 0 -449152
21214 0 1673955006 366537 16 -3248965 0 0 -420827
21431 0 1673955006 382553 16 -3249539 0 0 -448891
21626 0 1673955006 398520 16 -3250115 0 0 -449327
21896 0 1673955006 430502 16 -3250689 0 0 -449140
22084 0 1673955006 446390 16 -3251264 0 0 -421238
22195 0 1673955006 462478 16 -3251839 0 0 -449605
22227 0 1673955006 478427 16 -3252414 0 0 -449521
22242 0 1673955006 510449 16 -3252989 0 0 -449408
22202 0 1673955006 526575 16 -3253564 0 0 -421547
22081 0 1673955006 542479 16 -3254139 0 0 -449165
21835 0 1673955006 558367 16 -3254714 0 0 -449443
21600 0 1673955006 590406 16 -3255289 0 0 -449798
21419 0 1673955006 606389 16 -3255864 0 0 -421669
21218 0 1673955006 622403 16 -3256439 0 0 -449789
20940 0 1673955006 638322 16 -3257014 0 0 -449344
20688 0 1673955006 670374 16 -3257589 0 0 -449937
20443 0 1673955006 686354 16 -3258164 0 0 -421636
20339 0 1673955006 702321 16 -3258739 0 0 -449802
20179 0 1673955006 734324 16 -3259314 0 0 -450356
20065 0 1673955006 750298 16 -3259889 0 0 -421939
20004 0 1673955006 766310 16 -3260464 0 0 -421634
19994 0 1673955006 782192 16 -3261039 0 0 -449703
20015 0 1673955006 814309 16 -3261614 0 0 -450060
20068 0 1673955006 830276 16 -3262189 0 0 -421931
20179 0 1673955006 846302 16 -3262764 0 0 -421761
20342 0 1673955006 862273 16 -3263339 0 0 -449792
20589 0 1673955006 894221 16 -3263914 0 0 -449823
20824 0 1673955006 910227 16 -3264489 0 0 -421677
21100 0 1673955006 926221 16 -3265064 0 0 -449735
21429 0 1673955006 942172 16 -3265639 0 0 -449664
21718 0 1673955006 974112 16 -3266214 0 0 -449879
21967 0 1673955006 990154 16 -3266789 0 0 -421438
22124 0 1673955007 6150 16 -3267364 0 0 -449470
22186 0 1673955007 22131 16 -3267939 0 0 -449368
22155 0 1673955007 54002 16 -3268514 0 0 -449525
22028 0 1673955007 70059 16 -3269089 0 0 -421461
21870 0 1673955007 86060 16 -3269664 0 0 -449292
21676 0 1673955007 102091 16 -3270239 0 0 -449310
21526 0 1673955007 134040 16 -3270814 0 0 -449180
21362 0 1673955007 150029 16 -3271389 0 0 -420976
21122 0 1673955007 166015 16 -3271963 0 0 -448940
20827 0 1673955007 181999 16 -3272538 0 0 -449137
20570 0 1673955007 213971 16 -3273113 0 0 -449179
20418 0 1673955007 229940 16 -3273689 0 0 -421109
20313 0 1673955007 245906 16 -3274263 0 0 -449083
20231 0 1673955007 277864 16 -3274838 0 0 -449402
20102 0 1673955007 293868 16 -3275413 0 0 -421366
20057 0 1673955007 309972 16 -3275988 0 0 -421461
20079 0 1673955007 325874 16 -3276563 0 0 -449129
20187 0 1673955007 357869 16 -3277138 0 0 -449535
20305 0 1673955007 373792 16 -3277713 0 0 -421414
20519 0 1673955007 389733 16 -3278288 0 0 -421629
20776 0 1673955007 405767 16 -3278863 0 0 -449840
21105 0 1673955007 437778 16 -3279438 0 0 -449709
21358 0 1673955007 453708 16 -3280013 0 0 -421504
21563 0 1673955007 469781 16 -3280588 0 0 -449790
21739 0 1673955007 485819 16 -3281163 0 0 -449549
21873 0 1673955007 517747 16 -3281738 0 0 -449779
22021 0 1673955007 533748 16 -3282313 0 0 -421420
22113 0 1673955007 549733 16 -3282888 0 0 -449488
22132 0 1673955007 565695 16 -3283463 0 0 -449269
22085 0 1673955007 597688 16 -3284038 0 0 -449195
21994 0 1673955007 613678 16 -3284613 0 0 -421244
21823 0 1673955007 629657 16 -3285188 0 0 -449365
21608 0 1673955007 645630 16 -3285763 0 0 -449192
21401 0 1673955007 677614 16 -3286338 0 0 -449542
21230 0 1673955007 693660 16 -3286913 0 0 -421613
21007 0 1673955007 709658 16 -3287488 0 0 -449465
20835 0 1673955007 725646 16 -3288063 0 0 -449475
20659 0 1673955007 757495 16 -3288638 0 0 -449465
20497 0 1673955007 773559 16 -3289213 0 0 -421388
20324 0 1673955007 789488 16 -3289788 0 0 -449234
20190 0 1673955007 805525 16 -3290363 0 0 -449449
20130 0 1673955007 837437 16 -3290938 0 0 -449246
20103 0 1673955007 853514 16 -3291513 0 0 -421152
20109 0 1673955007 869504 16 -3292088 0 0 -448946
20175 0 1673955007 901387 16 -3292663 0 0 -449142
20266 0 1673955007 917446 16 -3293238 0 0 -421161
20401 0 1673955007 933461 16 -3293813 0 0 -420913
20603 0 1673955007 949460 16 -3294387 0 0 -448706
20790 0 1673955007 981418 16 -3294962 0 0 -448933
20999 0 1673955007 997389 16 -3295537 0 0 -420644
21193 0 1673955008 13356 16 -3296113 0 0 -420973
21508 0 1673955008 29398 16 -3296687 0 0 -448990
21654 0 1673955008 61332 16 -3297262 0 0 -449112
21822 0 1673955008 77312 16 -3297837 0 0 -421059
21933 0 1673955008 93245 16 -3298412 0 0 -449102
22015 0 1673955008 109364 16 -3298987 0 0 -449544
22059 0 1673955008 141337 16 -3299562 0 0 -449280
22079 0 1673955008 157246 16 -3300137 0 0 -421224
22034 0 1673955008 173310 16 -3300712 0 0 -449585
21943 0 1673955008 189308 16 -3301287 0 0 -449161
21817 0 1673955008 221227 16 -3301862 0 0 -449150
21715 0 1673955008 237289 16 -3302437 0 0 -421292
21560 0 1673955008 253307 16 -3303012 0 0 -449093
21366 0 1673955008 269240 16 -3303587 0 0 -448960
21144 0 1673955008 301269 16 -3304162 0 0 -448960
20939 0 1673955008 317181 16 -3304737 0 0 -421273
20733 0 1673955008 333175 16 -3305312 0 0 -449636
20544 0 1673955008 349186 16 -3305887 0 0 -449336
20382 0 1673955008 381142 16 -3306462 0 0 -449521
20273 0 1673955008 397142 16 -3307037 0 0 -421476
20199 0 1673955008 413102 16 -3307612 0 0 -449481
20156 0 1673955008 445105 16 -3308187 0 0 -449839
20166 0 1673955008 461077 16 -3308762 0 0 -421823
20231 0 1673955008 477080 16 -3309337 0 0 -421685
20356 0 1673955008 493110 16 -3309912 0 0 -449776
20502 0 1673955008 525031 16 -3310487 0 0 -449361
20700 0 1673955008 540989 16 -3311062 0 0 -421333
20931 0 1673955008 557006 16 -3311637 0 0 -421519
21178 0 1673955008 572948 16 -3312212 0 0 -449497
21429 0 1673955008 604992 16 -3312787 0 0 -449702
21684 0 1673955008 620980 16 -3313362 0 0 -421446
21855 0 1673955008 636967 16 -3313937 0 0 -449567
21949 0 1673955008 652898 16 -3314512 0 0 -449514
22012 0 1673955008 684945 16 -3315087 0 0 -449768
22017 0 1673955008 700943 16 -3315662 0 0 -421756
21945 0 1673955008 716923 16 -3316237 0 0 -449770
21854 0 1673955008 732943 16 -3316811 0 0 -449594
21780 0 1673955008 764843 16 -3317386 0 0 -449584
21658 0 1673955008 780876 16 -3317961 0 0 -421391
21494 0 1673955008 796877 16 -3318536 0 0 -449390
21265 0 1673955008 812873 16 -3319111 0 0 -449345
21147 0 1673955008 844885 16 -3319686 0 0 -449313
20990 0 1673955008 860864 16 -3320261 0 0 -420983
20836 0 1673955008 876865 16 -3320836 0 0 -449174
20612 0 1673955008 892837 16 -3321411 0 0 -449164
20447 0 1673955008 924802 16 -3321986 0 0 -449290
20306 0 1673955008 940647 16 -3322561 0 0 -421314
20230 0 1673955008 956681 16 -3323136 0 0 -449852
20216 0 1673955008 990488 16 -3323711 0 0 -449848
20235 0 1673955009 7149 16 -3324286 0 0 -420275
20282 0 1673955009 20670 16 -3324861 0 0 -418033
20378 0 1673955009 36622 16 -3325436 0 0 -456415
20534 0 1673955009 68597 16 -3326011 0 0 -456510
20757 0 1673955009 84592 16 -3326586 0 0 -428460
20958 0 1673955009 100563 16 -3327161 0 0 -428379
21109 0 1673955009 116671 16 -3327736 0 0 -456526
21306 0 1673955009 148545 16 -3328311 0 0 -455600
21454 0 1673955009 164548 16 -3328886 0 0 -427754
21623 0 1673955009 180669 16 -3329461 0 0 -457321
21783 0 1673955009 196686 16 -3330036 0 0 -459127
21905 0 1673955009 228612 16 -3330611 0 0 -448772
21949 0 1673955009 244621 16 -3331186 0 0 -420592
21967 0 1673955009 260633 16 -3331761 0 0 -448615
21961 0 1673955009 276558 16 -3332336 0 0 -448555
21906 0 1673955009 308568 16 -3332911 0 0 -448718
21761 0 1673955009 324466 16 -3333486 0 0 -421009
21575 0 1673955009 340541 16 -3334061 0 0 -449335
21395 0 1673955009 356541 16 -3334636 0 0 -449083
21253 0 1673955009 388517 16 -3335211 0 0 -449505
21105 0 1673955009 404430 16 -3335786 0 0 -421509
20870 0 1673955009 420494 16 -3336361 0 0 -449827
20667 0 1673955009 436469 16 -3336936 0 0 -449635
20495 0 1673955009 468467 16 -3337511 0 0 -449765
20376 0 1673955009 484455 16 -3338086 0 0 -421426
20310 0 1673955009 500365 16 -3338660 0 0 -449455
20273 0 1673955009 532394 16 -3339235 0 0 -449413
20263 0 1673955009 548409 16 -3339810 0 0 -421573
20288 0 1673955009 564368 16 -3340385 0 0 -421521
20390 0 1673955009 580422 16 -3340960 0 0 -449720
20499 0 1673955009 612352 16 -3341535 0 0 -449224
20587 0 1673955009 628335 16 -3342110 0 0 -421433
20721 0 1673955009 644340 16 -3342685 0 0 -421405
20824 0 1673955009 660266 16 -3343260 0 0 -449462
21025 0 1673955009 692289 16 -3343835 0 0 -449778
21284 0 1673955009 708369 16 -3344410 0 0 -421364
21535 0 1673955009 724199 16 -3344985 0 0 -449187
21639 0 1673955009 740302 16 -3345560 0 0 -449842
21686 0 1673955009 772240 16 -3346135 0 0 -449339
21787 0 1673955009 788233 16 -3346710 0 0 -421506
21839 0 1673955009 804148 16 -3347285 0 0 -449545
21905 0 1673955009 820261 16 -3347860 0 0 -449785
21915 0 1673955009 852222 16 -3348435 0 0 -449409
21876 0 1673955009 868221 16 -3349010 0 0 -421106
21845 0 1673955009 884191 16 -3349585 0 0 -449206
21764 0 1673955009 900172 16 -3350160 0 0 -449591
21627 0 1673955009 932172 16 -3350735 0 0 -449055
21434 0 1673955009 948159 16 -3351310 0 0 -421338
21208 0 1673955009 964196 16 -3351885 0 0 -449405
21061 0 1673955009 980080 16 -3352460 0 0 -449251
20919 0 1673955010 12101 16 -3353035 0 0 -449361
20786 0 1673955010 28081 16 -3353610 0 0 -421660
20633 0 1673955010 44115 16 -3354185 0 0 -449773
20511 0 1673955010 60102 16 -3354760 0 0 -449650
20396 0 1673955010 92027 16 -3355335 0 0 -449590
20341 0 1673955010 107975 16 -3355910 0 0 -421513
20321 0 1673955010 124026 16 -3356485 0 0 -449772
20369 0 1673955010 155964 16 -3357060 0 0 -449548
20411 0 1673955010 171978 16 -3357635 0 0 -421656
20528 0 1673955010 187977 16 -3358210 0 0 -421197
20685 0 1673955010 203952 16 -3358785 0 0 -449295
20873 0 1673955010 235928 16 -3359360 0 0 -449313
21020 0 1673955010 251915 16 -3359935 0 0 -421377
21208 0 1673955010 267867 16 -3360509 0 0 -421279
21398 0 1673955010 283903 16 -3361085 0 0 -449556
21502 0 1673955010 315898 16 -3361660 0 0 -449247
21618 0 1673955010 331860 16 -3362234 0 0 -421305
21740 0 1673955010 347848 16 -3362809 0 0 -449460
21839 0 1673955010 363832 16 -3363384 0 0 -449551
21860 0 1673955010 395800 16 -3363959 0 0 -449604
21863 0 1673955010 411756 16 -3364534 0 0 -421468
21795 0 1673955010 427774 16 -3365109 0 0 -449678
21663 0 1673955010 443745 16 -3365684 0 0 -449667
21397 0 1673955010 475694 16 -3366259 0 0 -449502
21187 0 1673955010 491687 16 -3366834 0 0 -421597
20936 0 1673955010 507665 16 -3367409 0 0 -449742
20773 0 1673955010 523705 16 -3367984 0 0 -449686
20657 0 1673955010 555655 16 -3368559 0 0 -449503
20517 0 1673955010 571697 16 -3369134 0 0 -421415
20404 0 1673955010 587588 16 -3369709 0 0 -449316
20372 0 1673955010 603667 16 -3370284 0 0 -449546
20371 0 1673955010 635669 16 -3370859 0 0 -449334
20392 0 1673955010 651635 16 -3371434 0 0 -421154
20441 0 1673955010 667646 16 -3372009 0 0 -449305
20548 0 1673955010 699622 16 -3372584 0 0 -449241
20666 0 1673955010 715518 16 -3373159 0 0 -421109
20807 0 1673955010 731599 16 -3373734 0 0 -421616
20957 0 1673955010 747454 16 -3374309 0 0 -449366
21080 0 1673955010 779531 16 -3374884 0 0 -450026
21223 0 1673955010 795537 16 -3375459 0 0 -421498
21355 0 1673955010 811553 16 -3376034 0 0 -421753
21540 0 1673955010 827514 16 -3376609 0 0 -449774
21635 0 1673955010 859520 16 -3377184 0 0 -449792
21712 0 1673955010 875454 16 -3377759 0 0 -421749
21746 0 1673955010 891410 16 -3378334 0 0 -450037
21800 0 1673955010 907455 16 -3378909 0 0 -449824
21796 0 1673955010 939465 16 -3379484 0 0 -449950
21758 0 1673955010 955438 16 -3380059 0 0 -421351
21703 0 1673955010 971409 16 -3380634 0 0 -449590
21620 0 1673955010 987458 16 -3381209 0 0 -449713
21461 0 1673955011 19408 16 -3381784 0 0 -449597
21344 0 1673955011 35346 16 -3382359 0 0 -421428
21210 0 1673955011 51290 16 -3382933 0 0 -449630
21054 0 1673955011 67383 16 -3383508 0 0 -449594
20862 0 1673955011 99378 16 -3384083 0 0 -449115
20729 0 1673955011 115315 16 -3384658 0 0 -421201
20657 0 1673955011 131305 16 -3385233 0 0 -449508
20559 0 1673955011 147302 16 -3385808 0 0 -449448
20467 0 1673955011 179247 16 -3386383 0 0 -449356
20430 0 1673955011 195270 16 -3386958 0 0 -421500
20432 0 1673955011 211275 16 -3387533 0 0 -449452
20464 0 1673955011 243220 16 -3388108 0 0 -449314
20519 0 1673955011 259228 16 -3388683 0 0 -421089
20598 0 1673955011 275238 16 -3389258 0 0 -421385
20707 0 1673955011 291145 16 -3389833 0 0 -449422
20852 0 1673955011 323227 16 -3390408 0 0 -449528
21055 0 1673955011 339172 16 -3390983 0 0 -421345
21186 0 1673955011 355254 16 -3391558 0 0 -421528
21281 0 1673955011 371047 16 -3392133 0 0 -449270
21414 0 1673955011 403173 16 -3392708 0 0 -450086
21577 0 1673955011 419153 16 -3393283 0 0 -421918
21687 0 1673955011 435015 16 -3393858 0 0 -450016
21721 0 1673955011 451151 16 -3394433 0 0 -450532
21753 0 1673955011 483141 16 -3395008 0 0 -450094
21753 0 1673955011 498994 16 -3395583 0 0 -421698
21722 0 1673955011 515085 16 -3396158 0 0 -450367
21682 0 1673955011 531078 16 -3396733 0 0 -449856
21621 0 1673955011 562941 16 -3397308 0 0 -450167
21513 0 1673955011 579075 16 -3397883 0 0 -421475
21331 0 1673955011 595038 16 -3398458 0 0 -449195
21181 0 1673955011 611040 16 -3399033 0 0 -449255
21083 0 1673955011 642934 16 -3399608 0 0 -448759
20941 0 1673955011 659013 16 -3400183 0 0 -421250
20798 0 1673955011 674948 16 -3400758 0 0 -449041
20668 0 1673955011 690938 16 -3401333 0 0 -448750
20583 0 1673955011 722960 16 -3401908 0 0 -449102
20513 0 1673955011 738930 16 -3402483 0 0 -420982
20482 0 1673955011 754940 16 -3403058 0 0 -449043
20480 0 1673955011 770835 16 -3403633 0 0 -449475
20518 0 1673955011 802909 16 -3404208 0 0 -449715
20581 0 1673955011 818923 16 -3404783 0 0 -421581
20699 0 1673955011 834877 16 -3405357 0 0 -449418
20857 0 1673955011 866809 16 -3405932 0 0 -449855
21005 0 1673955011 882854 16 -3406507 0 0 -421610
21101 0 1673955011 898806 16 -3407082 0 0 -421417
21209 0 1673955011 914798 16 -3407657 0 0 -449682
21337 0 1673955011 946787 16 -3408232 0 0 -449604
21500 0 1673955011 962776 16 -3408807 0 0 -421573
21630 0 1673955011 978768 16 -3409382 0 0 -421241
21676 0 1673955011 994763 16 -3409957 0 0 -449410
21696 0 1673955012 26735 16 -3410532 0 0 -449574
21703 0 1673955012 42808 16 -3411107 0 0 -421360
21683 0 1673955012 58744 16 -3411682 0 0 -449122
21625 0 1673955012 74690 16 -3412257 0 0 -449505
21571 0 1673955012 106701 16 -3412832 0 0 -449526
21481 0 1673955012 122667 16 -3413407 0 0 -421412
21361 0 1673955012 138606 16 -3413982 0 0 -449598
21217 0 1673955012 154674 16 -3414557 0 0 -449774
21074 0 1673955012 186651 16 -3415132 0 0 -449509
20951 0 1673955012 202525 16 -3415707 0 0 -421435
20813 0 1673955012 218634 16 -3416282 0 0 -449932
20694 0 1673955012 234608 16 -3416857 0 0 -449808
20597 0 1673955012 266582 16 -3417432 0 0 -449673
20550 0 1673955012 282578 16 -3418007 0 0 -421430
20527 0 1673955012 298521 16 -3418582 0 0 -449530
20530 0 1673955012 314493 16 -3419157 0 0 -449611
20566 0 1673955012 346485 16 -3419732 0 0 -449495
20637 0 1673955012 362433 16 -3420307 0 0 -421663
20735 0 1673955012 378436 16 -3420882 0 0 -449902
20844 0 1673955012 410420 16 -3421457 0 0 -449446
20930 0 1673955012 426412 16 -3422032 0 0 -421764
21069 0 1673955012 442406 16 -3422607 0 0 -421700
21209 0 1673955012 458310 16 -3423182 0 0 -449775
21364 0 1673955012 490346 16 -3423757 0 0 -450100
21449 0 1673955012 506333 16 -3424332 0 0 -421791
21516 0 1673955012 522345 16 -3424907 0 0 -421738
21593 0 1673955012 538386 16 -3425482 0 0 -449765
21645 0 1673955012 570329 16 -3426057 0 0 -449439
21654 0 1673955012 586283 16 -3426632 0 0 -421423
21638 0 1673955012 602331 16 -3427207 0 0 -449647
21601 0 1673955012 618331 16 -3427781 0 0 -449354
21552 0 1673955012 650152 16 -3428356 0 0 -449333
21455 0 1673955012 666207 16 -3428931 0 0 -421076
21354 0 1673955012 682226 16 -3429506 0 0 -448991
21227 0 1673955012 698219 16 -3430081 0 0 -448879
21127 0 1673955012 730174 16 -3430656 0 0 -448945
21007 0 1673955012 746169 16 -3431231 0 0 -421052
20873 0 1673955012 762198 16 -3431806 0 0 -449096
20811 0 1673955012 778133 16 -3432381 0 0 -448832
20708 0 1673955012 810125 16 -3432956 0 0 -449327
20625 0 1673955012 826018 16 -3433531 0 0 -421258
20578 0 1673955012 842015 16 -3434106 0 0 -449554
20568 0 1673955012 858044 16 -3434681 0 0 -449757
20585 0 1673955012 890043 16 -3435256 0 0 -449722
20609 0 1673955012 906025 16 -3435831 0 0 -421622
20666 0 1673955012 922015 16 -3436406 0 0 -449722
20761 0 1673955012 953993 16 -3436981 0 0 -449739
20862 0 1673955012 969979 16 -3437556 0 0 -421784
20948 0 1673955012 985964 16 -3438131 0 0 -421604
21018 0 1673955013 1934 16 -3438706 0 0 -449726
21153 0 1673955013 33917 16 -3439281 0 0 -449454
21256 0 1673955013 49824 16 -3439856 0 0 -421382
21355 0 1673955013 65887 16 -3440431 0 0 -421812
21461 0 1673955013 81872 16 -3441006 0 0 -449667
21558 0 1673955013 113757 16 -3441581 0 0 -449656
21604 0 1673955013 129837 16 -3442156 0 0 -421646
21611 0 1673955013 145816 16 -3442731 0 0 -449424
21597 0 1673955013 161777 16 -3443306 0 0 -449448
21555 0 1673955013 193754 16 -3443881 0 0 -449533
21490 0 1673955013 209852 16 -3444456 0 0 -421371
21406 0 1673955013 225696 16 -3445031 0 0 -449091
21313 0 1673955013 241802 16 -3445606 0 0 -449315
21193 0 1673955013 273725 16 -3446181 0 0 -449166
21091 0 1673955013 289692 16 -3446756 0 0 -421105
20970 0 1673955013 305707 16 -3447331 0 0 -449196
20863 0 1673955013 321664 16 -3447906 0 0 -449423
20779 0 1673955013 353639 16 -3448481 0 0 -449500
20723 0 1673955013 369619 16 -3449056 0 0 -421309
20676 0 1673955013 385632 16 -3449631 0 0 -449435
20638 0 1673955013 401635 16 -3450206 0 0 -449731
20617 0 1673955013 433606 16 -3450780 0 0 -449070
20615 0 1673955013 449578 16 -3451355 0 0 -421389
20636 0 1673955013 465541 16 -3451930 0 0 -449496
20687 0 1673955013 497444 16 -3452505 0 0 -449510
20725 0 1673955013 513493 16 -3453080 0 0 -421572
20782 0 1673955013 529492 16 -3453655 0 0 -421249
20884 0 1673955013 545494 16 -3454230 0 0 -449307
20988 0 1673955013 577433 16 -3454805 0 0 -449229
21110 0 1673955013 593442 16 -3455380 0 0 -421253
21207 0 1673955013 609426 16 -3455955 0 0 -421329
21317 0 1673955013 625436 16 -3456530 0 0 -449436
21365 0 1673955013 657393 16 -3457105 0 0 -449303
21421 0 1673955013 673376 16 -3457680 0 0 -421134
21485 0 1673955013 689365 16 -3458255 0 0 -449184
21540 0 1673955013 705330 16 -3458830 0 0 -449395
21576 0 1673955013 737367 16 -3459405 0 0 -449514
21573 0 1673955013 753324 16 -3459980 0 0 -421413
21561 0 1673955013 769308 16 -3460555 0 0 -449586
21507 0 1673955013 785334 16 -3461130 0 0 -449674
21459 0 1673955013 817341 16 -3461705 0 0 -449527
21392 0 1673955013 833338 16 -3462280 0 0 -421480
21267 0 1673955013 849247 16 -3462855 0 0 -449529
21133 0 1673955013 865253 16 -3463430 0 0 -449790
21023 0 1673955013 897204 16 -3464005 0 0 -449730
20912 0 1673955013 913175 16 -3464580 0 0 -421574
20811 0 1673955013 929234 16 -3465155 0 0 -449785
20737 0 1673955013 945203 16 -3465730 0 0 -449427
20689 0 1673955013 977129 16 -3466305 0 0 -449480
20657 0 1673955013 993133 16 -3466880 0 0 -421560
20657 0 1673955014 9107 16 -3467455 0 0 -449628
20680 0 1673955014 40986 16 -3468030 0 0 -449709
20730 0 1673955014 56925 16 -3468605 0 0 -421418
20800 0 1673955014 73009 16 -3469180 0 0 -421654
20918 0 1673955014 89012 16 -3469754 0 0 -449297
21014 0 1673955014 120890 16 -3470330 0 0 -449282
21129 0 1673955014 136971 16 -3470904 0 0 -421471
21216 0 1673955014 152970 16 -3471479 0 0 -421079
21306 0 1673955014 168836 16 -3472054 0 0 -449093
21377 0 1673955014 200921 16 -3472629 0 0 -449582
21441 0 1673955014 216903 16 -3473204 0 0 -421340
21514 0 1673955014 232916 16 -3473779 0 0 -449373
21540 0 1673955014 248912 16 -3474354 0 0 -449112
21542 0 1673955014 280872 16 -3474929 0 0 -449517
21513 0 1673955014 296866 16 -3475504 0 0 -421388
21472 0 1673955014 312841 16 -3476079 0 0 -449427
21382 0 1673955014 328846 16 -3476654 0 0 -449798
21273 0 1673955014 360803 16 -3477229 0 0 -449777
21146 0 1673955014 376784 16 -3477804 0 0 -421264
21028 0 1673955014 392795 16 -3478379 0 0 -449482
20931 0 1673955014 408664 16 -3478954 0 0 -449380
20867 0 1673955014 440746 16 -3479529 0 0 -449889
20794 0 1673955014 456730 16 -3480104 0 0 -421727
20747 0 1673955014 472741 16 -3480679 0 0 -449824
20696 0 1673955014 488711 16 -3481254 0 0 -449764
20678 0 1673955014 520703 16 -3481829 0 0 -449782
20676 0 1673955014 536689 16 -3482404 0 0 -421730
20696 0 1673955014 552665 16 -3482979 0 0 -449818
20736 0 1673955014 584618 16 -3483554 0 0 -449836
20792 0 1673955014 600551 16 -3484129 0 0 -421839
20850 0 1673955014 616614 16 -3484704 0 0 -421612
20974 0 1673955014 632545 16 -3485279 0 0 -449540
21051 0 1673955014 664414 16 -3485854 0 0 -449727
21129 0 1673955014 680527 16 -3486429 0 0 -421804
21211 0 1673955014 696549 16 -3487004 0 0 -421305
21304 0 1673955014 712520 16 -3487579 0 0 -449297
21380 0 1673955014 744525 16 -3488154 0 0 -449350
21451 0 1673955014 760514 16 -3488729 0 0 -421185
21498 0 1673955014 776482 16 -3489304 0 0 -449259
21516 0 1673955014 792398 16 -3489879 0 0 -449135
21507 0 1673955014 824334 16 -3490454 0 0 -449652
21469 0 1673955014 840318 16 -3491029 0 0 -421388
21439 0 1673955014 856411 16 -3491603 0 0 -449308
21342 0 1673955014 872392 16 -3492179 0 0 -449474
21281 0 1673955014 904263 16 -3492754 0 0 -449618
21212 0 1673955014 920303 16 -3493329 0 0 -421553
21094 0 1673955014 936369 16 -3493903 0 0 -449397
20962 0 1673955014 952324 16 -3494478 0 0 -449127
20891 0 1673955014 984262 16 -3495053 0 0 -449173
20829 0 1673955015 282 16 -3495628 0 0 -420855
20768 0 1673955015 16325 16 -3496203 0 0 -448805
20736 0 1673955015 32266 16 -3496778 0 0 -448696
20726 0 1673955015 64167 16 -3497353 0 0 -449131
20705 0 1673955015 80200 16 -3497928 0 0 -421075
20702 0 1673955015 96210 16 -3498503 0 0 -448922
20730 0 1673955015 112181 16 -3499078 0 0 -449125
20801 0 1673955015 144165 16 -3499653 0 0 -449457
20820 0 1673955015 160144 16 -3500228 0 0 -421237
20884 0 1673955015 176175 16 -3500803 0 0 -449332
20967 0 1673955015 208061 16 -3501378 0 0 -449294
21019 0 1673955015 224363 16 -3501953 0 0 -421468
21087 0 1673955015 240069 16 -3502528 0 0 -420220
21220 0 1673955015 256060 16 -3503103 0 0 -449261
21297 0 1673955015 288049 16 -3503678 0 0 -449408
21346 0 1673955015 304034 16 -3504253 0 0 -421376
21410 0 1673955015 319947 16 -3504828 0 0 -421327
21449 0 1673955015 335863 16 -3505403 0 0 -449696
21461 0 1673955015 367974 16 -3505978 0 0 -449919
21488 0 1673955015 383884 16 -3506553 0 0 -421854
21496 0 1673955015 399927 16 -3507128 0 0 -450148
21449 0 1673955015 415927 16 -3507703 0 0 -451037
21388 0 1673955015 447881 16 -3508278 0 0 -449986
21317 0 1673955015 463865 16 -3508853 0 0 -421919
21273 0 1673955015 479845 16 -3509428 0 0 -450042
21197 0 1673955015 495837 16 -3510003 0 0 -450059
21105 0 1673955015 527772 16 -3510578 0 0 -449780
21039 0 1673955015 543795 16 -3511153 0 0 -421465
20979 0 1673955015 559764 16 -3511728 0 0 -449557
20915 0 1673955015 575829 16 -3512303 0 0 -449349
20853 0 1673955015 607645 16 -3512878 0 0 -449272
20801 0 1673955015 623682 16 -3513453 0 0 -421358
20754 0 1673955015 639663 16 -3514027 0 0 -449167
20725 0 1673955015 655692 16 -3514602 0 0 -449178
20726 0 1673955015 687562 16 -3515178 0 0 -449103
20733 0 1673955015 703644 16 -3515753 0 0 -421113
20758 0 1673955015 719647 16 -3516327 0 0 -448749
20797 0 1673955015 751621 16 -3516902 0 0 -448819
20838 0 1673955015 767585 16 -3517477 0 0 -420657
20895 0 1673955015 783594 16 -3518052 0 0 -421011
20957 0 1673955015 799570 16 -3518627 0 0 -448893
21004 0 1673955015 831523 16 -3519202 0 0 -449204
21090 0 1673955015 847525 16 -3519777 0 0 -421103
21187 0 1673955015 863481 16 -3520352 0 0 -421100
21290 0 1673955015 879500 16 -3520927 0 0 -449216
21354 0 1673955015 911466 16 -3521502 0 0 -449533
21407 0 1673955015 927457 16 -3522077 0 0 -421497
21442 0 1673955015 943427 16 -3522652 0 0 -449582
21478 0 1673955015 959443 16 -3523227 0 0 -449561
21493 0 1673955015 991426 16 -3523802 0 0 -449536
21486 0 1673955016 7407 16 -3524377 0 0 -421391
21449 0 1673955016 23405 16 -3524952 0 0 -449493
21405 0 1673955016 39365 16 -3525527 0 0 -449507
21304 0 1673955016 71370 16 -3526102 0 0 -449492
21210 0 1673955016 87354 16 -3526677 0 0 -421478
21130 0 1673955016 103348 16 -3527252 0 0 -449581
21036 0 1673955016 119344 16 -3527827 0 0 -449570
20972 0 1673955016 151348 16 -3528402 0 0 -449479
20904 0 1673955016 167336 16 -3528977 0 0 -421455
20849 0 1673955016 183345 16 -3529552 0 0 -449559
20787 0 1673955016 199273 16 -3530127 0 0 -449461
20751 0 1673955016 231223 16 -3530702 0 0 -449707
20736 0 1673955016 247202 16 -3531277 0 0 -421534
20753 0 1673955016 263074 16 -3531852 0 0 -449689
20782 0 1673955016 295166 16 -3532427 0 0 -450085
20808 0 1673955016 311122 16 -3533002 0 0 -421908
20820 0 1673955016 327048 16 -3533577 0 0 -422048
20854 0 1673955016 343141 16 -3534152 0 0 -450389
20909 0 1673955016 375080 16 -3534727 0 0 -450022
20992 0 1673955016 391020 16 -3535302 0 0 -422031
21055 0 1673955016 407076 16 -3535876 0 0 -421891
21133 0 1673955016 423092 16 -3536451 0 0 -449727
21196 0 1673955016 455049 16 -3537026 0 0 -449597
21269 0 1673955016 470944 16 -3537601 0 0 -421106
21327 0 1673955016 487028 16 -3538176 0 0 -449634
21395 0 1673955016 503025 16 -3538751 0 0 -449186
21440 0 1673955016 534956 16 -3539326 0 0 -448935
21469 0 1673955016 550950 16 -3539901 0 0 -421244
21465 0 1673955016 566921 16 -3540476 0 0 -449288
21462 0 1673955016 582846 16 -3541051 0 0 -449276
21432 0 1673955016 614877 16 -3541626 0 0 -449737
21377 0 1673955016 630864 16 -3542201 0 0 -421690
21298 0 1673955016 646820 16 -3542776 0 0 -449774
21207 0 1673955016 662835 16 -3543351 0 0 -449558
21143 0 1673955016 694795 16 -3543926 0 0 -449798
21049 0 1673955016 710752 16 -3544501 0 0 -421747
20990 0 1673955016 726789 16 -3545076 0 0 -449913
20936 0 1673955016 742826 16 -3545651 0 0 -449763
20931 0 1673955016 774609 16 -3546226 0 0 -449531
20902 0 1673955016 790644 16 -3546801 0 0 -421382
20842 0 1673955016 806715 16 -3547376 0 0 -449363
20782 0 1673955016 838577 16 -3547951 0 0 -449069
20749 0 1673955016 854692 16 -3548526 0 0 -420960
20745 0 1673955016 870675 16 -3549101 0 0 -420612
20758 0 1673955016 886647 16 -3549676 0 0 -448713
20771 0 1673955016 918625 16 -3550251 0 0 -448660
20806 0 1673955016 934589 16 -3550826 0 0 -420732
20846 0 1673955016 950577 16 -3551401 0 0 -420989
20924 0 1673955016 966564 16 -3551976 0 0 -448915
20983 0 1673955016 998480 16 -3552551 0 0 -449083
21071 0 1673955017 14513 16 -3553126 0 0 -421329
21182 0 1673955017 30505 16 -3553701 0 0 -449168
21257 0 1673955017 46458 16 -3554276 0 0 -449597
21327 0 1673955017 78379 16 -3554851 0 0 -449703
21382 0 1673955017 94389 16 -3555426 0 0 -421598
21430 0 1673955017 110407 16 -3556001 0 0 -449619
21457 0 1673955017 126447 16 -3556576 0 0 -449430
21463 0 1673955017 158333 16 -3557150 0 0 -449150
21464 0 1673955017 174286 16 -3557726 0 0 -421178
21422 0 1673955017 190328 16 -3558300 0 0 -449247
21365 0 1673955017 206341 16 -3558875 0 0 -449216
21321 0 1673955017 238298 16 -3559450 0 0 -449142
21251 0 1673955017 254275 16 -3560025 0 0 -420938
21153 0 1673955017 270275 16 -3560600 0 0 -449026
21063 0 1673955017 286148 16 -3561175 0 0 -449061
21020 0 1673955017 318232 16 -3561750 0 0 -449573
21003 0 1673955017 334216 16 -3562325 0 0 -421661
20939 0 1673955017 350185 16 -3562900 0 0 -449644
20880 0 1673955017 382180 16 -3563475 0 0 -449686
20822 0 1673955017 398132 16 -3564050 0 0 -421761
20777 0 1673955017 414005 16 -3564625 0 0 -421976
20744 0 1673955017 430089 16 -3565200 0 0 -450463
20730 0 1673955017 462071 16 -3565775 0 0 -450089
20752 0 1673955017 477961 16 -3566350 0 0 -422029
20798 0 1673955017 494050 16 -3566925 0 0 -421968
20868 0 1673955017 510024 16 -3567500 0 0 -449807
20971 0 1673955017 541893 16 -3568075 0 0 -449842
21092 0 1673955017 557928 16 -3568650 0 0 -421773
21193 0 1673955017 573973 16 -3569225 0 0 -449722
21272 0 1673955017 589921 16 -3569800 0 0 -449395
21343 0 1673955017 621957 16 -3570375 0 0 -449129
21416 0 1673955017 637924 16 -3570950 0 0 -421315
21457 0 1673955017 653935 16 -3571525 0 0 -449491
21477 0 1673955017 669945 16 -3572100 0 0 -449064
21473 0 1673955017 701861 16 -3572675 0 0 -449339
21464 0 1673955017 717879 16 -3573250 0 0 -421246
21431 0 1673955017 733841 16 -3573825 0 0 -449143
21386 0 1673955017 749856 16 -3574400 0 0 -449400
21285 0 1673955017 781806 16 -3574975 0 0 -449505
21178 0 1673955017 797768 16 -3575550 0 0 -421289
21073 0 1673955017 813747 16 -3576125 0 0 -449531
21031 0 1673955017 829733 16 -3576700 0 0 -449488
20905 0 1673955017 861700 16 -3577275 0 0 -449576
20837 0 1673955017 877685 16 -3577850 0 0 -421564
20757 0 1673955017 893684 16 -3578425 0 0 -449619
20733 0 1673955017 925656 16 -3579000 0 0 -449686
20728 0 1673955017 941583 16 -3579574 0 0 -421451
20743 0 1673955017 957576 16 -3580149 0 0 -421761
20780 0 1673955017 973617 16 -3580724 0 0 -449818
20829 0 1673955018 5593 16 -3581299 0 0 -449541
20880 0 1673955018 21586 16 -3581874 0 0 -421412
20969 0 1673955018 37544 16 -3582449 0 0 -421388
21086 0 1673955018 53457 16 -3583024 0 0 -449583
21198 0 1673955018 85436 16 -3583599 0 0 -449837
21290 0 1673955018 101528 16 -3584174 0 0 -421776
21378 0 1673955018 117532 16 -3584749 0 0 -449555
21432 0 1673955018 133422 16 -3585324 0 0 -449284
21469 0 1673955018 165457 16 -3585899 0 0 -449648
21489 0 1673955018 181448 16 -3586474 0 0 -421684
21488 0 1673955018 197432 16 -3587049 0 0 -449771
21458 0 1673955018 213434 16 -3587624 0 0 -449803
21395 0 1673955018 245383 16 -3588199 0 0 -449648
21342 0 1673955018 261387 16 -3588774 0 0 -421310
21276 0 1673955018 277246 16 -3589349 0 0 -449353
21133 0 1673955018 293304 16 -3589924 0 0 -450174
21050 0 1673955018 325327 16 -3590499 0 0 -449985
20997 0 1673955018 341251 16 -3591074 0 0 -421500
20958 0 1673955018 357281 16 -3591649 0 0 -449875
20873 0 1673955018 373282 16 -3592224 0 0 -449738
20832 0 1673955018 405270 16 -3592799 0 0 -449678
20756 0 1673955018 421074 16 -3593374 0 0 -421620
20705 0 1673955018 437208 16 -3593949 0 0 -450347
20718 0 1673955018 469160 16 -3594524 0 0 -449895
20746 0 1673955018 485148 16 -3595099 0 0 -421362
20769 0 1673955018 501138 16 -3595674 0 0 -421607
20784 0 1673955018 517135 16 -3596249 0 0 -449738
20850 0 1673955018 549095 16 -3596824 0 0 -449481
20941 0 1673955018 565073 16 -3597399 0 0 -421545
20970 0 1673955018 581040 16 -3597974 0 0 -421626
21003 0 1673955018 597042 16 -3598549 0 0 -449807
21076 0 1673955018 629022 16 -3599124 0 0 -449104
21159 0 1673955018 644995 16 -3599699 0 0 -421512
21255 0 1673955018 661056 16 -3600274 0 0 -449641
21395 0 1673955018 676912 16 -3600849 0 0 -449385
21435 0 1673955018 708944 16 -3601423 0 0 -449761
21478 0 1673955018 724834 16 -3601998 0 0 -421647
21483 0 1673955018 740854 16 -3602573 0 0 -450076
21500 0 1673955018 756913 16 -3603148 0 0 -449929
21497 0 1673955018 788867 16 -3603723 0 0 -449607
21482 0 1673955018 804848 16 -3604298 0 0 -421578
21479 0 1673955018 820866 16 -3604873 0 0 -449703
21452 0 1673955018 836843 16 -3605448 0 0 -449545
21409 0 1673955018 868811 16 -3606023 0 0 -449839
21363 0 1673955018 884734 16 -3606598 0 0 -421380
21311 0 1673955018 900782 16 -3607173 0 0 -449756
21243 0 1673955018 916762 16 -3607748 0 0 -449199
21241 0 1673955018 948762 16 -3608323 0 0 -449339
21271 0 1673955018 964739 16 -3608898 0 0 -421469
21306 0 1673955018 980733 16 -3609473 0 0 -449586
21289 0 1673955019 12639 16 -3610048 0 0 -449540
21196 0 1673955019 28689 16 -3610623 0 0 -421610
21097 0 1673955019 44664 16 -3611198 0 0 -421354
21051 0 1673955019 60535 16 -3611773 0 0 -449490
21021 0 1673955019 92636 16 -3612348 0 0 -449675
21004 0 1673955019 108497 16 -3612923 0 0 -421678
20928 0 1673955019 124534 16 -3613498 0 0 -422100
20839 0 1673955019 140508 16 -3614073 0 0 -450047
20783 0 1673955019 172558 16 -3614648 0 0 -450057
20728 0 1673955019 188479 16 -3615223 0 0 -421916
20689 0 1673955019 204515 16 -3615798 0 0 -450189
20690 0 1673955019 220512 16 -3616373 0 0 -450237
20723 0 1673955019 252420 16 -3616948 0 0 -450160
20772 0 1673955019 268348 16 -3617523 0 0 -421708
20824 0 1673955019 284470 16 -3618098 0 0 -450127
20869 0 1673955019 300463 16 -3618673 0 0 -449210
20933 0 1673955019 332438 16 -3619248 0 0 -449364
21006 0 1673955019 348403 16 -3619823 0 0 -421218
21127 0 1673955019 364367 16 -3620398 0 0 -449461
21269 0 1673955019 380398 16 -3620973 0 0 -449309
21369 0 1673955019 412334 16 -3621548 0 0 -449327
21463 0 1673955019 428340 16 -3622123 0 0 -421296
21506 0 1673955019 444341 16 -3622698 0 0 -449271
21527 0 1673955019 460255 16 -3623273 0 0 -449013
21519 0 1673955019 492342 16 -3623847 0 0 -449643
21492 0 1673955019 508273 16 -3624422 0 0 -421467
21440 0 1673955019 524202 16 -3624997 0 0 -449764
21397 0 1673955019 556299 16 -3625572 0 0 -449891
21321 0 1673955019 572257 16 -3626147 0 0 -421603
21272 0 1673955019 588270 16 -3626722 0 0 -421860
21153 0 1673955019 604228 16 -3627297 0 0 -449834
21047 0 1673955019 636082 16 -3627872 0 0 -450003
20937 0 1673955019 652185 16 -3628447 0 0 -422059
20922 0 1673955019 668182 16 -3629022 0 0 -421495
20855 0 1673955019 684190 16 -3629597 0 0 -449657
20819 0 1673955019 716192 16 -3630172 0 0 -449386
20748 0 1673955019 732143 16 -3630747 0 0 -421058
20693 0 1673955019 748111 16 -3631322 0 0 -449391
20675 0 1673955019 764080 16 -3631897 0 0 -449356
20701 0 1673955019 796074 16 -3632472 0 0 -449511
20755 0 1673955019 812003 16 -3633047 0 0 -421292
20816 0 1673955019 827997 16 -3633622 0 0 -449490
20842 0 1673955019 843956 16 -3634197 0 0 -449870
20905 0 1673955019 875993 16 -3634772 0 0 -450004
20968 0 1673955019 892005 16 -3635347 0 0 -421923
21065 0 1673955019 907935 16 -3635922 0 0 -449959
21188 0 1673955019 923981 16 -3636497 0 0 -450033
21305 0 1673955019 955958 16 -3637072 0 0 -449760
21401 0 1673955019 971938 16 -3637647 0 0 -421595
21446 0 1673955019 987918 16 -3638222 0 0 -449736
21500 0 1673955020 3894 16 -3638797 0 0 -449556
21537 0 1673955020 35898 16 -3639372 0 0 -449619
21542 0 1673955020 51805 16 -3639947 0 0 -421395
21499 0 1673955020 67871 16 -3640522 0 0 -449832
21471 0 1673955020 99824 16 -3641097 0 0 -449644
21419 0 1673955020 115828 16 -3641672 0 0 -421362
21331 0 1673955020 131844 16 -3642247 0 0 -421509
21209 0 1673955020 147822 16 -3642822 0 0 -449509
21133 0 1673955020 179731 16 -3643397 0 0 -449516
21019 0 1673955020 195688 16 -3643972 0 0 -421450
20994 0 1673955020 211768 16 -3644547 0 0 -421517
20936 0 1673955020 227773 16 -3645122 0 0 -449317
20864 0 1673955020 259685 16 -3645696 0 0 -448873
20786 0 1673955020 275646 16 -3646271 0 0 -421105
20718 0 1673955020 291598 16 -3646846 0 0 -449277
20659 0 1673955020 307565 16 -3647421 0 0 -449460
20654 0 1673955020 339657 16 -3647996 0 0 -449633
20663 0 1673955020 355605 16 -3648571 0 0 -421399
20694 0 1673955020 371642 16 -3649146 0 0 -449578
20742 0 1673955020 387563 16 -3649721 0 0 -449297
20823 0 1673955020 419618 16 -3650296 0 0 -449855
20972 0 1673955020 435593 16 -3650871 0 0 -421846
21045 0 1673955020 451533 16 -3651446 0 0 -449932
21163 0 1673955020 467535 16 -3652021 0 0 -450007
21261 0 1673955020 499564 16 -3652596 0 0 -449831
21380 0 1673955020 515511 16 -3653171 0 0 -421613
21451 0 1673955020 531545 16 -3653746 0 0 -449956
21500 0 1673955020 547519 16 -3654321 0 0 -449654
21529 0 1673955020 579471 16 -3654896 0 0 -449875
21544 0 1673955020 595484 16 -3655471 0 0 -421562
21560 0 1673955020 611426 16 -3656046 0 0 -449641
21563 0 1673955020 627330 16 -3656621 0 0 -449758
21538 0 1673955020 659442 16 -3657196 0 0 -449885
21492 0 1673955020 675312 16 -3657771 0 0 -421718
21406 0 1673955020 691323 16 -3658346 0 0 -450280
21363 0 1673955020 723348 16 -3658921 0 0 -450054
21303 0 1673955020 739285 16 -3659496 0 0 -422075
21186 0 1673955020 755318 16 -3660071 0 0 -422206
21090 0 1673955020 771353 16 -3660646 0 0 -450124
20971 0 1673955020 803370 16 -3661221 0 0 -450047
20905 0 1673955020 819368 16 -3661796 0 0 -421752
20815 0 1673955020 835369 16 -3662371 0 0 -421420
20755 0 1673955020 851293 16 -3662946 0 0 -449591
20683 0 1673955020 883235 16 -3663521 0 0 -449399
20643 0 1673955020 899257 16 -3664096 0 0 -421412
20629 0 1673955020 915250 16 -3664671 0 0 -449433
20641 0 1673955020 931250 16 -3665246 0 0 -449236
20674 0 1673955020 963223 16 -3665821 0 0 -449351
20703 0 1673955020 979239 16 -3666396 0 0 -421421
20753 0 1673955020 995234 16 -3666971 0 0 -449456
20848 0 1673955021 11243 16 -3667546 0 0 -449467
20935 0 1673955021 43146 16 -3668120 0 0 -449341
21026 0 1673955021 59120 16 -3668695 0 0 -421082
21168 0 1673955021 75038 16 -3669270 0 0 -449199
21311 0 1673955021 91224 16 -3669845 0 0 -449565
21434 0 1673955021 123011 16 -3670420 0 0 -448896
21475 0 1673955021 139053 16 -3670995 0 0 -421007
21528 0 1673955021 155052 16 -3671570 0 0 -448913
21575 0 1673955021 170950 16 -3672145 0 0 -448973
21572 0 1673955021 202896 16 -3672720 0 0 -449315
21521 0 1673955021 218994 16 -3673295 0 0 -421416
21468 0 1673955021 234976 16 -3673870 0 0 -449065
21392 0 1673955021 266929 16 -3674445 0 0 -449037
21240 0 1673955021 282930 16 -3675020 0 0 -420712
21019 0 1673955021 298908 16 -3675595 0 0 -421354
20921 0 1673955021 314874 16 -3676170 0 0 -449319
20878 0 1673955021 346878 16 -3676745 0 0 -449586
20829 0 1673955021 362868 16 -3677320 0 0 -421503
20779 0 1673955021 378862 16 -3677895 0 0 -421178
20712 0 1673955021 394853 16 -3678470 0 0 -449228
20634 0 1673955021 426815 16 -3679045 0 0 -449601
20612 0 1673955021 442777 16 -3679620 0 0 -421495
20613 0 1673955021 458869 16 -3680195 0 0 -449663
20637 0 1673955021 474746 16 -3680770 0 0 -449346
20701 0 1673955021 506793 16 -3681345 0 0 -449704
20809 0 1673955021 522784 16 -3681920 0 0 -421467
20982 0 1673955021 538738 16 -3682495 0 0 -449578
21135 0 1673955021 554770 16 -3683070 0 0 -449705
21238 0 1673955021 586747 16 -3683645 0 0 -449572
21291 0 1673955021 602716 16 -3684220 0 0 -421484
21342 0 1673955021 618725 16 -3684795 0 0 -449636
21425 0 1673955021 634698 16 -3685370 0 0 -449471
21556 0 1673955021 666674 16 -3685945 0 0 -449887
21591 0 1673955021 682658 16 -3686520 0 0 -421396
21576 0 1673955021 698626 16 -3687095 0 0 -449570
21493 0 1673955021 714650 16 -3687670 0 0 -449651
21397 0 1673955021 746666 16 -3688245 0 0 -449405
21334 0 1673955021 762608 16 -3688820 0 0 -421427
21197 0 1673955021 778582 16 -3689395 0 0 -449687
21070 0 1673955021 810584 16 -3689970 0 0 -449669
20927 0 1673955021 826572 16 -3690544 0 0 -421574
20826 0 1673955021 842513 16 -3691119 0 0 -421522
20756 0 1673955021 858497 16 -3691694 0 0 -449784
20691 0 1673955021 890555 16 -3692269 0 0 -449784
20636 0 1673955021 906535 16 -3692844 0 0 -421545
20599 0 1673955021 922518 16 -3693419 0 0 -421699
20601 0 1673955021 938502 16 -3693994 0 0 -449849
20611 0 1673955021 970499 16 -3694569 0 0 -449701
20678 0 1673955021 986475 16 -3695144 0 0 -421536
20730 0 1673955022 2449 16 -3695719 0 0 -449747
20857 0 1673955022 18435 16 -3696294 0 0 -449797
21004 0 1673955022 50428 16 -3696869 0 0 -449638
21146 0 1673955022 66413 16 -3697444 0 0 -421512
21240 0 1673955022 82401 16 -3698019 0 0 -449691
21342 0 1673955022 98403 16 -3698594 0 0 -449663
21435 0 1673955022 130316 16 -3699169 0 0 -449596
21526 0 1673955022 146322 16 -3699744 0 0 -421541
21614 0 1673955022 162381 16 -3700319 0 0 -449593
21613 0 1673955022 178332 16 -3700894 0 0 -449302
21618 0 1673955022 210369 16 -3701469 0 0 -449384
21547 0 1673955022 226262 16 -3702044 0 0 -421226
21521 0 1673955022 242368 16 -3702619 0 0 -449674
21540 0 1673955022 258237 16 -3703194 0 0 -449252
21481 0 1673955022 290245 16 -3703769 0 0 -449673
21332 0 1673955022 306244 16 -3704344 0 0 -421597
21195 0 1673955022 322237 16 -3704919 0 0 -449600
21064 0 1673955022 354171 16 -3705494 0 0 -449646
21000 0 1673955022 370204 16 -3706069 0 0 -421834
20979 0 1673955022 386160 16 -3706644 0 0 -421546
20900 0 1673955022 402177 16 -3707219 0 0 -449809
20780 0 1673955022 434148 16 -3707794 0 0 -449371
20770 0 1673955022 450155 16 -3708369 0 0 -421690
20792 0 1673955022 466128 16 -3708944 0 0 -421202
20742 0 1673955022 482036 16 -3709519 0 0 -449380
20711 0 1673955022 514104 16 -3710094 0 0 -449702
20640 0 1673955022 530184 16 -3710669 0 0 -421541
20592 0 1673955022 546074 16 -3711244 0 0 -449280
20568 0 1673955022 562050 16 -3711819 0 0 -449784
20570 0 1673955022 594028 16 -3712393 0 0 -449616
20572 0 1673955022 610052 16 -3712969 0 0 -421668
20589 0 1673955022 626095 16 -3713543 0 0 -449537
20587 0 1673955022 641896 16 -3714118 0 0 -449411
20628 0 1673955022 673894 16 -3714693 0 0 -450023
20699 0 1673955022 689989 16 -3715268 0 0 -421624
20802 0 1673955022 705989 16 -3715843 0 0 -449428
20900 0 1673955022 721958 16 -3716418 0 0 -449708
21012 0 1673955022 753913 16 -3716993 0 0 -449428
21108 0 1673955022 769942 16 -3717568 0 0 -421405
21221 0 1673955022 785942 16 -3718143 0 0 -449311
21349 0 1673955022 801819 16 -3718718 0 0 -449493
21468 0 1673955022 833910 16 -3719293 0 0 -450078
21537 0 1673955022 849846 16 -3719868 0 0 -421215
21584 0 1673955022 865800 16 -3720443 0 0 -449515
21510 0 1673955022 881860 16 -3721018 0 0 -450009
21523 0 1673955022 913857 16 -3721593 0 0 -449799
21574 0 1673955022 929844 16 -3722168 0 0 -421616
21625 0 1673955022 945813 16 -3722743 0 0 -449698
21644 0 1673955022 977798 16 -3723318 0 0 -449909
21625 0 1673955022 993744 16 -3723893 0 0 -421846
21610 0 1673955023 9694 16 -3724468 0 0 -421601
21630 0 1673955023 25769 16 -3725043 0 0 -449933
21611 0 1673955023 57785 16 -3725618 0 0 -449446
21552 0 1673955023 73712 16 -3726193 0 0 -421193
21432 0 1673955023 89709 16 -3726768 0 0 -421661
21299 0 1673955023 105704 16 -3727343 0 0 -449745
21159 0 1673955023 137634 16 -3727918 0 0 -449717
21116 0 1673955023 153681 16 -3728493 0 0 -421593
21098 0 1673955023 169658 16 -3729068 0 0 -449491
21004 0 1673955023 185651 16 -3729643 0 0 -449382
20890 0 1673955023 217634 16 -3730218 0 0 -449231
20741 0 1673955023 233556 16 -3730793 0 0 -421431
20648 0 1673955023 249565 16 -3731368 0 0 -449797
20629 0 1673955023 265566 16 -3731943 0 0 -449508
20603 0 1673955023 297560 16 -3732518 0 0 -449494
20564 0 1673955023 313530 16 -3733093 0 0 -421405
20552 0 1673955023 329503 16 -3733668 0 0 -449525
20568 0 1673955023 345509 16 -3734243 0 0 -449785
20656 0 1673955023 377475 16 -3734817 0 0 -449585
20670 0 1673955023 394094 16 -3735392 0 0 -421514
20703 0 1673955023 409455 16 -3735967 0 0 -447484
20759 0 1673955023 425401 16 -3736542 0 0 -449545
20871 0 1673955023 457410 16 -3737117 0 0 -449767
21000 0 1673955023 473366 16 -3737692 0 0 -421686
21160 0 1673955023 489395 16 -3738267 0 0 -449912
21216 0 1673955023 521286 16 -3738842 0 0 -449705
21287 0 1673955023 537423 16 -3739417 0 0 -421630
21321 0 1673955023 553355 16 -3739992 0 0 -421272
21390 0 1673955023 569376 16 -3740567 0 0 -449558
21548 0 1673955023 601378 16 -3741142 0 0 -451575
21614 0 1673955023 617320 16 -3741717 0 0 -421162
21602 0 1673955023 633269 16 -3742292 0 0 -421176
21612 0 1673955023 649294 16 -3742867 0 0 -449439
21642 0 1673955023 681259 16 -3743442 0 0 -449197
21660 0 1673955023 697187 16 -3744017 0 0 -421253
21635 0 1673955023 713231 16 -3744592 0 0 -449487
21535 0 1673955023 729229 16 -3745167 0 0 -449810
21425 0 1673955023 761217 16 -3745742 0 0 -449577
21319 0 1673955023 777174 16 -3746317 0 0 -421585
21202 0 1673955023 793210 16 -3746892 0 0 -449814
21147 0 1673955023 809221 16 -3747467 0 0 -449484
21033 0 1673955023 841119 16 -3748042 0 0 -449266
20873 0 1673955023 857092 16 -3748617 0 0 -421367
20725 0 1673955023 873174 16 -3749192 0 0 -449508
20628 0 1673955023 889074 16 -3749767 0 0 -448967
20568 0 1673955023 920976 16 -3750342 0 0 -449475
20543 0 1673955023 937057 16 -3750917 0 0 -421478
20538 0 1673955023 953091 16 -3751492 0 0 -449260
20539 0 1673955023 969019 16 -3752067 0 0 -448990
20593 0 1673955024 1032 16 -3752642 0 0 -449370
20657 0 1673955024 17024 16 -3753217 0 0 -421321
20718 0 1673955024 33016 16 -3753792 0 0 -449335
20788 0 1673955024 65010 16 -3754367 0 0 -449269
20936 0 1673955024 80984 16 -3754942 0 0 -421484
21187 0 1673955024 96970 16 -3755517 0 0 -421222
21375 0 1673955024 112873 16 -3756092 0 0 -449261
21509 0 1673955024 144946 16 -3756667 0 0 -449887
21601 0 1673955024 160914 16 -3757241 0 0 -421817
21637 0 1673955024 176834 16 -3757816 0 0 -421676
21672 0 1673955024 192947 16 -3758391 0 0 -450045
21677 0 1673955024 224861 16 -3758966 0 0 -449623
21656 0 1673955024 240775 16 -3759541 0 0 -421595
21625 0 1673955024 256865 16 -3760116 0 0 -449969
21596 0 1673955024 272836 16 -3760691 0 0 -449564
21590 0 1673955024 304802 16 -3761266 0 0 -449617
21492 0 1673955024 320827 16 -3761841 0 0 -421228
21405 0 1673955024 336807 16 -3762416 0 0 -449329
21324 0 1673955024 352784 16 -3762991 0 0 -449287
21237 0 1673955024 384788 16 -3763566 0 0 -449085
21216 0 1673955024 400763 16 -3764141 0 0 -421399
21193 0 1673955024 416754 16 -3764716 0 0 -449488
21079 0 1673955024 432713 16 -3765291 0 0 -449216
20924 0 1673955024 464714 16 -3765866 0 0 -449674
20865 0 1673955024 480679 16 -3766441 0 0 -421495
20753 0 1673955024 496692 16 -3767016 0 0 -449665
20648 0 1673955024 512731 16 -3767591 0 0 -449707
20567 0 1673955024 544643 16 -3768166 0 0 -449500
20518 0 1673955024 560641 16 -3768741 0 0 -421420
20525 0 1673955024 576649 16 -3769316 0 0 -449507
20562 0 1673955024 608577 16 -3769891 0 0 -449391
20622 0 1673955024 624547 16 -3770466 0 0 -421347
20719 0 1673955024 640611 16 -3771041 0 0 -421308
20880 0 1673955024 656581 16 -3771616 0 0 -449161
20974 0 1673955024 688560 16 -3772191 0 0 -449144
21127 0 1673955024 704427 16 -3772766 0 0 -421131
21286 0 1673955024 720559 16 -3773341 0 0 -421739
21378 0 1673955024 736538 16 -3773916 0 0 -449278
21478 0 1673955024 768506 16 -3774491 0 0 -449345
21609 0 1673955024 784508 16 -3775066 0 0 -421325
21670 0 1673955024 800474 16 -3775641 0 0 -449331
21687 0 1673955024 816426 16 -3776216 0 0 -449345
21613 0 1673955024 848431 16 -3776791 0 0 -449737
21511 0 1673955024 864298 16 -3777366 0 0 -421551
21375 0 1673955024 880392 16 -3777941 0 0 -450080
21212 0 1673955024 896371 16 -3778516 0 0 -449281
21072 0 1673955024 928325 16 -3779090 0 0 -449717
20980 0 1673955024 944297 16 -3779665 0 0 -421607
20773 0 1673955024 960315 16 -3780240 0 0 -449753
20620 0 1673955024 976330 16 -3780815 0 0 -449697
20564 0 1673955025 8278 16 -3781390 0 0 -449525
20524 0 1673955025 24177 16 -3781965 0 0 -421326
20518 0 1673955025 40277 16 -3782540 0 0 -449763
20510 0 1673955025 56271 16 -3783115 0 0 -448944
20523 0 1673955025 88280 16 -3783690 0 0 -449293
20571 0 1673955025 104270 16 -3784265 0 0 -421233
20643 0 1673955025 120264 16 -3784840 0 0 -449303
20741 0 1673955025 136124 16 -3785415 0 0 -449226
20832 0 1673955025 168216 16 -3785990 0 0 -449785
20865 0 1673955025 184201 16 -3786565 0 0 -421681
21175 0 1673955025 200219 16 -3787140 0 0 -449764
21432 0 1673955025 232222 16 -3787715 0 0 -449344
21588 0 1673955025 248181 16 -3788290 0 0 -421614
21664 0 1673955025 264157 16 -3788865 0 0 -421737
21701 0 1673955025 280140 16 -3789440 0 0 -449906
21693 0 1673955025 312156 16 -3790015 0 0 -449930
21655 0 1673955025 328178 16 -3790590 0 0 -421819
21501 0 1673955025 344105 16 -3791165 0 0 -421246
21335 0 1673955025 360028 16 -3791740 0 0 -449660
21186 0 1673955025 392048 16 -3792315 0 0 -449879
21025 0 1673955025 407917 16 -3792890 0 0 -421849
20861 0 1673955025 423962 16 -3793465 0 0 -450391
20749 0 1673955025 439959 16 -3794040 0 0 -450089
20590 0 1673955025 471895 16 -3794615 0 0 -450015
20527 0 1673955025 487905 16 -3795190 0 0 -421936
20495 0 1673955025 503907 16 -3795765 0 0 -449991
20493 0 1673955025 519905 16 -3796340 0 0 -450061
20495 0 1673955025 551827 16 -3796915 0 0 -449811
20531 0 1673955025 567856 16 -3797490 0 0 -421531
20635 0 1673955025 583829 16 -3798065 0 0 -449524
20785 0 1673955025 599824 16 -3798640 0 0 -449155
20902 0 1673955025 631814 16 -3799215 0 0 -449330
20868 0 1673955025 647799 16 -3799790 0 0 -421252
20834 0 1673955025 663758 16 -3800365 0 0 -449325
20874 0 1673955025 679751 16 -3800940 0 0 -449504
20992 0 1673955025 711735 16 -3801514 0 0 -449438
21116 0 1673955025 727669 16 -3802089 0 0 -421369
21149 0 1673955025 743717 16 -3802664 0 0 -449609
21110 0 1673955025 775653 16 -3803239 0 0 -449543
21188 0 1673955025 791744 16 -3803814 0 0 -421428
21342 0 1673955025 807701 16 -3804389 0 0 -421093
21498 0 1673955025 823727 16 -3804964 0 0 -449311
21617 0 1673955025 855711 16 -3805539 0 0 -449167
21669 0 1673955025 871691 16 -3806114 0 0 -420961
21700 0 1673955025 887621 16 -3806689 0 0 -421105
21724 0 1673955025 903664 16 -3807264 0 0 -449413
21706 0 1673955025 935623 16 -3807839 0 0 -449030
21653 0 1673955025 951581 16 -3808414 0 0 -421158
21580 0 1673955025 967645 16 -3808989 0 0 -449326
21509 0 1673955025 983620 16 -3809564 0 0 -449420
21498 0 1673955026 15592 16 -3810139 0 0 -449356
21477 0 1673955026 31535 16 -3810714 0 0 -421396
21423 0 1673955026 47542 16 -3811289 0 0 -449659
21287 0 1673955026 63586 16 -3811864 0 0 -449564
21130 0 1673955026 95496 16 -3812439 0 0 -449163
20961 0 1673955026 111497 16 -3813014 0 0 -421317
20838 0 1673955026 127489 16 -3813589 0 0 -449353
20767 0 1673955026 143438 16 -3814164 0 0 -449233
20693 0 1673955026 175299 16 -3814739 0 0 -449637
20602 0 1673955026 191499 16 -3815314 0 0 -421595
20518 0 1673955026 207326 16 -3815889 0 0 -448954
20493 0 1673955026 223366 16 -3816464 0 0 -449367
20488 0 1673955026 255346 16 -3817039 0 0 -449251
20484 0 1673955026 271329 16 -3817614 0 0 -421346
20493 0 1673955026 287394 16 -3818189 0 0 -449403
20534 0 1673955026 319394 16 -3818764 0 0 -449179
20593 0 1673955026 335216 16 -3819339 0 0 -421075
20650 0 1673955026 351316 16 -3819914 0 0 -421527
20716 0 1673955026 367296 16 -3820489 0 0 -449132
20808 0 1673955026 399270 16 -3821064 0 0 -449896
20880 0 1673955026 415239 16 -3821639 0 0 -421229
20994 0 1673955026 431259 16 -3822214 0 0 -421478
21109 0 1673955026 447198 16 -3822789 0 0 -449466
21231 0 1673955026 479218 16 -3823364 0 0 -449621
21368 0 1673955026 495186 16 -3823938 0 0 -421706
21492 0 1673955026 511214 16 -3824513 0 0 -449895
21598 0 1673955026 527147 16 -3825088 0 0 -449165
21658 0 1673955026 559142 16 -3825663 0 0 -449750
21719 0 1673955026 575138 16 -3826238 0 0 -421608
21729 0 1673955026 590993 16 -3826813 0 0 -449675
21712 0 1673955026 607061 16 -3827388 0 0 -450080
21615 0 1673955026 639105 16 -3827963 0 0 -449912
21448 0 1673955026 655063 16 -3828538 0 0 -421583
21271 0 1673955026 670989 16 -3829113 0 0 -449873
21127 0 1673955026 687069 16 -3829688 0 0 -450021
20970 0 1673955026 719026 16 -3830263 0 0 -449840
20957 0 1673955026 734996 16 -3830838 0 0 -421565
20788 0 1673955026 750998 16 -3831413 0 0 -449743
20626 0 1673955026 766919 16 -3831988 0 0 -449722
20543 0 1673955026 798954 16 -3832563 0 0 -449487
20509 0 1673955026 814850 16 -3833138 0 0 -421618
20495 0 1673955026 830938 16 -3833713 0 0 -450100
20475 0 1673955026 862915 16 -3834288 0 0 -449645
20518 0 1673955026 878833 16 -3834863 0 0 -421328
20632 0 1673955026 894910 16 -3835438 0 0 -421896
20732 0 1673955026 910882 16 -3836013 0 0 -449666
20769 0 1673955026 942864 16 -3836588 0 0 -449659
20947 0 1673955026 958726 16 -3837163 0 0 -421606
21090 0 1673955026 974760 16 -3837738 0 0 -421815
21229 0 1673955026 990770 16 -3838313 0 0 -449803
21302 0 1673955027 22669 16 -3838888 0 0 -449401
21443 0 1673955027 38787 16 -3839463 0 0 -421721
21559 0 1673955027 54661 16 -3840038 0 0 -449366
21710 0 1673955027 70761 16 -3840613 0 0 -449522
21725 0 1673955027 102747 16 -3841188 0 0 -449442
21737 0 1673955027 118723 16 -3841763 0 0 -421280
21722 0 1673955027 134725 16 -3842338 0 0 -449425
21694 0 1673955027 150652 16 -3842913 0 0 -448929
21591 0 1673955027 182669 16 -3843488 0 0 -449305
21466 0 1673955027 198655 16 -3844063 0 0 -421249
21442 0 1673955027 214676 16 -3844638 0 0 -449286
21397 0 1673955027 230681 16 -3845213 0 0 -449623
21220 0 1673955027 262589 16 -3845787 0 0 -449062
21035 0 1673955027 278606 16 -3846362 0 0 -421416
20883 0 1673955027 294608 16 -3846937 0 0 -449420
20770 0 1673955027 310583 16 -3847512 0 0 -449329
20691 0 1673955027 342555 16 -3848087 0 0 -449424
20576 0 1673955027 358421 16 -3848662 0 0 -421115
20488 0 1673955027 374454 16 -3849237 0 0 -449680
20473 0 1673955027 406463 16 -3849812 0 0 -449515
20502 0 1673955027 422492 16 -3850387 0 0 -421505
20564 0 1673955027 438471 16 -3850962 0 0 -421519
20662 0 1673955027 454366 16 -3851537 0 0 -449588
20757 0 1673955027 486424 16 -3852112 0 0 -450018
20909 0 1673955027 502319 16 -3852687 0 0 -421898
21106 0 1673955027 518423 16 -3853262 0 0 -422181
21278 0 1673955027 534329 16 -3853837 0 0 -449870
21357 0 1673955027 566402 16 -3854412 0 0 -449728
21441 0 1673955027 582400 16 -3854987 0 0 -421703
21541 0 1673955027 598405 16 -3855562 0 0 -449794
21623 0 1673955027 614405 16 -3856137 0 0 -449878
21712 0 1673955027 646411 16 -3856712 0 0 -449805
21737 0 1673955027 662311 16 -3857287 0 0 -421352
21733 0 1673955027 678292 16 -3857862 0 0 -449832
21727 0 1673955027 694302 16 -3858437 0 0 -449528
21693 0 1673955027 726259 16 -3859012 0 0 -449856
21628 0 1673955027 742185 16 -3859587 0 0 -421486
21488 0 1673955027 758199 16 -3860162 0 0 -449887
21344 0 1673955027 774263 16 -3860737 0 0 -449830
21248 0 1673955027 806226 16 -3861312 0 0 -449624
21118 0 1673955027 822198 16 -3861887 0 0 -421581
21005 0 1673955027 838137 16 -3862462 0 0 -449760
20866 0 1673955027 854191 16 -3863037 0 0 -449622
20735 0 1673955027 886161 16 -3863612 0 0 -449367
20650 0 1673955027 902138 16 -3864187 0 0 -421352
20606 0 1673955027 918089 16 -3864762 0 0 -449471
20556 0 1673955027 934122 16 -3865337 0 0 -449383
20483 0 1673955027 966112 16 -3865912 0 0 -449316
20464 0 1673955027 982057 16 -3866487 0 0 -421472
20463 0 1673955027 998063 16 -3867062 0 0 -449710
20498 0 1673955028 30009 16 -3867637 0 0 -449590
20611 0 1673955028 46023 16 -3868211 0 0 -421298
20740 0 1673955028 62011 16 -3868786 0 0 -421438
20884 0 1673955028 78013 16 -3869361 0 0 -449530
21012 0 1673955028 109984 16 -3869936 0 0 -449442
21229 0 1673955028 125971 16 -3870511 0 0 -421218
21453 0 1673955028 141834 16 -3871086 0 0 -421380
21583 0 1673955028 157803 16 -3871661 0 0 -449932
21644 0 1673955028 189905 16 -3872236 0 0 -449847
21700 0 1673955028 205895 16 -3872811 0 0 -421703
21738 0 1673955028 221895 16 -3873386 0 0 -449816
21724 0 1673955028 237883 16 -3873961 0 0 -449865
21681 0 1673955028 269843 16 -3874536 0 0 -449865
21616 0 1673955028 285824 16 -3875111 0 0 -421831
21524 0 1673955028 301827 16 -3875686 0 0 -449948
21392 0 1673955028 317707 16 -3876261 0 0 -449892
21272 0 1673955028 349804 16 -3876836 0 0 -449832
21129 0 1673955028 365766 16 -3877411 0 0 -421561
20985 0 1673955028 381773 16 -3877986 0 0 -449861
20873 0 1673955028 397766 16 -3878561 0 0 -449801
20775 0 1673955028 429734 16 -3879136 0 0 -449825
20687 0 1673955028 445692 16 -3879711 0 0 -421735
20602 0 1673955028 461704 16 -3880286 0 0 -449924
20547 0 1673955028 477707 16 -3880861 0 0 -449815
20476 0 1673955028 509650 16 -3881436 0 0 -449815
20453 0 1673955028 525587 16 -3882011 0 0 -421365
20477 0 1673955028 541613 16 -3882586 0 0 -449748
20523 0 1673955028 573604 16 -3883161 0 0 -449523
20601 0 1673955028 589585 16 -3883736 0 0 -421479
20728 0 1673955028 605576 16 -3884311 0 0 -421521
20892 0 1673955028 621554 16 -3884886 0 0 -449601
21067 0 1673955028 653517 16 -3885461 0 0 -449531
21137 0 1673955028 669518 16 -3886036 0 0 -421529
21305 0 1673955028 685506 16 -3886611 0 0 -421536
21453 0 1673955028 701500 16 -3887186 0 0 -449604
21565 0 1673955028 733464 16 -3887761 0 0 -449403
21661 0 1673955028 749452 16 -3888335 0 0 -421401
21709 0 1673955028 765435 16 -3888911 0 0 -449609
21730 0 1673955028 781411 16 -3889486 0 0 -449602
21743 0 1673955028 813389 16 -3890061 0 0 -449655
21677 0 1673955028 829386 16 -3890635 0 0 -421472
21642 0 1673955028 845384 16 -3891210 0 0 -449526
21516 0 1673955028 861392 16 -3891785 0 0 -449537
21414 0 1673955028 893378 16 -3892360 0 0 -449466
21354 0 1673955028 909381 16 -3892935 0 0 -421382
21227 0 1673955028 925281 16 -3893510 0 0 -449464
21026 0 1673955028 941182 16 -3894085 0 0 -449678
20937 0 1673955028 973266 16 -3894660 0 0 -449968
20865 0 1673955028 989276 16 -3895235 0 0 -421734
20737 0 1673955029 5298 16 -3895810 0 0 -449804
20773 0 1673955029 21083 16 -3896385 0 0 -449717
20702 0 1673955029 53202 16 -3896960 0 0 -450474
20578 0 1673955029 69193 16 -3897535 0 0 -422322
20484 0 1673955029 85056 16 -3898110 0 0 -450418
20460 0 1673955029 117194 16 -3898685 0 0 -450913
20463 0 1673955029 133135 16 -3899260 0 0 -422363
20461 0 1673955029 149180 16 -3899835 0 0 -422222
20507 0 1673955029 165103 16 -3900410 0 0 -450214
20622 0 1673955029 197102 16 -3900985 0 0 -450520
20753 0 1673955029 213054 16 -3901560 0 0 -422522
20886 0 1673955029 229032 16 -3902135 0 0 -421926
21009 0 1673955029 245042 16 -3902710 0 0 -450184
21124 0 1673955029 276993 16 -3903285 0 0 -450117
21263 0 1673955029 292868 16 -3903860 0 0 -421599
21426 0 1673955029 308897 16 -3904435 0 0 -450238
21572 0 1673955029 324872 16 -3905010 0 0 -449928
21657 0 1673955029 356896 16 -3905585 0 0 -450174
21716 0 1673955029 372927 16 -3906160 0 0 -421805
21737 0 1673955029 388932 16 -3906735 0 0 -449772
21733 0 1673955029 404908 16 -3907310 0 0 -449585
21685 0 1673955029 436882 16 -3907885 0 0 -449592
21631 0 1673955029 452876 16 -3908460 0 0 -421574
21510 0 1673955029 468858 16 -3909035 0 0 -449628
21352 0 1673955029 484843 16 -3909610 0 0 -449249
21158 0 1673955029 516837 16 -3910184 0 0 -449306
21058 0 1673955029 532794 16 -3910759 0 0 -421147
20944 0 1673955029 548788 16 -3911335 0 0 -449494
20810 0 1673955029 564760 16 -3911910 0 0 -449623
20702 0 1673955029 596735 16 -3912485 0 0 -449739
20600 0 1673955029 612668 16 -3913059 0 0 -421552
20501 0 1673955029 628715 16 -3913634 0 0 -449841
20460 0 1673955029 660682 16 -3914209 0 0 -449656
20448 0 1673955029 676632 16 -3914784 0 0 -421545
20456 0 1673955029 692611 16 -3915359 0 0 -421766
20489 0 1673955029 708575 16 -3915934 0 0 -449911
20567 0 1673955029 740608 16 -3916509 0 0 -449788
20670 0 1673955029 756594 16 -3917084 0 0 -421662
20752 0 1673955029 773798 16 -3917659 0 0 -421613
20876 0 1673955029 788476 16 -3918234 0 0 -445786
21036 0 1673955029 820463 16 -3918809 0 0 -450608
21246 0 1673955029 836432 16 -3919384 0 0 -422707
21357 0 1673955029 852409 16 -3919959 0 0 -450864
21452 0 1673955029 868401 16 -3920534 0 0 -450768
21557 0 1673955029 900392 16 -3921109 0 0 -450723
21626 0 1673955029 916352 16 -3921684 0 0 -422528
21700 0 1673955029 932363 16 -3922259 0 0 -450774
21735 0 1673955029 948377 16 -3922834 0 0 -450686
21725 0 1673955029 980322 16 -3923409 0 0 -454567
21669 0 1673955029 996342 16 -3923984 0 0 -421481
21522 0 1673955030 12335 16 -3924559 0 0 -449476
21362 0 1673955030 28259 16 -3925134 0 0 -449391
21183 0 1673955030 60291 16 -3925709 0 0 -449579
21044 0 1673955030 76333 16 -3926284 0 0 -421446
20908 0 1673955030 92294 16 -3926859 0 0 -449368
20732 0 1673955030 108201 16 -3927434 0 0 -449364
20566 0 1673955030 140275 16 -3928009 0 0 -449731
20479 0 1673955030 156220 16 -3928584 0 0 -421639
20457 0 1673955030 172261 16 -3929159 0 0 -449861
20479 0 1673955030 204245 16 -3929734 0 0 -449787
20558 0 1673955030 220198 16 -3930309 0 0 -421700
20666 0 1673955030 236247 16 -3930884 0 0 -421598
20807 0 1673955030 252034 16 -3931458 0 0 -449433
20933 0 1673955030 284162 16 -3932034 0 0 -450437
21053 0 1673955030 300165 16 -3932609 0 0 -422112
21140 0 1673955030 316141 16 -3933183 0 0 -421675
21273 0 1673955030 332120 16 -3933759 0 0 -449998
21388 0 1673955030 364091 16 -3934333 0 0 -449781
21499 0 1673955030 379923 16 -3934908 0 0 -421873
21583 0 1673955030 396053 16 -3935483 0 0 -450531
21632 0 1673955030 412019 16 -3936058 0 0 -449913
21696 0 1673955030 443851 16 -3936633 0 0 -450302
21727 0 1673955030 460044 16 -3937208 0 0 -421517
21735 0 1673955030 476103 16 -3937783 0 0 -449036
21664 0 1673955030 491896 16 -3938358 0 0 -448938
21534 0 1673955030 523950 16 -3938933 0 0 -449492
21452 0 1673955030 539922 16 -3939508 0 0 -421392
21309 0 1673955030 555865 16 -3940083 0 0 -449541
21154 0 1673955030 571867 16 -3940658 0 0 -449146
21065 0 1673955030 603837 16 -3941233 0 0 -449592
20897 0 1673955030 619827 16 -3941808 0 0 -421422
20727 0 1673955030 635812 16 -3942383 0 0 -449386
20606 0 1673955030 651717 16 -3942958 0 0 -450107
20537 0 1673955030 683790 16 -3943533 0 0 -450649
20490 0 1673955030 699765 16 -3944108 0 0 -421773
20462 0 1673955030 715750 16 -3944683 0 0 -449984
20475 0 1673955030 747644 16 -3945258 0 0 -449939
20546 0 1673955030 763727 16 -3945833 0 0 -421755
20638 0 1673955030 779719 16 -3946408 0 0 -421472
20766 0 1673955030 795709 16 -3946983 0 0 -449550
20871 0 1673955030 827657 16 -3947558 0 0 -449550
21025 0 1673955030 843586 16 -3948133 0 0 -421467
21162 0 1673955030 859646 16 -3948708 0 0 -421382
21345 0 1673955030 875528 16 -3949283 0 0 -449312
21475 0 1673955030 907620 16 -3949858 0 0 -449642
21538 0 1673955030 923516 16 -3950433 0 0 -421432
21643 0 1673955030 939558 16 -3951008 0 0 -449782
21684 0 1673955030 955560 16 -3951583 0 0 -449925
21726 0 1673955030 987554 16 -3952158 0 0 -449890
21735 0 1673955031 3538 16 -3952733 0 0 -421784
21709 0 1673955031 19520 16 -3953308 0 0 -449871
21665 0 1673955031 35520 16 -3953882 0 0 -449586
21595 0 1673955031 67491 16 -3954457 0 0 -449796
21504 0 1673955031 83413 16 -3955033 0 0 -421377
21422 0 1673955031 99451 16 -3955608 0 0 -449808
21234 0 1673955031 115420 16 -3956183 0 0 -449308
21119 0 1673955031 147349 16 -3956757 0 0 -449466
20969 0 1673955031 163376 16 -3957332 0 0 -421459
20870 0 1673955031 179354 16 -3957907 0 0 -449436
20790 0 1673955031 195385 16 -3958482 0 0 -449457
20688 0 1673955031 227388 16 -3959057 0 0 -449383
20559 0 1673955031 243361 16 -3959632 0 0 -421304
20487 0 1673955031 259357 16 -3960207 0 0 -449401
20460 0 1673955031 291183 16 -3960782 0 0 -449140
20506 0 1673955031 307212 16 -3961357 0 0 -421350
20557 0 1673955031 323238 16 -3961932 0 0 -421237
20604 0 1673955031 339212 16 -3962507 0 0 -449160
20671 0 1673955031 371098 16 -3963082 0 0 -449346
20761 0 1673955031 387177 16 -3963657 0 0 -421293
20910 0 1673955031 403048 16 -3964232 0 0 -421126
21048 0 1673955031 419141 16 -3964807 0 0 -449661
21217 0 1673955031 451136 16 -3965382 0 0 -449241
21298 0 1673955031 466990 16 -3965957 0 0 -421156
21385 0 1673955031 483077 16 -3966532 0 0 -449595
21495 0 1673955031 499043 16 -3967107 0 0 -449393
21581 0 1673955031 531002 16 -3967682 0 0 -449604
21648 0 1673955031 547006 16 -3968257 0 0 -421472
21701 0 1673955031 562978 16 -3968832 0 0 -449434
21726 0 1673955031 578895 16 -3969407 0 0 -449808
21737 0 1673955031 610945 16 -3969982 0 0 -449645
21715 0 1673955031 626963 16 -3970557 0 0 -421849
21673 0 1673955031 642947 16 -3971132 0 0 -449858
21557 0 1673955031 658882 16 -3971707 0 0 -449397
21375 0 1673955031 690899 16 -3972282 0 0 -449930
21183 0 1673955031 706869 16 -3972857 0 0 -421719
21044 0 1673955031 722891 16 -3973432 0 0 -449865
20888 0 1673955031 738818 16 -3974007 0 0 -449802
20745 0 1673955031 770860 16 -3974582 0 0 -449961
20632 0 1673955031 786805 16 -3975157 0 0 -421555
20537 0 1673955031 802696 16 -3975732 0 0 -449869
20486 0 1673955031 834750 16 -3976306 0 0 -450219
20473 0 1673955031 850783 16 -3976881 0 0 -422039
20487 0 1673955031 866769 16 -3977456 0 0 -421694
20544 0 1673955031 882746 16 -3978032 0 0 -449932
20660 0 1673955031 914723 16 -3978606 0 0 -449810
20777 0 1673955031 930644 16 -3979181 0 0 -421831
20883 0 1673955031 946694 16 -3979756 0 0 -421852
20965 0 1673955031 962580 16 -3980331 0 0 -449790
21077 0 1673955031 994646 16 -3980906 0 0 -450000
21216 0 1673955032 10679 16 -3981481 0 0 -421579
21352 0 1673955032 26697 16 -3982056 0 0 -449587
21500 0 1673955032 42632 16 -3982631 0 0 -449639
21581 0 1673955032 74502 16 -3983206 0 0 -449721
21638 0 1673955032 90473 16 -3983781 0 0 -421777
21672 0 1673955032 106576 16 -3984356 0 0 -449934
21717 0 1673955032 122557 16 -3984931 0 0 -449297
21716 0 1673955032 154450 16 -3985506 0 0 -449538
21699 0 1673955032 170355 16 -3986081 0 0 -421153
21633 0 1673955032 186523 16 -3986656 0 0 -449623
21537 0 1673955032 202482 16 -3987231 0 0 -449155
21421 0 1673955032 234467 16 -3987806 0 0 -449362
21270 0 1673955032 250469 16 -3988381 0 0 -421070
21031 0 1673955032 266444 16 -3988956 0 0 -449025
20872 0 1673955032 282426 16 -3989531 0 0 -449011
20672 0 1673955032 314399 16 -3990106 0 0 -449433
20603 0 1673955032 330330 16 -3990681 0 0 -421314
20567 0 1673955032 346399 16 -3991256 0 0 -449539
20525 0 1673955032 362391 16 -3991831 0 0 -448963
20493 0 1673955032 394178 16 -3992406 0 0 -449574
20507 0 1673955032 410268 16 -3992981 0 0 -421542
20579 0 1673955032 426295 16 -3993556 0 0 -449291
20675 0 1673955032 458238 16 -3994131 0 0 -449203
20698 0 1673955032 474176 16 -3994706 0 0 -421089
20725 0 1673955032 490261 16 -3995281 0 0 -421244
20847 0 1673955032 506267 16 -3995856 0 0 -449000
20960 0 1673955032 538307 16 -3996431 0 0 -448736
21124 0 1673955032 554224 16 -3997006 0 0 -420866
21184 0 1673955032 570217 0 -3997580 0 0 -421032
21159 0 1673955032 586196 0 -3998112 0 0 -444744
21100 0 1673955032 618170 0 -3998578 0 0 -434473
21021 0 1673955032 634175 0 -3998978 0 0 -397963
20959 0 1673955032 650147 0 -3999312 0 0 -402443
20889 0 1673955032 666149 0 -3999580 0 0 -372290
20806 0 1673955032 698122 0 -3999782 0 0 -336159
20702 0 1673955032 714125 0 -3999918 0 0 -286674
20599 0 1673955032 730058 0 -3999989 0 0 -265565
20533 0 1673955032 746002 32 -4000000 0 0 -210297
