932757 0 1673951942 199441 0 -31017 0 0 -891350
932771 0 1673951942 215355 0 -32216 0 0 -843056
932345 0 1673951942 231378 0 -33426 0 0 -853793
931187 0 1673951942 247432 0 -34648 0 0 -918473
929977 0 1673951942 279400 0 -35882 0 0 -928081
928635 0 1673951942 295421 0 -37128 0 0 -877946
927712 0 1673951942 311393 0 -38385 0 0 -887997
926985 0 1673951942 327436 0 -39654 0 0 -955351
925955 0 1673951942 359367 0 -40936 0 0 -965220
924664 0 1673951942 375295 0 -42228 0 0 -912379
923336 0 1673951942 391293 0 -43533 0 0 -981806
921986 0 1673951942 407331 0 -44850 0 0 -991633
920855 0 1673951942 439348 0 -46178 0 0 -1001848
919967 0 1673951942 455302 0 -47518 0 0 -947141
919305 0 1673951942 471266 0 -48870 0 0 -1018652
918752 0 1673951942 487292 0 -50233 0 0 -1029465
918354 0 1673951942 519245 0 -51609 0 0 -1039479
917812 0 1673951942 535247 0 -52996 0 0 -982443
917117 0 1673951942 551178 0 -54395 0 0 -1055825
916438 0 1673951942 567219 0 -55806 0 0 -1066197
915799 0 1673951942 599061 0 -57228 0 0 -1076080
915262 0 1673951942 615056 0 -58663 0 0 -1017116
914924 0 1673951942 631136 0 -60109 0 0 -1092976
914750 0 1673951942 647142 0 -61567 0 0 -1102238
914565 0 1673951942 679126 0 -63037 0 0 -1112334
914426 0 1673951942 695107 0 -64519 0 0 -1050576
914122 0 1673951942 711091 0 -66012 0 0 -1128726
913627 0 1673951942 727108 0 -67517 0 0 -1139242
913020 0 1673951942 758960 0 -69034 0 0 -1148839
912505 0 1673951942 774964 0 -70563 0 0 -1085332
912008 0 1673951942 791042 0 -72103 0 0 -1165269
911699 0 1673951942 822913 0 -73655 0 0 -1174841
911575 0 1673951942 839007 0 -75220 0 0 -1109892
911505 0 1673951942 855031 0 -76796 0 0 -1119399
911403 0 1673951942 870993 0 -78384 0 0 -1201845
911295 0 1673951942 902971 0 -79983 0 0 -1212395
911175 0 1673951942 918951 0 -81594 0 0 -1143991
911145 0 1673951942 935039 0 -83217 0 0 -1154699
913002 0 1673951942 950968 0 -84852 0 0 -1238488
913688 0 1673951942 982924 0 -86499 0 0 -1249692
913363 0 1673951942 998840 0 -88158 0 0 -1179982
910486 0 1673951943 14901 0 -89828 0 0 -1267203
910402 0 1673951943 30910 0 -91510 0 0 -1277830
911065 0 1673951943 62895 0 -93203 0 0 -1288223
912521 0 1673951943 78873 0 -94909 0 0 -1215039
911218 0 1673951943 94867 0 -96626 0 0 -1304229
910252 0 1673951943 110863 0 -98356 0 0 -1314544
910255 0 1673951943 142862 0 -100097 0 0 -1325811
910416 0 1673951943 158836 0 -101850 0 0 -1249853
910518 0 1673951943 174840 0 -103614 0 0 -1341281
910691 0 1673951943 190796 0 -105390 0 0 -1350729
910806 0 1673951943 222786 0 -107178 0 0 -1362186
911290 0 1673951943 238762 0 -108978 0 0 -1284865
911745 0 1673951943 254749 0 -110790 0 0 -1378744
911746 0 1673951943 270738 0 -112614 0 0 -1389107
911704 0 1673951943 302700 0 -114449 0 0 -1399421
911721 0 1673951943 318705 0 -116296 0 0 -1319652
912099 0 1673951943 334675 0 -118155 0 0 -1415539
912562 0 1673951943 366672 0 -120026 0 0 -1426052
913036 0 1673951943 382660 0 -121908 0 0 -1344561
913770 0 1673951943 398673 0 -123803 0 0 -1354667
912009 0 1673951943 414648 0 -125709 0 0 -1452731
910019 0 1673951943 446600 0 -127627 0 0 -1463110
910548 0 1673951943 462634 0 -129557 0 0 -1379220
911193 0 1673951943 478553 0 -131498 0 0 -1389046
911257 0 1673951943 494572 0 -133451 0 0 -1490446
911446 0 1673951943 526595 0 -135416 0 0 -1500627
911633 0 1673951943 542547 0 -137393 0 0 -1414033
912029 0 1673951943 558557 0 -139381 0 0 -1516854
912284 0 1673951943 574532 0 -141382 0 0 -1526945
912176 0 1673951943 606532 0 -143394 0 0 -1537755
912092 0 1673951943 622487 0 -145419 0 0 -1449034
912067 0 1673951943 638471 0 -147455 0 0 -1554043
911932 0 1673951943 654442 0 -149502 0 0 -1564997
911853 0 1673951943 686380 0 -151561 0 0 -1574743
911840 0 1673951943 702552 0 -153633 0 0 -1484445
911846 0 1673951943 718442 0 -155715 0 0 -1589139
911849 0 1673951943 734416 0 -157810 0 0 -1600420
911855 0 1673951943 766421 0 -159917 0 0 -1611228
911897 0 1673951943 782364 0 -162035 0 0 -1517838
911903 0 1673951943 798422 0 -164166 0 0 -1627811
911816 0 1673951943 814410 0 -166307 0 0 -1636749
911785 0 1673951943 846355 0 -168461 0 0 -1647156
911753 0 1673951943 862328 0 -170626 0 0 -1551611
911742 0 1673951943 878326 0 -172804 0 0 -1663298
911759 0 1673951943 910240 4 -174993 0 0 -1675936
911779 0 1673951943 926265 0 -177193 0 0 -1577642
911760 0 1673951943 942254 0 -179407 0 0 -1587419
911708 0 1673951943 958225 0 -181631 0 0 -1701354
911623 0 1673951943 990262 0 -183867 0 0 -1711260
911573 0 1673951944 6174 0 -186115 0 0 -1612572
911539 0 1673951944 22257 0 -188375 0 0 -1623986
911539 0 1673951944 38264 0 -190647 0 0 -1738821
911611 0 1673951944 70160 0 -192930 0 0 -1748618
911647 0 1673951944 86088 0 -195226 0 0 -1647297
911669 0 1673951944 102180 4 -197533 0 0 -1765897
911685 0 1673951944 118144 4 -199851 0 0 -1775096
911664 0 1673951944 150142 0 -202182 0 0 -1785909
911638 0 1673951944 166051 0 -204524 0 0 -1681516
911667 0 1673951944 182096 0 -206878 0 0 -1803075
911671 0 1673951944 198024 0 -209244 0 0 -1811558
911685 0 1673951944 229962 0 -211622 0 0 -1824104
911701 0 1673951944 245957 0 -214012 0 0 -1718178
911705 0 1673951944 261931 0 -216413 0 0 -1840249
911753 0 1673951944 278003 0 -218827 0 0 -1850064
911776 0 1673951944 309976 0 -221251 0 0 -1860649
911767 0 1673951944 325881 0 -223688 0 0 -1751594
911723 0 1673951944 341985 0 -226137 0 0 -1877820
911618 0 1673951944 357977 0 -228597 0 0 -1885305
911532 0 1673951944 389943 0 -231069 0 0 -1896425
911484 0 1673951944 405872 0 -233553 0 0 -1784567
911455 0 1673951944 421957 0 -236049 0 0 -1912478
911472 0 1673951944 453893 0 -238556 0 0 -1921462
911467 0 1673951944 469858 0 -241076 0 0 -1808630
911439 0 1673951944 485812 0 -243607 0 0 -1820682
911429 0 1673951944 501884 0 -246150 0 0 -1950643
911395 0 1673951944 533870 0 -248704 0 0 -1958351
911378 0 1673951944 549814 0 -251271 0 0 -1845065
911383 0 1673951944 565773 0 -253849 0 0 -1856180
911440 0 1673951944 581781 0 -256439 0 0 -1988341
911489 0 1673951944 613787 0 -259041 0 0 -1997479
911523 0 1673951944 629789 0 -261654 0 0 -1881513
911537 0 1673951944 645779 0 -264280 0 0 -2014632
911572 0 1673951944 661782 0 -266917 0 0 -2024603
911600 0 1673951944 693760 0 -269566 0 0 -2034190
911611 0 1673951944 709735 0 -272227 0 0 -1915915
911603 0 1673951944 725656 0 -274900 0 0 -2051962
911604 0 1673951944 741728 0 -277584 0 0 -2062729
911661 0 1673951944 773660 0 -280280 0 0 -2071252
911695 0 1673951944 789667 0 -282988 0 0 -1949785
911720 0 1673951944 805736 0 -285707 0 0 -2087633
911720 0 1673951944 821726 0 -288439 0 0 -2096871
911693 0 1673951944 853649 0 -291182 0 0 -2107229
911652 0 1673951944 869598 0 -293938 0 0 -1983481
911642 0 1673951944 885607 0 -296704 0 0 -2124440
911643 0 1673951944 901599 0 -299483 0 0 -2134231
911668 0 1673951944 933599 0 -302273 0 0 -2143418
911692 0 1673951944 949561 0 -305076 0 0 -2018182
911700 0 1673951944 965575 0 -307890 0 0 -2161132
911680 0 1673951944 981573 0 -310716 0 0 -2171457
911608 0 1673951945 13523 0 -313553 0 0 -2182891
911635 0 1673951945 29492 0 -316403 0 0 -2054230
911616 0 1673951945 45411 0 -319264 0 0 -2199272
911579 0 1673951945 77504 0 -322138 0 0 -2210383
911611 0 1673951945 93366 0 -325022 0 0 -2079561
911721 0 1673951945 109495 0 -327919 0 0 -2092336
911771 0 1673951945 125353 0 -330827 0 0 -2237183
911800 0 1673951945 157426 0 -333748 0 0 -2249533
911778 0 1673951945 173348 0 -336680 0 0 -2116636
911723 0 1673951945 189369 0 -339624 0 0 -2128459
911713 0 1673951945 205397 0 -342579 0 0 -2277277
911731 0 1673951945 237412 0 -345546 0 0 -2286580
911773 0 1673951945 253352 0 -348525 0 0 -2149878
911815 0 1673951945 269286 0 -351517 0 0 -2302753
911803 0 1673951945 285260 0 -354520 0 0 -2311858
911772 0 1673951945 317312 0 -357535 0 0 -2325058
911707 0 1673951945 333253 0 -360561 0 0 -2184764
911651 0 1673951945 349316 0 -363599 0 0 -2339704
911663 0 1673951945 365324 0 -366649 0 0 -2347479
911658 0 1673951945 397295 0 -369710 0 0 -2358059
911849 0 1673951945 413279 0 -372784 0 0 -2219053
911766 0 1673951945 429272 0 -375869 0 0 -2375233
911759 0 1673951945 445248 0 -378966 0 0 -2384520
911699 0 1673951945 477233 0 -382075 0 0 -2394113
911588 0 1673951945 493176 0 -385196 0 0 -2251664
911591 0 1673951945 509218 0 -388328 0 0 -2411103
911720 0 1673951945 525156 0 -391473 0 0 -2419650
911802 0 1673951945 557097 0 -394629 0 0 -2432368
911670 0 1673951945 573178 0 -397796 0 0 -2288516
911529 0 1673951945 588971 0 -400976 0 0 -2447265
911498 0 1673951945 621097 0 -404167 0 0 -2461399
911502 0 1673951945 636919 0 -407370 0 0 -2314609
911578 0 1673951945 652983 0 -410586 0 0 -2328135
911659 0 1673951945 668997 0 -413812 0 0 -2489455
911674 0 1673951945 701035 0 -417051 0 0 -2498534
911599 0 1673951945 716945 0 -420301 0 0 -2350713
911456 0 1673951945 732989 0 -423563 0 0 -2361667
911446 0 1673951945 748990 0 -426837 0 0 -2525593
911559 0 1673951945 780837 0 -430123 0 0 -2537488
911668 0 1673951945 796930 0 -433421 0 0 -2383592
911703 0 1673951945 812933 0 -436730 0 0 -2549086
911610 0 1673951945 828909 0 -440052 0 0 -2555843
911463 0 1673951945 860875 0 -443384 0 0 -2567939
911404 0 1673951945 876877 0 -446729 0 0 -2415410
911502 0 1673951945 892863 0 -450086 0 0 -2584698
911619 0 1673951945 908765 0 -453454 0 0 -2593536
911654 0 1673951945 940838 0 -456834 0 0 -2606798
911604 0 1673951945 956796 0 -460227 0 0 -2451217
911472 0 1673951945 972784 0 -463630 0 0 -2622607
911298 0 1673951945 988747 0 -467045 0 0 -2635076
911335 0 1673951946 20739 0 -470473 0 0 -2646264
911535 0 1673951946 36675 0 -473912 0 0 -2488347
911694 0 1673951946 52883 0 -477362 0 0 -2663110
911619 0 1673951946 68681 0 -480825 0 0 -2669163
911428 0 1673951946 100681 0 -484300 0 0 -2683663
911360 0 1673951946 116689 0 -487787 0 0 -2521815
911576 0 1673951946 132620 0 -491284 0 0 -2697851
911770 0 1673951946 164667 0 -494794 0 0 -2708910
911673 0 1673951946 180652 0 -498316 0 0 -2546884
911398 0 1673951946 196561 0 -501849 0 0 -2556686
911249 0 1673951946 212550 0 -505394 0 0 -2736896
911389 0 1673951946 244504 0 -508951 0 0 -2746231
911668 0 1673951946 260578 0 -512520 0 0 -2586906
911740 0 1673951946 276553 0 -516101 0 0 -2591308
911524 0 1673951946 292532 0 -519693 0 0 -2772375
911287 0 1673951946 324533 0 -523297 0 0 -2783457
911320 0 1673951946 340493 0 -526913 0 0 -2615756
911611 0 1673951946 356533 0 -530541 0 0 -2799220
911775 0 1673951946 372488 0 -534180 0 0 -2808362
911584 0 1673951946 404459 0 -537832 0 0 -2817837
911282 0 1673951946 420396 0 -541494 0 0 -2649205
911268 0 1673951946 436376 0 -545170 0 0 -2835090
911533 0 1673951946 452371 0 -548857 0 0 -2847503
911745 0 1673951946 484460 0 -552555 0 0 -2857418
911625 0 1673951946 500442 0 -556265 0 0 -2685652
911357 0 1673951946 516329 0 -559987 0 0 -2872981
911274 0 1673951946 532385 0 -563721 0 0 -2885038
911460 0 1673951946 564269 0 -567467 0 0 -2895098
911647 0 1673951946 580330 0 -571225 0 0 -2721615
911629 0 1673951946 596333 0 -574994 0 0 -2909313
911481 0 1673951946 612281 0 -578775 0 0 -2918079
911352 0 1673951946 644310 0 -582567 0 0 -2929089
911412 0 1673951946 660167 0 -586372 0 0 -2753466
911586 0 1673951946 676279 0 -590188 0 0 -2948833
911621 0 1673951946 708160 0 -594017 0 0 -2956274
911508 0 1673951946 724203 0 -597857 0 0 -2777232
911415 0 1673951946 740169 0 -601709 0 0 -2787851
911483 0 1673951946 756256 0 -605572 0 0 -2981737
911597 0 1673951946 788180 0 -609448 0 0 -2991537
911612 0 1673951946 804182 0 -613335 0 0 -2812614
911517 0 1673951946 820080 0 -617216 0 0 -2820051
911454 0 1673951946 836073 0 -621087 0 0 -3014881
911562 0 1673951946 868131 0 -624945 0 0 -3015787
911654 0 1673951946 884134 0 -628792 0 0 -2831962
911551 0 1673951946 900138 0 -632628 0 0 -3018301
911379 0 1673951946 916086 0 -636451 0 0 -3016384
911410 0 1673951946 948094 0 -640262 0 0 -3011716
911653 0 1673951946 963911 0 -644061 0 0 -2820700
911663 0 1673951946 980046 0 -647849 0 0 -3004655
911430 0 1673951946 996022 0 -651625 0 0 -2991363
911262 0 1673951947 27967 0 -655389 0 0 -2979040
911369 0 1673951947 43833 0 -659141 0 0 -2785636
911583 0 1673951947 59951 0 -662882 0 0 -2966552
911648 0 1673951947 75919 0 -666611 0 0 -2953507
911480 0 1673951947 107909 0 -670327 0 0 -2943878
911329 0 1673951947 123966 0 -674033 0 0 -2751510
911280 0 1673951947 139887 0 -677727 0 0 -2925520
911437 0 1673951947 155929 0 -681407 0 0 -2912477
911493 0 1673951947 187885 0 -685078 0 0 -2904369
911434 0 1673951947 203850 0 -688736 0 0 -2715098
911381 0 1673951947 219755 0 -692382 0 0 -2888415
911341 0 1673951947 251801 0 -696017 0 0 -2877098
911283 0 1673951947 267796 0 -699639 0 0 -2692206
911340 0 1673951947 283795 0 -703250 0 0 -2681335
911558 0 1673951947 299783 0 -706849 0 0 -2851808
911585 0 1673951947 331742 0 -710436 0 0 -2842902
911375 0 1673951947 347717 0 -714012 0 0 -2656577
911129 0 1673951947 363737 0 -717576 0 0 -2647611
911114 0 1673951947 379685 0 -721128 0 0 -2815194
911377 0 1673951947 411684 0 -724668 0 0 -2805189
911625 0 1673951947 427646 0 -728196 0 0 -2620359
911661 0 1673951947 443636 0 -731712 0 0 -2787935
911330 0 1673951947 459637 0 -735217 0 0 -2777687
911072 0 1673951947 491616 0 -738710 0 0 -2767292
911246 0 1673951947 507471 0 -742191 0 0 -2586819
911543 0 1673951947 523591 0 -745661 0 0 -2753951
911577 0 1673951947 539577 0 -749119 0 0 -2740541
911358 0 1673951947 571532 0 -752564 0 0 -2730820
911285 0 1673951947 587539 0 -755998 0 0 -2551901
911371 0 1673951947 603500 0 -759421 0 0 -2713761
911439 0 1673951947 619388 0 -762831 0 0 -2703406
911355 0 1673951947 651474 0 -766230 0 0 -2695180
911261 0 1673951947 667444 0 -769616 0 0 -2518977
911365 0 1673951947 683451 0 -772992 0 0 -2679202
911652 0 1673951947 699461 0 -776355 0 0 -2665510
911753 0 1673951947 731381 0 -779707 0 0 -2657468
911483 0 1673951947 747368 0 -783046 0 0 -2484193
911009 0 1673951947 763358 0 -786374 0 0 -2641546
911110 0 1673951947 779337 0 -789690 0 0 -2631445
911873 0 1673951947 811338 0 -792994 0 0 -2620704
911919 0 1673951947 827203 0 -796287 0 0 -2447216
911225 0 1673951947 843267 0 -799568 0 0 -2605464
910587 0 1673951947 875244 0 -802837 0 0 -2593124
910884 0 1673951947 891105 0 -806093 0 0 -2423948
911742 0 1673951947 907216 0 -809339 0 0 -2416579
912136 0 1673951947 923129 0 -812572 0 0 -2566681
911529 0 1673951947 955154 0 -815794 0 0 -2557785
910668 0 1673951947 971230 0 -819004 0 0 -2390370
910483 0 1673951947 987208 0 -822203 0 0 -2378215
911065 0 1673951948 3128 0 -825389 0 0 -2528991
911821 0 1673951948 35110 0 -828563 0 0 -2517373
912018 0 1673951948 51072 0 -831726 0 0 -2353936
911731 0 1673951948 67108 0 -834877 0 0 -2503285
911258 0 1673951948 82926 0 -838016 0 0 -2489370
910946 0 1673951948 115043 0 -841143 0 0 -2484707
910990 0 1673951948 131018 0 -844259 0 0 -2319932
911296 0 1673951948 147018 0 -847363 0 0 -2466916
911468 0 1673951948 162998 0 -850455 0 0 -2457944
911533 0 1673951948 194969 0 -853535 0 0 -2447540
911533 0 1673951948 210959 0 -856604 0 0 -2286011
911451 0 1673951948 226976 0 -859660 0 0 -2430105
911226 0 1673951948 242960 0 -862705 0 0 -2418705
910892 0 1673951948 274880 0 -865738 0 0 -2409338
910716 0 1673951948 290900 0 -868759 0 0 -2248333
910785 0 1673951948 306883 0 -871769 0 0 -2390317
911124 0 1673951948 322909 0 -874767 0 0 -2379803
911498 0 1673951948 354818 0 -877753 0 0 -2368978
911715 0 1673951948 370742 0 -880727 0 0 -2213449
912102 0 1673951948 386816 0 -883689 0 0 -2354098
911787 0 1673951948 418737 0 -886640 0 0 -2342331
910666 0 1673951948 434816 0 -889579 0 0 -2189144
910172 0 1673951948 450812 0 -892505 0 0 -2176995
911619 0 1673951948 466789 0 -895421 0 0 -2313952
912663 0 1673951948 498765 0 -898324 0 0 -2304278
910628 0 1673951948 514734 0 -901215 0 0 -2152461
909635 0 1673951948 530725 0 -904096 0 0 -2143226
910955 0 1673951948 546740 0 -906964 0 0 -2277833
912016 0 1673951948 578681 0 -909820 0 0 -2265840
913070 0 1673951948 594630 0 -912664 0 0 -2118107
913023 0 1673951948 610690 0 -915497 0 0 -2251790
911688 0 1673951948 626651 0 -918318 0 0 -2241911
910000 0 1673951948 658651 0 -921127 0 0 -2232061
909504 0 1673951948 674636 0 -923924 0 0 -2084729
910729 0 1673951948 690660 0 -926709 0 0 -2215689
912079 0 1673951948 706579 0 -929483 0 0 -2204288
912968 0 1673951948 738586 0 -932245 0 0 -2195151
912877 0 1673951948 754574 0 -934994 0 0 -2050705
911628 0 1673951948 770516 0 -937733 0 0 -2179263
910228 0 1673951948 786724 0 -940460 0 0 -2168995
909644 0 1673951948 818520 0 -943174 0 0 -2156174
909728 0 1673951948 834392 0 -945877 0 0 -2014017
910381 0 1673951948 850490 0 -948568 0 0 -2142357
911891 0 1673951948 866470 0 -951247 0 0 -2130157
912727 0 1673951948 898432 0 -953915 0 0 -2120537
912560 0 1673951948 914462 0 -956570 0 0 -1979231
911560 0 1673951948 930451 0 -959215 0 0 -2102850
910542 0 1673951948 962267 0 -961847 0 0 -2092376
909961 0 1673951948 978363 0 -964467 0 0 -1953768
910081 0 1673951948 994346 0 -967075 0 0 -1945299
911132 0 1673951949 10317 0 -969672 0 0 -2066353
912031 0 1673951949 42300 0 -972257 0 0 -2054340
912729 0 1673951949 58268 0 -974830 0 0 -1920014
912324 0 1673951949 74248 0 -977392 0 0 -1909837
911101 0 1673951949 90149 0 -979942 0 0 -2029380
910220 0 1673951949 122226 0 -982479 0 0 -2020859
909594 0 1673951949 138266 0 -985005 0 0 -1886694
910161 0 1673951949 154190 0 -987519 0 0 -2002920
911440 0 1673951949 170104 0 -990022 0 0 -1995352
912352 0 1673951949 202141 0 -992513 0 0 -1986045
912621 0 1673951949 218125 0 -994992 0 0 -1854051
911769 0 1673951949 234097 0 -997459 0 0 -1969508
910529 0 1673951949 250101 0 -999914 0 0 -1958978
909503 0 1673951949 282075 0 -1002358 0 0 -1948255
909755 0 1673951949 298026 0 -1004789 0 0 -1817756
911317 0 1673951949 314052 0 -1007209 0 0 -1931767
912968 0 1673951949 330028 0 -1009618 0 0 -1921743
912916 0 1673951949 361918 0 -1012014 0 0 -1910479
911554 0 1673951949 377967 0 -1014398 0 0 -1782711
909833 0 1673951949 393957 4 -1016771 0 0 -1892836
909253 0 1673951949 409940 4 -1019132 0 0 -1882388
909676 0 1673951949 441922 0 -1021481 0 0 -1871860
911164 0 1673951949 457887 0 -1023818 0 0 -1747423
912762 0 1673951949 473910 0 -1026144 0 0 -1856272
913254 0 1673951949 505872 0 -1028458 0 0 -1844870
912069 0 1673951949 521754 0 -1030760 0 0 -1722534
910631 0 1673951949 537880 0 -1033050 0 0 -1713492
909376 0 1673951949 553866 0 -1035328 0 0 -1817407
909330 0 1673951949 585693 0 -1037595 0 0 -1807957
910137 0 1673951949 601852 0 -1039850 0 0 -1687952
911749 0 1673951949 617800 0 -1042093 0 0 -1675201
912622 0 1673951949 633786 4 -1044324 0 0 -1779607
913040 0 1673951949 665707 0 -1046543 0 0 -1768850
912926 0 1673951949 681743 0 -1048751 0 0 -1651277
912412 0 1673951949 697743 0 -1050947 0 0 -1752713
911029 0 1673951949 713746 0 -1053131 0 0 -1740700
909893 0 1673951949 745694 0 -1055303 0 0 -1732047
909354 0 1673951949 761690 0 -1057464 0 0 -1616155
910222 0 1673951949 777579 0 -1059612 0 0 -1715267
911599 0 1673951949 793571 0 -1061749 0 0 -1708529
912911 0 1673951949 825661 0 -1063874 0 0 -1697571
912980 0 1673951949 841622 0 -1065988 0 0 -1583615
911724 0 1673951949 857538 0 -1068090 0 0 -1681311
910243 0 1673951949 873599 0 -1070179 0 0 -1672420
909426 0 1673951949 905536 0 -1072257 0 0 -1661297
909789 0 1673951949 921456 0 -1074323 0 0 -1550306
910554 0 1673951949 937547 0 -1076377 0 0 -1646210
912067 0 1673951949 953516 0 -1078420 0 0 -1634776
912984 0 1673951949 985378 0 -1080451 0 0 -1623351
912989 0 1673951950 1471 0 -1082470 0 0 -1514739
911930 0 1673951950 17458 0 -1084477 0 0 -1606669
910418 0 1673951950 49252 0 -1086473 0 0 -1595974
909342 0 1673951950 65377 0 -1088457 0 0 -1488397
909405 0 1673951950 81319 0 -1090428 0 0 -1477226
909991 0 1673951950 97302 0 -1092388 0 0 -1568251
911313 0 1673951950 129333 0 -1094336 0 0 -1557093
912860 0 1673951950 145346 0 -1096273 0 0 -1453199
913268 0 1673951950 161270 0 -1098198 0 0 -1442309
912325 0 1673951950 177310 0 -1100110 0 0 -1530908
910893 0 1673951950 209295 0 -1102012 0 0 -1521324
909399 0 1673951950 225241 0 -1103901 0 0 -1418523
909082 0 1673951950 241211 0 -1105778 0 0 -1504942
909833 0 1673951950 257266 0 -1107644 0 0 -1496522
911178 0 1673951950 289157 0 -1109498 0 0 -1484854
912859 0 1673951950 305229 0 -1111340 0 0 -1384666
913511 0 1673951950 321227 0 -1113170 0 0 -1468088
912345 0 1673951950 337113 0 -1114989 0 0 -1457911
910710 0 1673951950 369030 0 -1116795 0 0 -1447934
909012 0 1673951950 385092 0 -1118590 0 0 -1350530
908778 0 1673951950 401084 0 -1120373 0 0 -1431699
909883 0 1673951950 417010 0 -1122145 0 0 -1420911
910967 0 1673951950 449033 0 -1123904 0 0 -1410918
912722 0 1673951950 465021 0 -1125652 0 0 -1315773
913731 0 1673951950 481006 0 -1127388 0 0 -1395183
914031 0 1673951950 497009 0 -1129112 0 0 -1385790
913592 0 1673951950 528983 0 -1130825 0 0 -1375385
912112 0 1673951950 544956 0 -1132525 0 0 -1280828
910427 0 1673951950 560938 0 -1134214 0 0 -1358173
908685 0 1673951950 592924 0 -1135891 0 0 -1348678
908062 0 1673951950 608824 0 -1137556 0 0 -1256879
908757 0 1673951950 624890 0 -1139210 0 0 -1246843
909880 0 1673951950 640840 0 -1140851 0 0 -1321148
911133 0 1673951950 672844 0 -1142481 0 0 -1311169
912714 0 1673951950 688753 0 -1144099 0 0 -1221645
914045 0 1673951950 704725 0 -1145705 0 0 -1212125
914331 0 1673951950 720905 0 -1147300 0 0 -1285084
913562 0 1673951950 752780 0 -1148883 0 0 -1272734
911107 0 1673951950 768750 0 -1150453 0 0 -1185741
909176 0 1673951950 784773 0 -1152012 0 0 -1256938
907965 0 1673951950 800772 0 -1153560 0 0 -1245354
907560 0 1673951950 832718 0 -1155096 0 0 -1235768
908475 0 1673951950 853368 0 -1156619 0 0 -1150580
910640 0 1673951950 864594 0 -1158131 0 0 -1185993
912130 0 1673951950 880612 0 -1159631 0 0 -1237038
914198 0 1673951950 912650 0 -1161120 0 0 -1226250
914867 0 1673951950 928642 0 -1162596 0 0 -1145365
914730 0 1673951950 944608 0 -1164061 0 0 -1211542
913486 0 1673951950 960604 0 -1165514 0 0 -1201207
911665 0 1673951950 992556 0 -1166955 0 0 -1191010
909354 0 1673951951 8548 0 -1168384 0 0 -1110881
907733 0 1673951951 24469 0 -1169802 0 0 -1174936
906949 0 1673951951 40507 0 -1171208 0 0 -1198515
906962 0 1673951951 72459 0 -1172602 0 0 -1125546
907868 0 1673951951 88488 0 -1173984 0 0 -1047881
909530 0 1673951951 104486 0 -1175355 0 0 -1109541
911798 0 1673951951 136466 0 -1176713 0 0 -1099037
913997 0 1673951951 152408 0 -1178060 0 0 -1022653
915596 0 1673951951 168476 0 -1179395 0 0 -1012740
915721 0 1673951951 184321 0 -1180718 0 0 -1071513
914877 0 1673951951 216301 0 -1182030 0 0 -1062345
912178 0 1673951951 232291 0 -1183329 0 0 -987827
909321 0 1673951951 248297 0 -1184617 0 0 -977876
907205 0 1673951951 264329 0 -1185893 0 0 -1034857
906140 0 1673951951 296258 0 -1187157 0 0 -1024404
906037 0 1673951951 312304 0 -1188410 0 0 -953088
907307 0 1673951951 328279 0 -1189651 0 0 -1008119
909384 0 1673951951 344282 0 -1190879 0 0 -997383
911204 0 1673951951 376241 0 -1192097 0 0 -987654
913877 0 1673951951 392186 0 -1193302 0 0 -917189
915945 0 1673951951 408190 0 -1194495 0 0 -970627
915854 0 1673951951 424161 0 -1195677 0 0 -960168
914850 0 1673951951 456033 0 -1196847 0 0 -950071
912211 0 1673951951 472206 0 -1198005 0 0 -883650
910902 0 1673951951 488172 0 -1199152 0 0 -933145
908804 0 1673951951 504072 0 -1200286 0 0 -923279
906866 0 1673951951 536085 0 -1201409 0 0 -913528
906019 0 1673951951 552053 0 -1202520 0 0 -848831
906035 0 1673951951 568031 0 -1203619 0 0 -897457
907043 0 1673951951 584042 0 -1204707 0 0 -886947
909503 0 1673951951 615959 0 -1205782 0 0 -876455
911922 0 1673951951 631975 0 -1206846 0 0 -814077
914314 0 1673951951 647945 0 -1207898 0 0 -859939
916027 0 1673951951 679937 4 -1208938 0 0 -850879
915865 0 1673951951 695928 0 -1209967 0 0 -790158
915077 0 1673951951 711915 0 -1210984 0 0 -779172
912697 0 1673951951 727911 4 -1211988 0 0 -823073
909973 0 1673951951 759856 4 -1212982 0 0 -812628
908974 0 1673951951 775871 4 -1213963 0 0 -754215
908086 0 1673951951 791859 0 -1214932 0 0 -743847
906914 0 1673951951 807862 0 -1215878 0 0 -784211
906247 0 1673951951 839817 4 -1216760 0 0 -767695
906040 0 1673951951 855799 4 -1217576 0 0 -705842
906044 0 1673951951 871810 4 -1218326 0 0 -728910
905822 0 1673951951 887835 4 -1219010 0 0 -696289
905911 0 1673951951 919753 0 -1219628 0 0 -658419
906223 0 1673951951 935776 0 -1220180 0 0 -588347
906273 0 1673951951 951754 0 -1220666 0 0 -587757
906249 0 1673951951 967645 0 -1221086 0 0 -534289
906150 0 1673951951 999714 0 -1221440 0 0 -476644
905983 0 1673951952 15720 0 -1221728 0 0 -404560
905842 0 1673951952 31702 0 -1221950 0 0 -386332
905814 0 1673951952 47659 0 -1222106 0 0 -328258
906127 0 1673951952 79629 0 -1222196 0 0 -270320
906665 0 1673951952 95486 0 -1222221 0 0 -211285
907313 0 1673951952 111586 32 -1222222 0 0 -184361
