239557 249528 1673605353 798461 16 19547 0 0 421022
239835 249605 1673605353 814167 16 20122 0 0 449315
240178 249571 1673605353 830223 16 20697 0 0 450565
241805 250546 1673605353 862523 16 21272 0 0 450267
241183 249851 1673605353 878158 16 21847 0 0 421934
241787 250285 1673605353 894329 16 22422 0 0 451347
241839 250431 1673605353 910436 16 22997 0 0 450841
234923 249853 1673605353 942407 16 23572 0 0 449551
229840 249610 1673605353 958239 16 24147 0 0 422303
236094 249629 1673605353 974295 16 24722 0 0 450997
239423 249568 1673605354 6405 16 25297 0 0 450583
232291 249626 1673605354 22454 16 25872 0 0 421359
227996 249565 1673605354 38260 16 26447 0 0 421384
231954 249640 1673605354 54143 16 27022 0 0 450410
238559 249630 1673605354 86183 16 27597 0 0 449513
240485 249721 1673605354 102351 16 28172 0 0 421995
237701 249657 1673605354 118366 16 28747 0 0 421785
235376 249723 1673605354 134421 16 29322 0 0 449783
233687 249658 1673605354 166366 16 29897 0 0 448995
232092 249692 1673605354 182401 16 30472 0 0 421163
230493 249656 1673605354 198110 16 31047 0 0 449212
228736 249721 1673605354 214401 16 31622 0 0 450424
227583 249676 1673605354 246379 16 32197 0 0 448732
227054 249710 1673605354 262040 16 32772 0 0 420261
227052 249647 1673605354 278045 16 33347 0 0 449588
227463 249737 1673605354 294313 16 33922 0 0 450154
228039 249683 1673605354 326359 16 34497 0 0 449282
229252 249705 1673605354 342302 16 35072 0 0 421357
230692 249608 1673605354 358096 16 35647 0 0 449586
232123 249712 1673605354 374302 16 36222 0 0 450441
233372 249692 1673605354 406314 16 36797 0 0 448687
234233 249696 1673605354 422279 16 37372 0 0 421603
235292 249597 1673605354 438260 16 37947 0 0 449783
236454 249723 1673605354 454327 16 38522 0 0 448635
237423 249691 1673605354 486300 16 39097 0 0 448418
238062 249687 1673605354 502102 16 39671 0 0 421242
238617 249633 1673605354 518099 16 40246 0 0 450062
239304 249735 1673605354 534218 16 40821 0 0 449872
239528 249675 1673605354 566185 16 41396 0 0 448725
239901 249727 1673605354 582223 16 41971 0 0 421391
240180 249615 1673605354 597993 16 42546 0 0 449345
240553 249683 1673605354 630260 16 43121 0 0 450041
240774 249669 1673605354 645952 16 43696 0 0 421665
240800 249703 1673605354 661911 16 44271 0 0 423002
240784 249584 1673605354 677924 16 44846 0 0 451247
240957 249692 1673605354 709972 16 45421 0 0 450498
241103 249639 1673605354 725934 16 45996 0 0 422369
241194 249644 1673605354 741946 16 46571 0 0 422918
241231 249582 1673605354 757943 16 47146 0 0 450923
241348 249626 1673605354 789922 16 47721 0 0 451066
241277 249546 1673605354 805920 16 48296 0 0 422190
241414 249628 1673605354 821923 16 48871 0 0 450505
241284 249542 1673605354 837924 16 49446 0 0 449392
241162 249659 1673605354 869906 16 50021 0 0 449245
240774 249525 1673605354 885903 16 50596 0 0 421230
240205 249607 1673605354 901909 16 51171 0 0 449359
239540 249565 1673605354 917909 16 51746 0 0 449204
238740 249669 1673605354 949891 16 52321 0 0 449246
237673 249551 1673605354 965927 16 52896 0 0 421175
236418 249556 1673605354 981906 16 53471 0 0 449107
234821 249564 1673605354 997873 16 54046 0 0 449174
233719 249610 1673605355 29859 16 54621 0 0 449300
232507 249551 1673605355 45887 16 55196 0 0 421240
231446 249616 1673605355 61785 16 55771 0 0 449202
229781 249558 1673605355 77766 16 56346 0 0 449552
228522 249616 1673605355 109840 16 56921 0 0 449640
227456 249518 1673605355 125813 16 57496 0 0 421499
227112 249575 1673605355 141846 16 58071 0 0 449654
226986 249494 1673605355 157845 16 58646 0 0 449664
227589 249590 1673605355 189800 16 59221 0 0 449594
228209 249556 1673605355 205791 16 59796 0 0 421441
229425 249587 1673605355 221791 16 60371 0 0 449537
230810 249529 1673605355 253771 16 60946 0 0 449635
233022 249603 1673605355 269747 16 61521 0 0 421216
234401 249509 1673605355 285728 16 62095 0 0 421136
235800 249518 1673605355 301758 16 62670 0 0 449344
237387 249506 1673605355 333763 16 63245 0 0 449144
239279 249536 1673605355 349724 16 63820 0 0 421179
240516 249486 1673605355 365751 16 64395 0 0 421312
241290 249556 1673605355 381716 16 64970 0 0 449254
241444 249508 1673605355 413737 16 65545 0 0 449346
241333 249550 1673605355 429753 16 66120 0 0 421251
240872 249517 1673605355 445744 16 66695 0 0 449254
239991 249478 1673605355 461655 16 67270 0 0 449299
238638 249445 1673605355 493714 16 67845 0 0 449546
237133 249598 1673605355 509672 16 68420 0 0 421523
235850 249486 1673605355 525694 16 68995 0 0 449752
234405 249501 1673605355 541665 16 69570 0 0 449537
232866 249498 1673605355 573666 16 70145 0 0 449734
231386 249530 1673605355 589662 16 70720 0 0 421534
230034 249475 1673605355 605648 16 71295 0 0 449642
228373 249455 1673605355 621648 16 71870 0 0 449748
227301 249471 1673605355 653649 16 72445 0 0 449716
226895 249498 1673605355 669620 16 73020 0 0 421325
226781 249392 1673605355 685617 16 73595 0 0 449555
227028 249393 1673605355 701602 16 74170 0 0 449418
228152 249415 1673605355 733575 16 74745 0 0 449547
229863 249532 1673605355 749562 16 75320 0 0 421393
231101 249500 1673605355 765573 16 75895 0 0 449516
232618 249463 1673605355 797595 16 76470 0 0 449463
234426 249447 1673605355 813559 16 77045 0 0 421318
236552 249541 1673605355 829543 16 77620 0 0 421445
238058 249532 1673605355 845533 16 78195 0 0 449578
239366 249506 1673605355 877520 16 78770 0 0 449511
240184 249453 1673605355 893524 16 79345 0 0 421436
240959 249526 1673605355 909543 16 79920 0 0 421369
241350 249523 1673605355 925547 16 80495 0 0 449355
241370 249521 1673605355 957467 16 81070 0 0 449296
240920 249525 1673605355 973543 16 81645 0 0 421328
240007 249574 1673605355 989544 16 82220 0 0 449158
238410 249569 1673605356 5548 16 82795 0 0 449028
236972 249564 1673605356 37469 16 83370 0 0 448958
235525 249592 1673605356 53516 16 83945 0 0 420916
233505 249551 1673605356 69524 16 84520 0 0 448816
231655 249536 1673605356 85504 16 85094 0 0 448705
230157 249566 1673605356 117524 16 85669 0 0 448842
228605 249591 1673605356 133509 16 86244 0 0 420762
227711 249584 1673605356 149550 16 86819 0 0 448821
227183 249584 1673605356 165452 16 87394 0 0 448942
226867 249550 1673605356 197390 16 87969 0 0 449292
227116 249574 1673605356 213389 16 88544 0 0 421284
227952 249580 1673605356 229482 16 89119 0 0 449295
229454 249562 1673605356 245480 16 89694 0 0 449135
230837 249538 1673605356 277427 16 90269 0 0 449267
232163 249601 1673605356 293422 16 90844 0 0 421167
233601 249652 1673605356 309425 16 91419 0 0 449279
235786 249662 1673605356 325436 16 91994 0 0 449215
237423 249594 1673605356 357407 16 92569 0 0 449320
239032 249640 1673605356 373408 16 93144 0 0 420924
240365 249663 1673605356 389401 16 93719 0 0 448942
240946 249633 1673605356 421409 16 94294 0 0 448963
241174 249580 1673605356 437381 16 94869 0 0 421204
241202 249714 1673605356 453375 16 95444 0 0 421296
240756 249726 1673605356 469377 16 96019 0 0 449346
240052 249736 1673605356 501364 16 96594 0 0 449322
238484 249623 1673605356 517349 16 97169 0 0 421267
236974 249721 1673605356 533342 16 97744 0 0 421359
236012 249697 1673605356 549340 16 98319 0 0 449434
234523 249726 1673605356 581320 16 98894 0 0 449444
232479 249682 1673605356 597317 16 99469 0 0 421361
230438 249675 1673605356 613330 16 100044 0 0 449455
229001 249714 1673605356 629320 16 100619 0 0 449311
227902 249771 1673605356 661306 16 101194 0 0 449325
227307 249699 1673605356 677262 16 101769 0 0 421268
226974 249761 1673605356 693314 16 102344 0 0 449488
227161 249716 1673605356 709295 16 102919 0 0 449253
227774 249762 1673605356 741340 16 103494 0 0 449295
228776 249654 1673605356 757314 16 104069 0 0 421173
230121 249733 1673605356 773297 16 104644 0 0 449323
231761 249668 1673605356 789299 16 105219 0 0 449372
233772 249763 1673605356 821299 16 105794 0 0 449411
235432 249699 1673605356 837244 16 106369 0 0 421299
236777 249752 1673605356 853258 16 106944 0 0 449557
238574 249685 1673605356 869253 16 107518 0 0 449255
239756 249745 1673605356 901243 16 108093 0 0 449455
240615 249662 1673605356 917209 16 108669 0 0 421369
241176 249741 1673605356 933210 16 109243 0 0 449507
241284 249723 1673605356 949213 16 109818 0 0 449412
240957 249745 1673605356 981207 16 110393 0 0 449342
240158 249661 1673605356 997187 16 110968 0 0 421278
238932 249772 1673605357 13183 16 111543 0 0 449424
237899 249697 1673605357 45129 16 112118 0 0 449245
236432 249727 1673605357 61144 16 112693 0 0 421362
234692 249656 1673605357 77117 16 113268 0 0 421292
232656 249668 1673605357 93087 16 113843 0 0 449406
230436 249673 1673605357 125156 16 114418 0 0 449490
228948 249713 1673605357 141148 16 114993 0 0 421356
227920 249620 1673605357 157130 16 115568 0 0 421395
227239 249653 1673605357 173156 16 116143 0 0 449529
226834 249670 1673605357 205153 16 116718 0 0 449368
226972 249753 1673605357 221127 16 117293 0 0 421280
227323 249632 1673605357 237109 16 117868 0 0 449400
228531 249717 1673605357 253110 16 118443 0 0 449516
229992 249627 1673605357 285106 16 119018 0 0 449418
231676 249640 1673605357 301080 16 119593 0 0 421240
233313 249569 1673605357 317064 16 120168 0 0 449468
235149 249661 1673605357 333065 16 120743 0 0 449496
236693 249652 1673605357 365106 16 121318 0 0 449429
238709 249677 1673605357 381081 16 121893 0 0 421408
240000 249633 1673605357 397081 16 122468 0 0 449569
240874 249695 1673605357 413139 16 123043 0 0 449478
241319 249661 1673605357 445050 16 123618 0 0 449212
241265 249628 1673605357 461017 16 124193 0 0 421218
240540 249608 1673605357 477064 16 124768 0 0 449406
239389 249705 1673605357 493062 16 125343 0 0 449150
237947 249619 1673605357 525006 16 125918 0 0 449101
236854 249650 1673605357 540922 16 126493 0 0 421078
235270 249675 1673605357 557006 16 127068 0 0 449486
233524 249724 1673605357 588966 16 127643 0 0 449105
230927 249631 1673605357 604979 16 128218 0 0 421064
229023 249658 1673605357 620981 16 128793 0 0 421221
228428 249571 1673605357 636983 16 129368 0 0 449212
227437 249665 1673605357 668958 16 129943 0 0 449089
226949 249613 1673605357 684962 16 130517 0 0 421151
227196 249576 1673605357 700889 16 131093 0 0 421227
228147 249525 1673605357 716943 16 131667 0 0 449413
229696 249691 1673605357 748913 16 132242 0 0 448928
229994 249682 1673605357 764909 16 132817 0 0 421172
231220 249681 1673605357 780913 16 133392 0 0 449227
233438 249634 1673605357 796907 16 133967 0 0 449258
235210 249648 1673605357 828922 16 134542 0 0 449286
236873 249638 1673605357 844873 16 135117 0 0 421204
238345 249669 1673605357 860837 16 135692 0 0 449479
239030 249616 1673605357 876905 16 136267 0 0 449523
239972 249656 1673605357 908903 16 136842 0 0 449126
240925 249689 1673605357 924907 16 137417 0 0 421240
241252 249673 1673605357 940786 16 137992 0 0 449276
240905 249599 1673605357 956908 16 138567 0 0 449690
239807 249630 1673605357 988885 16 139142 0 0 449279
238840 249587 1673605358 4880 16 139717 0 0 421202
237567 249629 1673605358 20859 16 140292 0 0 449309
235410 249574 1673605358 36862 16 140867 0 0 449210
232781 249600 1673605358 68886 16 141442 0 0 449073
230835 249544 1673605358 84879 16 142017 0 0 421213
229576 249598 1673605358 100854 16 142592 0 0 449312
228400 249589 1673605358 116854 16 143167 0 0 449414
227545 249552 1673605358 148812 16 143742 0 0 448986
227085 249531 1673605358 164804 16 144317 0 0 421372
227153 249531 1673605358 180831 16 144892 0 0 449456
227433 249494 1673605358 212785 16 145467 0 0 449344
228078 249537 1673605358 228880 16 146042 0 0 421234
229263 249462 1673605358 244761 16 146617 0 0 420913
230602 249436 1673605358 260747 16 147192 0 0 449431
231578 249440 1673605358 292789 16 147767 0 0 449456
232932 249501 1673605358 308775 16 148342 0 0 421255
234453 249501 1673605358 324784 16 148917 0 0 421304
235818 249528 1673605358 340818 16 149492 0 0 449312
236850 249489 1673605358 372782 16 150067 0 0 449165
238272 249535 1673605358 388775 16 150642 0 0 421215
239195 249520 1673605358 404756 16 151217 0 0 449275
240197 249464 1673605358 420746 16 151792 0 0 449673
241016 249509 1673605358 452752 16 152366 0 0 449190
241232 249550 1673605358 468746 16 152941 0 0 421059
241218 249533 1673605358 484759 16 153516 0 0 449193
241021 249514 1673605358 500741 16 154091 0 0 449099
240307 249553 1673605358 532703 16 154666 0 0 449193
239365 249571 1673605358 548681 16 155241 0 0 421270
238128 249593 1673605358 564711 16 155816 0 0 449392
236736 249575 1673605358 580673 16 156391 0 0 449262
235243 249567 1673605358 612661 16 156966 0 0 449329
233160 249590 1673605358 628743 16 157541 0 0 421326
231595 249619 1673605358 644654 16 158116 0 0 449121
229716 249409 1673605358 660709 16 158691 0 0 449414
228327 249512 1673605358 692673 16 159266 0 0 449267
227467 249618 1673605358 708649 16 159841 0 0 421159
227130 249633 1673605358 724657 16 160416 0 0 449287
227176 249666 1673605358 740671 16 160991 0 0 449181
227804 249692 1673605358 772656 16 161566 0 0 449237
228922 249661 1673605358 788620 16 162141 0 0 421041
229594 249682 1673605358 804619 16 162716 0 0 449233
230270 249636 1673605358 836623 16 163291 0 0 449523
232077 249683 1673605358 852604 16 163866 0 0 421129
234271 249668 1673605358 868607 16 164441 0 0 421388
236222 249650 1673605358 884601 16 165016 0 0 449422
237455 249604 1673605358 916556 16 165591 0 0 449359
238714 249721 1673605358 932573 16 166166 0 0 421350
240031 249707 1673605358 948584 16 166741 0 0 421340
240924 249694 1673605358 964544 16 167316 0 0 449364
241228 249656 1673605358 996480 16 167891 0 0 449378
241296 249754 1673605359 12498 16 168466 0 0 421355
240969 249732 1673605359 28544 16 169041 0 0 449371
240175 249696 1673605359 44455 16 169616 0 0 449144
238879 249630 1673605359 76559 16 170191 0 0 449468
237458 249669 1673605359 92485 16 170766 0 0 421280
236196 249653 1673605359 108474 16 171341 0 0 449578
234568 249720 1673605359 124471 16 171916 0 0 449676
232579 249600 1673605359 156545 16 172491 0 0 449725
230142 249636 1673605359 172534 16 173066 0 0 421443
228945 249618 1673605359 188539 16 173641 0 0 449502
228129 249715 1673605359 204534 16 174216 0 0 449547
227330 249649 1673605359 236540 16 174790 0 0 449628
226919 249694 1673605359 252534 16 175365 0 0 421233
227258 249576 1673605359 268535 16 175940 0 0 449421
227581 249605 1673605359 284525 16 176515 0 0 449156
228190 249497 1673605359 316525 16 177090 0 0 449153
229801 249576 1673605359 332458 16 177665 0 0 421066
231877 249522 1673605359 348463 16 178240 0 0 449443
234050 249609 1673605359 380388 16 178815 0 0 449387
235880 249831 1673605359 396433 16 179390 0 0 421394
237984 249854 1673605359 412369 16 179965 0 0 421317
239211 249631 1673605359 428382 16 180540 0 0 449624
240273 249602 1673605359 460347 16 181115 0 0 449557
240805 249454 1673605359 476403 16 181690 0 0 421515
241195 249610 1673605359 492409 16 182265 0 0 421284
240885 249634 1673605359 508394 16 182840 0 0 449340
240188 249597 1673605359 540391 16 183415 0 0 449156
239352 249554 1673605359 556380 16 183990 0 0 421100
238103 249641 1673605359 572386 16 184565 0 0 449149
236203 249622 1673605359 588365 16 185140 0 0 449285
234363 249670 1673605359 620376 16 185715 0 0 449134
232427 249603 1673605359 636364 16 186290 0 0 421093
230799 249669 1673605359 652390 16 186865 0 0 449181
229342 249604 1673605359 668338 16 187440 0 0 449286
228112 249599 1673605359 700326 16 188015 0 0 449490
227238 249443 1673605359 716322 16 188590 0 0 421372
227029 249592 1673605359 732306 16 189165 0 0 449459
227122 249492 1673605359 748301 16 189740 0 0 449477
227561 249536 1673605359 780312 16 190315 0 0 449515
228197 249408 1673605359 796337 16 190890 0 0 421356
230082 249444 1673605359 812224 16 191465 0 0 449354
231338 249363 1673605359 828270 16 192040 0 0 449711
233460 249363 1673605359 860303 16 192615 0 0 449641
235426 249205 1673605359 876280 16 193190 0 0 421353
237046 249231 1673605359 892301 16 193765 0 0 449500
238258 249130 1673605359 908296 16 194340 0 0 449412
239468 249124 1673605359 940298 16 194915 0 0 449373
240488 248934 1673605359 956242 16 195490 0 0 421278
241069 248870 1673605359 972261 16 196065 0 0 449561
241178 248774 1673605360 4240 16 196639 0 0 449484
240807 248712 1673605360 20175 16 197214 0 0 421027
240041 248514 1673605360 36243 16 197789 0 0 421417
239086 248491 1673605360 52242 16 198364 0 0 449285
237589 248312 1673605360 84214 16 198939 0 0 449207
235985 248320 1673605360 100223 16 199514 0 0 421229
234045 248140 1673605360 116206 16 200089 0 0 421180
232337 248068 1673605360 132170 16 200664 0 0 449318
231091 247868 1673605360 164172 16 201239 0 0 449247
229666 247751 1673605360 180173 16 201814 0 0 421334
228096 247573 1673605360 196238 16 202389 0 0 449388
227101 247430 1673605360 212138 16 202964 0 0 448932
226746 247276 1673605360 244152 16 203539 0 0 449522
226863 247176 1673605360 260145 16 204114 0 0 421430
227383 246951 1673605360 276157 16 204689 0 0 449507
228172 246949 1673605360 292162 16 205264 0 0 449496
229426 246867 1673605360 324147 16 205839 0 0 449419
231110 246830 1673605360 340138 16 206414 0 0 421229
232845 246662 1673605360 356139 16 206989 0 0 449339
234738 246597 1673605360 372138 16 207564 0 0 449339
236073 246621 1673605360 404144 16 208139 0 0 449569
238053 246674 1673605360 420097 16 208714 0 0 421135
239588 246699 1673605360 436121 16 209289 0 0 449389
240724 246822 1673605360 452121 16 209864 0 0 449280
241156 246823 1673605360 484101 16 210439 0 0 449322
241208 246899 1673605360 500097 16 211014 0 0 421281
240934 246929 1673605360 516094 16 211589 0 0 449358
240108 247043 1673605360 532094 16 212164 0 0 449337
238706 247111 1673605360 564095 16 212739 0 0 449340
236881 247241 1673605360 580098 16 213314 0 0 421260
234837 247330 1673605360 596130 16 213889 0 0 449331
232898 247326 1673605360 628063 16 214464 0 0 449053
231262 247437 1673605360 644078 16 215039 0 0 421120
229790 247447 1673605360 660075 16 215614 0 0 421068
228097 247373 1673605360 676049 16 216189 0 0 449137
227059 247554 1673605360 708058 16 216764 0 0 449214
226562 247529 1673605360 724027 16 217338 0 0 421071
226773 247670 1673605360 740061 16 217913 0 0 421180
227178 247669 1673605360 756072 16 218488 0 0 449138
228110 247810 1673605360 788038 16 219063 0 0 449110
229485 247895 1673605360 804038 16 219638 0 0 421175
231539 248056 1673605360 820038 16 220213 0 0 449193
233323 248177 1673605360 836015 16 220788 0 0 449245
235176 248234 1673605360 868018 16 221363 0 0 449315
236579 248287 1673605360 884003 16 221938 0 0 421145
238100 248353 1673605360 899952 16 222513 0 0 449331
239527 248445 1673605360 915995 16 223088 0 0 449401
240650 248510 1673605360 947959 16 223663 0 0 449370
241175 248592 1673605360 963970 16 224238 0 0 421364
240925 248610 1673605360 979946 16 224813 0 0 449372
240346 248696 1673605360 996009 16 225388 0 0 449456
238921 248771 1673605361 27955 16 225963 0 0 449236
236899 248770 1673605361 43957 16 226538 0 0 421126
234605 248825 1673605361 59933 16 227113 0 0 449198
232523 248869 1673605361 75936 16 227688 0 0 449230
230487 248912 1673605361 107929 16 228263 0 0 449040
228931 248994 1673605361 123908 16 228838 0 0 421120
228356 249043 1673605361 139913 16 229413 0 0 449239
227443 249076 1673605361 171891 16 229988 0 0 449260
226744 249113 1673605361 187851 16 230563 0 0 421118
226945 249173 1673605361 203911 16 231138 0 0 421479
227648 249241 1673605361 219884 16 231713 0 0 449298
228935 249282 1673605361 251885 16 232288 0 0 449400
229702 249321 1673605361 267827 16 232863 0 0 421239
231340 249371 1673605361 283856 16 233438 0 0 421454
233725 249347 1673605361 299867 16 234013 0 0 449422
236520 249399 1673605361 331870 16 234588 0 0 449310
238096 249416 1673605361 347843 16 235163 0 0 421248
239401 249377 1673605361 363768 16 235738 0 0 449400
240261 249443 1673605361 379844 16 236313 0 0 449524
240848 249432 1673605361 411836 16 236888 0 0 449468
241101 249466 1673605361 427835 16 237463 0 0 421304
240786 249502 1673605361 443817 16 238038 0 0 449385
239782 249434 1673605361 459820 16 238613 0 0 449244
238332 249442 1673605361 491818 16 239188 0 0 449335
237193 249440 1673605361 507813 16 239762 0 0 421250
235820 249463 1673605361 523774 16 240337 0 0 449346
233649 249391 1673605361 539795 16 240912 0 0 449389
231555 249451 1673605361 571777 16 241487 0 0 449051
229595 249404 1673605361 587763 16 242062 0 0 421256
228303 249423 1673605361 603767 16 242637 0 0 449374
227293 249353 1673605361 619766 16 243212 0 0 449356
226745 249373 1673605361 651765 16 243787 0 0 449297
226611 249389 1673605361 667758 16 244362 0 0 421232
227078 249404 1673605361 683742 16 244937 0 0 449380
228132 249347 1673605361 699714 16 245512 0 0 449418
229487 249359 1673605361 731709 16 246087 0 0 449380
231292 249391 1673605361 747757 16 246662 0 0 421382
232415 249436 1673605361 763690 16 247237 0 0 449274
234135 249356 1673605361 795697 16 247812 0 0 449461
236589 249332 1673605361 811750 16 248387 0 0 421393
238755 249309 1673605361 827633 16 248962 0 0 421204
240069 249379 1673605361 843676 16 249537 0 0 449693
240537 249256 1673605361 875680 16 250112 0 0 449518
240929 249335 1673605361 891653 16 250687 0 0 421382
240984 249254 1673605361 907599 16 251262 0 0 421378
240702 249326 1673605361 923667 16 251837 0 0 449640
239397 249272 1673605361 955674 16 252412 0 0 449570
238117 249317 1673605361 971613 16 252987 0 0 421252
236803 249306 1673605361 987621 16 253562 0 0 449549
235516 249323 1673605362 3638 16 254137 0 0 449707
233683 249225 1673605362 35651 16 254712 0 0 449233
232229 249274 1673605362 51597 16 255287 0 0 421296
230180 249207 1673605362 67556 16 255862 0 0 449566
229174 249251 1673605362 83555 16 256437 0 0 449615
227850 249201 1673605362 115596 16 257012 0 0 449429
227002 249247 1673605362 131547 16 257587 0 0 421554
226629 249252 1673605362 147571 16 258162 0 0 449809
226709 249329 1673605362 163586 16 258737 0 0 449510
227382 249204 1673605362 195567 16 259312 0 0 449486
228880 249288 1673605362 211458 16 259887 0 0 421486
229923 249248 1673605362 227514 16 260462 0 0 449958
231308 249267 1673605362 243546 16 261037 0 0 449572
232730 249231 1673605362 275557 16 261611 0 0 449219
235234 249338 1673605362 291518 16 262186 0 0 421129
237354 249263 1673605362 307503 16 262761 0 0 449379
239405 249326 1673605362 323542 16 263336 0 0 449259
240300 249269 1673605362 355565 16 263911 0 0 449206
240880 249312 1673605362 371539 16 264486 0 0 421163
241017 249292 1673605362 387528 16 265061 0 0 449313
240964 249295 1673605362 419527 16 265636 0 0 448967
240271 249235 1673605362 435528 16 266211 0 0 421087
239388 249364 1673605362 451450 16 266786 0 0 421294
237454 249327 1673605362 467432 16 267361 0 0 449654
235912 249396 1673605362 499431 16 267936 0 0 449580
234278 249278 1673605362 515405 16 268511 0 0 421452
233027 249361 1673605362 531405 16 269086 0 0 421680
230828 249318 1673605362 547356 16 269661 0 0 449777
228933 249374 1673605362 579387 16 270236 0 0 449858
227807 249292 1673605362 595342 16 270811 0 0 421716
227119 249342 1673605362 611336 16 271386 0 0 449950
226671 249302 1673605362 627409 16 271961 0 0 449974
226721 249372 1673605362 659377 16 272536 0 0 449444
227258 249299 1673605362 675371 16 273111 0 0 421333
228333 249371 1673605362 691398 16 273686 0 0 449429
229583 249298 1673605362 707402 16 274261 0 0 449243
230579 249304 1673605362 739356 16 274836 0 0 449229
231769 249185 1673605362 755355 16 275411 0 0 421021
233574 249241 1673605362 771352 16 275986 0 0 449128
235017 249153 1673605362 787356 16 276561 0 0 448980
236770 249180 1673605362 819331 16 277136 0 0 448945
238664 249103 1673605362 835340 16 277711 0 0 421145
240225 249115 1673605362 851354 16 278286 0 0 449162
240745 249033 1673605362 867351 16 278861 0 0 449092
241090 249094 1673605362 899310 16 279436 0 0 449197
240986 248999 1673605362 915363 16 280011 0 0 421171
240410 249017 1673605362 931328 16 280586 0 0 449021
238835 248990 1673605362 963255 16 281161 0 0 449141
237071 248951 1673605362 979341 16 281736 0 0 421118
235644 248926 1673605362 995197 16 282311 0 0 420832
234540 248932 1673605363 11226 16 282886 0 0 449396
232442 248925 1673605363 43269 16 283461 0 0 449326
230478 248934 1673605363 59254 16 284036 0 0 421262
228722 248879 1673605363 75257 16 284611 0 0 421304
227811 248912 1673605363 91226 16 285185 0 0 449236
227254 248985 1673605363 123236 16 285760 0 0 449530
226872 248984 1673605363 139225 16 286335 0 0 421322
226563 248869 1673605363 155227 16 286910 0 0 449373
226972 248844 1673605363 171241 16 287485 0 0 449666
227797 248920 1673605363 203234 16 288060 0 0 449107
229132 248964 1673605363 219230 16 288635 0 0 421138
230007 248953 1673605363 235239 16 289210 0 0 449266
231084 248978 1673605363 251210 16 289785 0 0 449182
232404 249004 1673605363 283160 16 290360 0 0 449392
235025 248947 1673605363 299174 16 290935 0 0 421251
237386 248975 1673605363 315187 16 291510 0 0 449287
239159 248999 1673605363 331175 16 292085 0 0 449202
240201 248951 1673605363 363180 16 292660 0 0 449252
240759 248991 1673605363 379095 16 293235 0 0 421220
241005 248984 1673605363 395123 16 293810 0 0 449590
240940 248950 1673605363 411102 16 294385 0 0 449478
240219 249044 1673605363 443112 16 294960 0 0 449583
238857 249007 1673605363 459086 16 295535 0 0 421396
237462 249008 1673605363 475092 16 296110 0 0 449520
236258 249039 1673605363 491036 16 296685 0 0 449548
234641 249037 1673605363 523130 16 297260 0 0 449791
232434 248951 1673605363 539105 16 297835 0 0 421590
230311 249033 1673605363 555110 16 298410 0 0 449759
228518 249046 1673605363 587084 16 298985 0 0 449441
227376 249033 1673605363 603080 16 299560 0 0 421486
226982 249032 1673605363 619059 16 300135 0 0 421426
226728 248998 1673605363 635062 16 300710 0 0 449585
226635 249016 1673605363 667048 16 301285 0 0 449483
227289 249098 1673605363 683038 16 301860 0 0 421440
228700 249039 1673605363 699046 16 302435 0 0 421278
230558 249031 1673605363 715026 16 303010 0 0 449409
231773 249069 1673605363 747058 16 303585 0 0 449391
232789 249090 1673605363 763105 16 304160 0 0 421304
234166 249067 1673605363 779042 16 304735 0 0 449193
236406 249048 1673605363 795027 16 305310 0 0 449401
238642 249097 1673605363 827031 16 305884 0 0 449282
239931 249099 1673605363 843018 16 306460 0 0 421262
240700 249069 1673605363 858998 16 307035 0 0 449371
241005 249117 1673605363 875010 16 307609 0 0 449309
241157 249062 1673605363 906999 16 308184 0 0 449295
240851 249134 1673605363 922974 16 308759 0 0 421158
239687 249141 1673605363 938974 16 309334 0 0 449350
237875 249130 1673605363 955001 16 309909 0 0 449515
236295 249105 1673605363 987002 16 310484 0 0 449198
235057 249141 1673605364 2973 16 311059 0 0 421166
233428 249063 1673605364 18978 16 311634 0 0 449299
231359 249114 1673605364 34977 16 312209 0 0 449236
229520 249069 1673605364 66944 16 312784 0 0 449267
228060 249091 1673605364 82938 16 313359 0 0 421262
227318 249098 1673605364 98943 16 313934 0 0 449349
226792 249108 1673605364 114936 16 314509 0 0 449244
226616 249080 1673605364 146929 16 315084 0 0 449268
227080 249133 1673605364 162860 16 315659 0 0 421293
228086 249102 1673605364 178913 16 316234 0 0 449613
229265 249090 1673605364 210918 16 316809 0 0 449326
230976 249075 1673605364 226907 16 317384 0 0 421263
232316 249108 1673605364 242900 16 317959 0 0 421298
233765 249005 1673605364 258903 16 318534 0 0 449370
235665 249123 1673605364 290866 16 319109 0 0 449338
237901 249135 1673605364 306849 16 319684 0 0 421312
239660 249172 1673605364 322859 16 320259 0 0 421347
240781 249113 1673605364 338858 16 320834 0 0 449382
241130 249118 1673605364 370858 16 321409 0 0 449142
241203 249106 1673605364 386856 16 321984 0 0 421252
241060 249125 1673605364 402860 16 322559 0 0 449339
240330 249049 1673605364 418832 16 323134 0 0 449286
238845 249081 1673605364 450813 16 323709 0 0 449360
237073 249071 1673605364 466826 16 324284 0 0 421311
235436 249150 1673605364 482793 16 324859 0 0 449309
233958 249109 1673605364 498792 16 325434 0 0 449366
232385 249150 1673605364 530791 16 326009 0 0 449404
230017 249091 1673605364 546795 16 326584 0 0 421326
228472 249161 1673605364 562816 16 327159 0 0 449388
227233 249117 1673605364 578761 16 327733 0 0 449210
226695 249098 1673605364 610777 16 328309 0 0 449515
226500 249064 1673605364 626776 16 328883 0 0 421278
226859 249129 1673605364 642780 16 329459 0 0 449438
227603 249047 1673605364 658762 16 330033 0 0 449372
228865 249110 1673605364 690785 16 330608 0 0 449320
230378 249061 1673605364 706755 16 331183 0 0 421220
232746 249143 1673605364 722740 16 331758 0 0 449400
234304 249053 1673605364 754719 16 332333 0 0 449467
236087 249073 1673605364 770664 16 332908 0 0 421581
238067 249026 1673605364 786759 16 333483 0 0 421483
239678 249060 1673605364 802761 16 334058 0 0 449290
240660 249055 1673605364 834709 16 334633 0 0 449182
241188 249155 1673605364 850708 16 335208 0 0 421263
241099 249055 1673605364 866688 16 335783 0 0 421203
240865 249107 1673605364 882688 16 336358 0 0 449370
239671 249033 1673605364 914665 16 336933 0 0 449265
238242 249101 1673605364 930673 16 337508 0 0 421156
236252 249039 1673605364 946676 16 338083 0 0 449186
234151 249049 1673605364 962632 16 338658 0 0 448981
232404 248937 1673605364 994651 16 339233 0 0 449468
231104 249100 1673605365 10581 16 339808 0 0 421382
229564 249023 1673605365 26652 16 340383 0 0 449659
227999 249103 1673605365 42660 16 340958 0 0 449407
226942 248962 1673605365 74616 16 341533 0 0 449309
226641 249038 1673605365 90634 16 342108 0 0 421272
226711 249033 1673605365 106612 16 342683 0 0 449265
227111 249067 1673605365 122610 16 343258 0 0 449370
227890 248932 1673605365 154620 16 343833 0 0 449387
229184 248985 1673605365 170573 16 344408 0 0 421148
230843 248956 1673605365 186617 16 344983 0 0 449406
232796 248983 1673605365 202573 16 345558 0 0 449005
234726 248958 1673605365 234590 16 346133 0 0 449408
236005 249005 1673605365 250590 16 346708 0 0 421345
237398 248941 1673605365 266515 16 347283 0 0 449383
239123 248985 1673605365 282544 16 347858 0 0 449710
240374 248957 1673605365 314541 16 348432 0 0 449434
241137 249012 1673605365 330492 16 349008 0 0 421402
241172 248932 1673605365 346486 16 349583 0 0 449659
240815 248982 1673605365 378525 16 350157 0 0 449417
239913 248954 1673605365 394496 16 350732 0 0 421461
238506 249005 1673605365 410558 16 351307 0 0 421408
236787 248976 1673605365 426558 16 351882 0 0 449282
234945 248994 1673605365 458516 16 352457 0 0 449282
232805 248907 1673605365 474488 16 353032 0 0 420979
231619 248973 1673605365 490553 16 353607 0 0 421276
229919 248920 1673605365 506554 16 354182 0 0 449074
228549 248936 1673605365 538555 16 354757 0 0 448898
227287 248872 1673605365 554559 16 355332 0 0 420897
226753 248983 1673605365 570456 16 355907 0 0 448994
226581 248935 1673605365 586483 16 356482 0 0 449256
226884 248999 1673605365 618487 16 357057 0 0 449378
227249 248942 1673605365 634470 16 357632 0 0 421298
228276 248982 1673605365 650475 16 358207 0 0 449397
229656 248881 1673605365 666446 16 358782 0 0 449281
231704 248950 1673605365 698452 16 359357 0 0 449610
233553 248937 1673605365 714401 16 359932 0 0 421532
235601 248962 1673605365 730394 16 360507 0 0 449789
236783 248984 1673605365 746381 16 361082 0 0 449827
238422 249038 1673605365 778429 16 361657 0 0 449509
239965 248947 1673605365 794376 16 362232 0 0 421486
240966 248999 1673605365 810434 16 362807 0 0 449752
241305 249021 1673605365 826354 16 363382 0 0 449489
241307 249046 1673605365 858409 16 363957 0 0 449789
240946 248927 1673605365 874324 16 364532 0 0 421563
240289 248997 1673605365 890416 16 365107 0 0 449944
238765 248976 1673605365 906387 16 365682 0 0 449444
237095 249059 1673605365 938384 16 366257 0 0 449521
235146 249003 1673605365 954353 16 366832 0 0 421402
233278 248988 1673605365 970370 16 367407 0 0 449629
231273 248956 1673605366 2361 16 367982 0 0 449383
229433 248984 1673605366 18339 16 368557 0 0 421517
228033 248836 1673605366 34324 16 369132 0 0 421312
227161 248792 1673605366 50303 16 369707 0 0 449490
226624 248701 1673605366 82335 16 370282 0 0 449263
226567 248661 1673605366 98286 16 370857 0 0 421480
227089 248530 1673605366 114318 16 371432 0 0 421551
228150 248396 1673605366 130334 16 372006 0 0 449415
229221 248196 1673605366 162285 16 372581 0 0 449250
230251 247979 1673605366 178283 16 373156 0 0 421276
231973 247646 1673605366 194198 16 373731 0 0 449351
233930 247275 1673605366 210307 16 374306 0 0 449574
235706 246902 1673605366 242264 16 374881 0 0 449141
237413 246367 1673605366 258250 16 375456 0 0 421029
238958 245752 1673605366 274211 16 376031 0 0 449183
240295 245124 1673605366 290260 16 376606 0 0 449147
241062 244392 1673605366 322242 16 377181 0 0 449185
241298 243456 1673605366 338260 16 377756 0 0 421181
241202 242495 1673605366 354262 16 378331 0 0 449151
240565 241500 1673605366 370260 16 378906 0 0 449137
239350 240585 1673605366 402221 16 379481 0 0 448844
237952 239750 1673605366 418208 16 380056 0 0 421182
236217 238969 1673605366 434200 16 380631 0 0 449266
234210 238417 1673605366 450202 16 381206 0 0 449245
232408 238079 1673605366 482178 16 381781 0 0 449101
230967 237830 1673605366 498167 16 382356 0 0 421217
229239 237842 1673605366 514146 16 382931 0 0 449316
228031 238052 1673605366 546129 16 383506 0 0 449453
226976 238482 1673605366 562104 16 384081 0 0 421399
226443 238948 1673605366 578096 16 384656 0 0 421480
226368 239485 1673605366 594085 16 385231 0 0 449550
226607 240070 1673605366 626165 16 385806 0 0 449543
226947 240838 1673605366 642142 16 386381 0 0 421369
227425 241513 1673605366 658138 16 386956 0 0 421456
227805 242327 1673605366 674156 16 387531 0 0 449526
228623 243174 1673605366 706118 16 388106 0 0 449424
229400 243874 1673605366 722106 16 388681 0 0 421307
230367 244412 1673605366 738119 16 389256 0 0 449411
231424 245012 1673605366 754107 16 389831 0 0 449277
231828 245583 1673605366 786095 16 390406 0 0 449291
232167 246256 1673605366 802101 16 390981 0 0 421187
232249 246772 1673605366 818085 16 391556 0 0 449312
231965 247235 1673605366 834066 16 392131 0 0 449287
231065 247571 1673605366 866067 16 392706 0 0 449340
229855 247930 1673605366 882038 16 393281 0 0 421326
228287 248134 1673605366 898058 16 393856 0 0 449471
226235 248366 1673605366 914034 16 394431 0 0 449359
224007 248467 1673605366 946034 16 395006 0 0 449489
221716 248651 1673605366 961997 16 395581 0 0 421370
219502 248681 1673605366 977982 16 396155 0 0 449468
217734 248770 1673605366 994031 16 396730 0 0 449542
215803 248841 1673605367 26029 16 397305 0 0 449314
214276 248944 1673605367 42030 16 397880 0 0 421173
212960 248883 1673605367 58056 16 398455 0 0 449247
212367 248908 1673605367 74007 16 399030 0 0 449054
212391 248873 1673605367 106012 16 399605 0 0 449296
213216 248976 1673605367 121998 16 400180 0 0 421131
214326 248915 1673605367 137993 16 400755 0 0 449257
215605 248971 1673605367 169990 16 401330 0 0 449242
216886 248945 1673605367 185981 16 401905 0 0 421116
218740 249083 1673605367 201870 16 402480 0 0 421319
220633 249045 1673605367 217962 16 403055 0 0 449785
222341 249057 1673605367 249936 16 403630 0 0 449468
223891 249003 1673605367 265912 16 404205 0 0 421506
225045 249049 1673605367 281947 16 404780 0 0 421418
225622 248978 1673605367 297936 16 405355 0 0 449376
225925 249058 1673605367 329912 16 405930 0 0 449365
225749 249006 1673605367 345972 16 406505 0 0 421292
225260 249026 1673605367 361854 16 407080 0 0 449156
224303 249011 1673605367 377892 16 407655 0 0 449542
222818 249095 1673605367 409910 16 408230 0 0 449016
221156 249022 1673605367 425881 16 408805 0 0 421245
219305 249081 1673605367 441892 16 409380 0 0 449401
217495 249034 1673605367 457927 16 409955 0 0 449278
215856 249123 1673605367 489891 16 410530 0 0 449278
214524 249084 1673605367 505878 16 411105 0 0 421195
213176 249119 1673605367 521885 16 411680 0 0 449295
212272 249005 1673605367 537893 16 412255 0 0 449481
211966 249130 1673605367 569892 16 412830 0 0 449035
211989 249068 1673605367 585862 16 413405 0 0 421093
212550 249090 1673605367 601859 16 413980 0 0 449291
213690 249037 1673605367 617843 16 414555 0 0 449199
214929 249071 1673605367 649847 16 415130 0 0 449294
216431 249030 1673605367 665834 16 415704 0 0 421288
218051 249130 1673605367 681864 16 416279 0 0 449378
220175 249068 1673605367 697818 16 416855 0 0 449325
222260 249086 1673605367 729810 16 417429 0 0 449413
224347 249045 1673605367 745879 16 418004 0 0 421372
226025 249086 1673605367 761791 16 418579 0 0 449207
227079 249038 1673605367 793818 16 419154 0 0 449412
227854 249071 1673605367 809805 16 419729 0 0 421301
228273 249055 1673605367 825822 16 420304 0 0 421291
228129 249094 1673605367 841816 16 420879 0 0 449360
227310 249025 1673605367 873796 16 421454 0 0 449335
226235 249068 1673605367 889789 16 422029 0 0 421284
224952 248986 1673605367 905810 16 422604 0 0 421245
223656 249078 1673605367 921758 16 423179 0 0 449240
221941 249041 1673605367 953768 16 423754 0 0 449664
220207 249024 1673605367 969740 16 424329 0 0 421269
218344 249036 1673605367 985768 16 424904 0 0 449467
217192 249012 1673605368 1735 16 425479 0 0 449323
216067 248904 1673605368 33724 16 426054 0 0 449499
215411 248837 1673605368 49703 16 426629 0 0 421411
215045 248666 1673605368 65719 16 427204 0 0 449544
215243 248479 1673605368 81696 16 427779 0 0 449463
216061 248324 1673605368 113686 16 428354 0 0 449618
217448 248132 1673605368 129725 16 428929 0 0 421367
218869 247758 1673605368 145752 16 429504 0 0 449316
220683 247485 1673605368 161553 16 430079 0 0 449123
222780 247078 1673605368 193684 16 430654 0 0 449928
225288 246688 1673605368 209677 16 431229 0 0 421621
227731 246272 1673605368 225686 16 431804 0 0 449712
229960 245781 1673605368 241686 16 432379 0 0 449607
232052 245292 1673605368 273665 16 432954 0 0 449663
233576 244845 1673605368 289666 16 433529 0 0 421524
234916 244373 1673605368 305657 16 434104 0 0 449588
235811 243820 1673605368 337651 16 434679 0 0 449756
236156 243350 1673605368 353587 16 435254 0 0 421780
236161 242880 1673605368 369639 16 435829 0 0 421298
235753 242411 1673605368 385623 16 436404 0 0 449307
235285 241963 1673605368 417600 16 436979 0 0 449339
234807 241527 1673605368 433566 16 437553 0 0 421266
233259 241143 1673605368 449594 16 438129 0 0 421483
231308 240835 1673605368 465593 16 438704 0 0 449443
229419 240560 1673605368 497574 16 439278 0 0 449352
228073 240397 1673605368 513573 16 439853 0 0 421261
227108 240375 1673605368 529603 16 440428 0 0 449335
226684 240523 1673605368 545632 16 441003 0 0 449005
226693 240813 1673605368 577575 16 441578 0 0 449085
227214 241304 1673605368 593595 16 442153 0 0 421003
228009 241918 1673605368 609581 16 442728 0 0 449037
229572 242697 1673605368 625578 16 443303 0 0 448869
231097 243532 1673605368 657551 16 443878 0 0 448978
232871 244390 1673605368 673560 16 444453 0 0 421020
234362 245187 1673605368 689588 16 445028 0 0 449047
236851 245901 1673605368 705593 16 445603 0 0 448946
238723 246463 1673605368 737517 16 446178 0 0 449033
240316 247001 1673605368 753511 16 446753 0 0 421126
241051 247406 1673605368 769498 16 447328 0 0 449173
241381 247835 1673605368 785462 16 447903 0 0 449289
241242 248144 1673605368 817475 16 448478 0 0 449366
240319 248422 1673605368 833445 16 449053 0 0 421268
239260 248600 1673605368 849455 16 449628 0 0 449426
237683 248821 1673605368 865511 16 450203 0 0 449422
235918 248945 1673605368 897443 16 450778 0 0 449325
234130 249041 1673605368 913439 16 451353 0 0 421326
232451 249099 1673605368 929387 16 451928 0 0 449349
230307 249228 1673605368 961453 16 452503 0 0 449511
228611 249223 1673605368 977423 16 453078 0 0 421331
227444 249294 1673605368 993433 16 453653 0 0 421310
226937 249424 1673605369 9440 16 454228 0 0 449363
226771 249467 1673605369 41457 16 454803 0 0 449233
226985 249461 1673605369 57453 16 455378 0 0 421177
227903 249503 1673605369 73415 16 455953 0 0 421387
229670 249494 1673605369 89456 16 456528 0 0 449537
231186 249611 1673605369 121395 16 457103 0 0 449379
232902 249560 1673605369 137364 16 457678 0 0 421174
234326 249586 1673605369 153395 16 458253 0 0 449417
236041 249598 1673605369 169395 16 458828 0 0 449202
237708 249624 1673605369 201371 16 459403 0 0 449238
239465 249619 1673605369 217341 16 459977 0 0 421158
240709 249679 1673605369 233377 16 460553 0 0 449453
241251 249643 1673605369 249374 16 461127 0 0 449215
241300 249726 1673605369 281337 16 461702 0 0 449092
240926 249663 1673605369 297229 16 462277 0 0 421192
240021 249691 1673605369 313369 16 462852 0 0 449596
238433 249662 1673605369 329368 16 463427 0 0 449000
236398 249725 1673605369 361319 16 464002 0 0 449112
234550 249628 1673605369 377223 16 464577 0 0 421079
232981 249701 1673605369 393322 16 465152 0 0 449522
230944 249748 1673605369 409318 16 465727 0 0 448973
229208 249789 1673605369 441358 16 466302 0 0 449211
227760 249678 1673605369 457295 16 466877 0 0 421089
227006 249696 1673605369 473292 16 467452 0 0 449354
226553 249672 1673605369 489291 16 468027 0 0 448983
226731 249722 1673605369 521296 16 468602 0 0 449474
227310 249614 1673605369 537245 16 469177 0 0 421390
228540 249686 1673605369 553250 16 469752 0 0 449603
229805 249620 1673605369 585269 16 470327 0 0 449246
231434 249669 1673605369 601240 16 470902 0 0 421499
232987 249606 1673605369 617206 16 471477 0 0 421586
235102 249590 1673605369 633214 16 472052 0 0 449817
236756 249550 1673605369 665242 16 472627 0 0 449567
238205 249651 1673605369 681198 16 473202 0 0 421456
239307 249534 1673605369 697179 16 473777 0 0 421607
240352 249533 1673605369 713146 16 474352 0 0 449755
240995 249511 1673605369 745208 16 474927 0 0 449691
241291 249612 1673605369 761203 16 475502 0 0 421578
240887 249497 1673605369 777201 16 476077 0 0 449689
240111 249545 1673605369 793204 16 476652 0 0 449594
238890 249459 1673605369 825178 16 477227 0 0 449464
237592 249494 1673605369 841193 16 477802 0 0 421438
235973 249412 1673605369 857155 16 478377 0 0 449486
234240 249395 1673605369 873154 16 478952 0 0 449465
232044 249300 1673605369 905155 16 479527 0 0 449402
229788 249376 1673605369 921176 16 480102 0 0 421209
228442 249324 1673605369 937131 16 480677 0 0 449266
227364 249259 1673605369 953131 16 481251 0 0 449309
226712 249183 1673605369 985131 16 481827 0 0 449399
226522 249177 1673605370 1086 16 482402 0 0 421334
226782 249090 1673605370 17108 16 482976 0 0 449447
227753 249082 1673605370 33122 16 483551 0 0 449423
228946 248961 1673605370 65102 16 484126 0 0 449240
230181 248936 1673605370 81090 16 484701 0 0 421178
231544 248826 1673605370 97078 16 485276 0 0 449297
233108 248819 1673605370 129046 16 485851 0 0 449413
235022 248751 1673605370 145031 16 486426 0 0 421304
237145 248784 1673605370 161009 16 487001 0 0 421259
238597 248647 1673605370 177057 16 487576 0 0 449413
239914 248563 1673605370 209071 16 488151 0 0 449185
240689 248471 1673605370 225058 16 488726 0 0 421173
241259 248582 1673605370 241022 16 489301 0 0 421268
241141 248379 1673605370 257072 16 489876 0 0 449453
240790 248403 1673605370 289048 16 490451 0 0 449236
239886 248330 1673605370 305047 16 491026 0 0 421139
238692 248310 1673605370 321030 16 491601 0 0 449190
237353 248252 1673605370 337043 16 492176 0 0 449198
235731 248231 1673605370 369031 16 492751 0 0 449075
234614 248178 1673605370 385012 16 493326 0 0 421177
232926 248257 1673605370 400992 16 493901 0 0 449332
230232 248124 1673605370 416980 16 494476 0 0 449357
228515 248128 1673605370 448977 16 495051 0 0 449272
227755 248092 1673605370 464977 16 495626 0 0 421374
227216 248207 1673605370 480983 16 496201 0 0 449429
226534 248074 1673605370 496971 16 496776 0 0 449404
227269 248654 1673605370 528943 16 497351 0 0 449387
227550 248143 1673605370 544904 16 497926 0 0 421381
228873 248170 1673605370 560904 16 498501 0 0 449583
230241 248139 1673605370 576938 16 499076 0 0 449517
231862 248080 1673605370 608944 16 499651 0 0 449327
233768 248078 1673605370 624936 16 500226 0 0 421204
236011 248105 1673605370 640855 16 500801 0 0 449305
238029 248133 1673605370 656907 16 501376 0 0 449591
239495 248182 1673605370 688926 16 501951 0 0 449430
240580 248143 1673605370 704922 16 502526 0 0 421295
241121 248140 1673605370 720907 16 503101 0 0 449361
241205 248075 1673605370 752903 16 503676 0 0 449276
240916 248105 1673605370 768900 16 504250 0 0 421155
239857 248118 1673605370 784886 16 504825 0 0 421284
238870 248193 1673605370 800883 16 505400 0 0 449415
237604 248204 1673605370 832859 16 505975 0 0 449398
236162 248187 1673605370 848848 16 506550 0 0 421057
234490 248147 1673605370 864848 16 507125 0 0 421277
232192 248175 1673605370 880857 16 507700 0 0 449370
230300 248145 1673605370 912829 16 508275 0 0 449324
228858 248133 1673605370 928801 16 508850 0 0 421220
227788 248125 1673605370 944795 16 509425 0 0 449440
226888 248116 1673605370 960765 16 510000 0 0 449451
226484 248062 1673605370 992826 16 510575 0 0 449507
226627 248117 1673605371 8802 16 511150 0 0 421367
227303 248111 1673605371 24816 16 511725 0 0 449506
228264 248159 1673605371 40829 16 512300 0 0 449419
229845 248153 1673605371 72799 16 512875 0 0 449373
231271 248117 1673605371 88771 16 513450 0 0 421355
232491 248172 1673605371 104801 16 514025 0 0 449505
234426 248180 1673605371 120801 16 514600 0 0 449301
237154 248220 1673605371 152781 16 515175 0 0 449280
238949 248107 1673605371 168776 16 515750 0 0 421116
240132 248199 1673605371 184739 16 516325 0 0 449263
240972 248188 1673605371 200754 16 516900 0 0 449309
241258 248278 1673605371 232729 16 517475 0 0 449306
241231 248214 1673605371 248721 16 518050 0 0 421297
240462 248216 1673605371 264731 16 518625 0 0 449375
239186 248275 1673605371 280725 16 519200 0 0 449241
238234 248246 1673605371 312696 16 519775 0 0 449367
236540 248178 1673605371 328656 16 520350 0 0 421317
234804 248201 1673605371 344806 16 520925 0 0 449516
232911 248202 1673605371 376693 16 521500 0 0 448977
231340 248240 1673605371 392690 16 522075 0 0 420870
229928 248206 1673605371 408726 16 522650 0 0 420933
228285 248233 1673605371 424643 16 523225 0 0 448861
227112 248177 1673605371 456704 16 523800 0 0 449126
226585 248158 1673605371 472699 16 524375 0 0 421032
226457 248133 1673605371 488704 16 524950 0 0 421028
226810 248158 1673605371 504672 16 525525 0 0 449061
227557 248094 1673605371 536678 16 526099 0 0 448935
228873 248096 1673605371 552669 16 526674 0 0 421375
230693 248143 1673605371 568627 16 527250 0 0 449481
231983 248166 1673605371 584637 16 527824 0 0 449521
233916 248112 1673605371 616635 16 528399 0 0 449612
235725 248079 1673605371 632620 16 528974 0 0 421244
237222 248055 1673605371 648637 16 529549 0 0 449427
238878 248103 1673605371 664645 16 530124 0 0 449350
240204 248041 1673605371 696605 16 530699 0 0 449339
241004 248078 1673605371 712669 16 531274 0 0 421283
241148 248008 1673605371 728562 16 531849 0 0 449141
241049 248159 1673605371 744552 16 532424 0 0 449390
240337 248143 1673605371 776598 16 532999 0 0 449375
239289 248158 1673605371 792589 16 533574 0 0 421294
237589 248127 1673605371 808588 16 534149 0 0 449400
235977 248208 1673605371 824599 16 534724 0 0 449350
234156 248183 1673605371 856610 16 535299 0 0 449372
232733 248204 1673605371 872544 16 535874 0 0 421314
230681 248193 1673605371 888611 16 536449 0 0 449587
229069 248274 1673605371 920577 16 537024 0 0 449577
227723 248383 1673605371 936604 16 537599 0 0 421153
226912 248408 1673605371 952605 16 538174 0 0 421023
226527 248453 1673605371 968599 16 538749 0 0 449136
226620 248618 1673605372 565 16 539324 0 0 449125
227040 248716 1673605372 16506 16 539899 0 0 421075
228298 248776 1673605372 32490 16 540474 0 0 421322
229738 248885 1673605372 48497 16 541049 0 0 449464
231605 249085 1673605372 80482 16 541624 0 0 449207
233038 249131 1673605372 96490 16 542199 0 0 421378
234729 249320 1673605372 112509 16 542774 0 0 449396
236537 249399 1673605372 128431 16 543349 0 0 449424
238526 249488 1673605372 160486 16 543924 0 0 449703
239799 249504 1673605372 176470 16 544499 0 0 421557
240784 249549 1673605372 192493 16 545074 0 0 449660
241279 249626 1673605372 208432 16 545649 0 0 449371
241335 249634 1673605372 240471 16 546224 0 0 449530
240678 249617 1673605372 256466 16 546799 0 0 421444
239488 249641 1673605372 272451 16 547374 0 0 449525
238059 249697 1673605372 288450 16 547949 0 0 449606
236635 249788 1673605372 320457 16 548524 0 0 449676
234931 249764 1673605372 336420 16 549098 0 0 421270
233442 249825 1673605372 352429 16 549673 0 0 449524
231230 249801 1673605372 368423 16 550248 0 0 449436
228865 249876 1673605372 400411 16 550823 0 0 449538
227580 249810 1673605372 416412 16 551398 0 0 421257
226952 249814 1673605372 432385 16 551973 0 0 449364
226694 249774 1673605372 448357 16 552548 0 0 449442
226972 249846 1673605372 480377 16 553123 0 0 449487
227854 249828 1673605372 496394 16 553698 0 0 421390
229366 249839 1673605372 512445 16 554273 0 0 449462
231057 249811 1673605372 544373 16 554848 0 0 449153
232697 249892 1673605372 560342 16 555423 0 0 421172
234285 249806 1673605372 576350 16 555998 0 0 421260
235857 249817 1673605372 592390 16 556573 0 0 449297
237389 249723 1673605372 624196 16 557148 0 0 449161
239466 250010 1673605372 640305 16 557723 0 0 421161
240229 249830 1673605372 656332 16 558298 0 0 420683
241188 249865 1673605372 672336 16 558873 0 0 448682
241386 249767 1673605372 704312 16 559448 0 0 448727
241231 249823 1673605372 720305 16 560023 0 0 420851
240557 249756 1673605372 736302 16 560598 0 0 448888
239573 249826 1673605372 752305 16 561173 0 0 448790
238092 249749 1673605372 784259 16 561748 0 0 448807
236215 249776 1673605372 800237 16 562323 0 0 420911
234370 249781 1673605372 816245 16 562898 0 0 448894
232820 249848 1673605372 832246 16 563473 0 0 449245
230813 249808 1673605372 864221 16 564048 0 0 449337
229359 249843 1673605372 880200 16 564623 0 0 421296
227924 249737 1673605372 896224 16 565198 0 0 449425
227226 249790 1673605372 912255 16 565773 0 0 449317
226754 249780 1673605372 944226 16 566348 0 0 449197
226855 249828 1673605372 960204 16 566923 0 0 421157
227291 249756 1673605372 976213 16 567498 0 0 449270
228491 249746 1673605372 992187 16 568073 0 0 449161
229750 249772 1673605373 24182 16 568648 0 0 449281
231118 249824 1673605373 40151 16 569223 0 0 421213
232643 249826 1673605373 56164 16 569798 0 0 449376
234833 249796 1673605373 72161 16 570373 0 0 449256
236624 249784 1673605373 104143 16 570947 0 0 449253
238278 249870 1673605373 120138 16 571522 0 0 421302
239631 249808 1673605373 136138 16 572097 0 0 449370
240679 249791 1673605373 168140 16 572672 0 0 449293
241208 249779 1673605373 184118 16 573247 0 0 421246
241447 249845 1673605373 200100 16 573822 0 0 421232
241202 249788 1673605373 216100 16 574397 0 0 449367
240745 249871 1673605373 248105 16 574972 0 0 449258
239459 249841 1673605373 264103 16 575547 0 0 421223
238064 249843 1673605373 280055 16 576122 0 0 421317
236576 249795 1673605373 296022 16 576697 0 0 449547
235277 249789 1673605373 328079 16 577272 0 0 449645
233670 249823 1673605373 344040 16 577847 0 0 421519
231567 249808 1673605373 360064 16 578422 0 0 449734
229974 249786 1673605373 376076 16 578997 0 0 449573
228862 249811 1673605373 408080 16 579572 0 0 449468
227707 249772 1673605373 424085 16 580147 0 0 421388
226927 249806 1673605373 440055 16 580722 0 0 449451
226791 249761 1673605373 456053 16 581297 0 0 449549
227040 249732 1673605373 488040 16 581872 0 0 449387
227773 249746 1673605373 504011 16 582447 0 0 421207
228971 249818 1673605373 520013 16 583022 0 0 449435
230789 249765 1673605373 536004 16 583597 0 0 449290
232853 249761 1673605373 568012 16 584172 0 0 449406
234430 249747 1673605373 583984 16 584747 0 0 421365
236058 249799 1673605373 599970 16 585322 0 0 449543
237893 249713 1673605373 615961 16 585897 0 0 449610
239488 249737 1673605373 647939 16 586472 0 0 449536
240475 249740 1673605373 663946 16 587047 0 0 421472
241277 249783 1673605373 680030 16 587622 0 0 449512
241395 249730 1673605373 711912 16 588197 0 0 449117
241238 249668 1673605373 727961 16 588772 0 0 421152
240814 249720 1673605373 743946 16 589347 0 0 420949
239761 249756 1673605373 759930 16 589922 0 0 449085
238170 249739 1673605373 791925 16 590497 0 0 449042
236323 249689 1673605373 807904 16 591072 0 0 420921
234640 249708 1673605373 823936 16 591647 0 0 420964
233298 249678 1673605373 839934 16 592222 0 0 448908
231047 249681 1673605373 871910 16 592796 0 0 448842
229465 249693 1673605373 887913 16 593371 0 0 421080
228382 249705 1673605373 903912 16 593946 0 0 449042
227487 249719 1673605373 919894 16 594521 0 0 449217
226882 249750 1673605373 951904 16 595096 0 0 449228
226989 249673 1673605373 967877 16 595671 0 0 421087
227429 249666 1673605373 983861 16 596246 0 0 449253
228337 249626 1673605373 999847 16 596821 0 0 449236
229578 249648 1673605374 31830 16 597396 0 0 449397
231502 249603 1673605374 47831 16 597971 0 0 421426
233948 249673 1673605374 63833 16 598546 0 0 449478
235642 249583 1673605374 79778 16 599121 0 0 449481
237310 249659 1673605374 111812 16 599696 0 0 449672
239285 249608 1673605374 127843 16 600271 0 0 421502
240630 249663 1673605374 143824 16 600846 0 0 449479
241193 249633 1673605374 159793 16 601421 0 0 449451
241428 249698 1673605374 191807 16 601996 0 0 449503
241193 249623 1673605374 207755 16 602571 0 0 421366
240657 249673 1673605374 223768 16 603146 0 0 449610
239505 249632 1673605374 239823 16 603721 0 0 449568
237889 249665 1673605374 271788 16 604296 0 0 449383
235685 249622 1673605374 287760 16 604871 0 0 421144
233509 249698 1673605374 303759 16 605446 0 0 449348
231694 249604 1673605374 335767 16 606021 0 0 449460
230181 249668 1673605374 351751 16 606596 0 0 421310
228568 249615 1673605374 367717 16 607171 0 0 421257
227499 249655 1673605374 383709 16 607746 0 0 449465
226851 249606 1673605374 415710 16 608321 0 0 449310
226888 249654 1673605374 431707 16 608896 0 0 421279
227070 249590 1673605374 447710 16 609471 0 0 421482
227578 249697 1673605374 463624 16 610046 0 0 449517
228587 249640 1673605374 495688 16 610621 0 0 449722
230466 249627 1673605374 511662 16 611196 0 0 421586
232176 249618 1673605374 527652 16 611771 0 0 449761
234095 249654 1673605374 543667 16 612346 0 0 449739
235857 249624 1673605374 575736 16 612921 0 0 449567
237236 249672 1673605374 591597 16 613496 0 0 421403
238241 249550 1673605374 607588 16 614071 0 0 449972
239597 249629 1673605374 623579 16 614646 0 0 449993
240769 249669 1673605374 655580 16 615221 0 0 450035
241397 249720 1673605374 671641 16 615795 0 0 421606
241341 249680 1673605374 687639 16 616371 0 0 449622
240989 249734 1673605374 703556 16 616945 0 0 449440
239902 249688 1673605374 735553 16 617520 0 0 449698
238808 249694 1673605374 751617 16 618095 0 0 421677
236923 249640 1673605374 767589 16 618670 0 0 449589
234915 249686 1673605374 783530 16 619245 0 0 449196
233037 249542 1673605374 815581 16 619820 0 0 449372
231479 249585 1673605374 831584 16 620395 0 0 421220
230402 249534 1673605374 847589 16 620970 0 0 449335
228850 249469 1673605374 863589 16 621545 0 0 449433
227819 249211 1673605374 895589 16 622120 0 0 449524
227128 249213 1673605374 911551 16 622695 0 0 421155
226847 248994 1673605374 927513 16 623270 0 0 449362
227146 248861 1673605374 959599 16 623845 0 0 449720
227590 248478 1673605374 975578 16 624420 0 0 421470
228705 248114 1673605374 991525 16 624995 0 0 421336
230096 247672 1673605375 7519 16 625570 0 0 449643
231993 247186 1673605375 39526 16 626145 0 0 449675
233944 246447 1673605375 55513 16 626720 0 0 421610
235344 245776 1673605375 71518 16 627295 0 0 421656
236530 244764 1673605375 87518 16 627870 0 0 449714
238348 243840 1673605375 119494 16 628445 0 0 449581
239682 242711 1673605375 135495 16 629020 0 0 421392
240653 241648 1673605375 151484 16 629595 0 0 449540
241186 240473 1673605375 167472 16 630170 0 0 449505
241413 239556 1673605375 199458 16 630745 0 0 449360
240958 238540 1673605375 215454 16 631320 0 0 421275
239837 237759 1673605375 231411 16 631895 0 0 449372
238781 237013 1673605375 247431 16 632470 0 0 449477
237581 236511 1673605375 279439 16 633045 0 0 449425
235556 236090 1673605375 295516 16 633620 0 0 421341
233982 235855 1673605375 311380 16 634195 0 0 449128
232203 235657 1673605375 327432 16 634770 0 0 449613
230582 235584 1673605375 359430 16 635345 0 0 449392
228928 235565 1673605375 375416 16 635920 0 0 421275
227822 235725 1673605375 391437 16 636495 0 0 449388
227106 235852 1673605375 407398 16 637069 0 0 449203
226721 236156 1673605375 439412 16 637644 0 0 449189
226517 236372 1673605375 455385 16 638219 0 0 421171
226995 236722 1673605375 471388 16 638795 0 0 449447
227662 237135 1673605375 503372 16 639369 0 0 449608
228547 237586 1673605375 519381 16 639944 0 0 421064
229315 237824 1673605375 535372 16 640519 0 0 421214
231077 238213 1673605375 551367 16 641094 0 0 449320
232684 238885 1673605375 583345 16 641669 0 0 449289
233950 239397 1673605375 599352 16 642244 0 0 421403
235043 239718 1673605375 615350 16 642819 0 0 421241
235944 240033 1673605375 631349 16 643394 0 0 449337
236712 240348 1673605375 663320 16 643969 0 0 449148
237310 240847 1673605375 679346 16 644544 0 0 421205
237415 241128 1673605375 695223 16 645119 0 0 449176
237134 241399 1673605375 711222 16 645694 0 0 449643
236444 241734 1673605375 743298 16 646269 0 0 449614
235486 242008 1673605375 759287 16 646844 0 0 421454
234360 242316 1673605375 775338 16 647419 0 0 449550
232637 242785 1673605375 791356 16 647994 0 0 449396
230527 243064 1673605375 823300 16 648569 0 0 449326
228398 243356 1673605375 839294 16 649144 0 0 421295
226487 243490 1673605375 855286 16 649719 0 0 449367
224411 243598 1673605375 871206 16 650294 0 0 449486
222536 243715 1673605375 903289 16 650869 0 0 449333
221255 243931 1673605375 919265 16 651444 0 0 421181
220400 244037 1673605375 935236 16 652019 0 0 449408
219910 244063 1673605375 951225 16 652594 0 0 449471
220057 244018 1673605375 983236 16 653169 0 0 449689
221058 244210 1673605375 999206 16 653744 0 0 421666
222541 244401 1673605376 15204 16 654319 0 0 449798
224184 244397 1673605376 31207 16 654894 0 0 449784
226033 244376 1673605376 63176 16 655469 0 0 449746
227892 244375 1673605376 79154 16 656044 0 0 421414
229640 244417 1673605376 95194 16 656619 0 0 449641
231299 244446 1673605376 127193 16 657194 0 0 449416
232655 244515 1673605376 143194 16 657769 0 0 421239
233643 244526 1673605376 159169 16 658344 0 0 421197
234100 244466 1673605376 175147 16 658919 0 0 449370
233847 244287 1673605376 207177 16 659493 0 0 449245
232940 244454 1673605376 223163 16 660068 0 0 421135
231723 244662 1673605376 239146 16 660643 0 0 421195
230276 244617 1673605376 255146 16 661218 0 0 449303
228728 244553 1673605376 287156 16 661793 0 0 449226
226454 244530 1673605376 303148 16 662368 0 0 421281
224272 244558 1673605376 319148 16 662943 0 0 449385
222428 244538 1673605376 335104 16 663518 0 0 449388
221123 244394 1673605376 367110 16 664093 0 0 449455
220174 244354 1673605376 383095 16 664668 0 0 421394
219813 244359 1673605376 399113 16 665243 0 0 449549
219776 244145 1673605376 415098 16 665818 0 0 449437
220508 244230 1673605376 447094 16 666393 0 0 449430
221685 244387 1673605376 463103 16 666968 0 0 421357
223443 244416 1673605376 479081 16 667543 0 0 449411
224934 244328 1673605376 495015 16 668118 0 0 449460
227187 244264 1673605376 527093 16 668693 0 0 449692
228865 244275 1673605376 543090 16 669268 0 0 421393
231024 244255 1673605376 559068 16 669843 0 0 449485
232562 244290 1673605376 575049 16 670418 0 0 449510
233649 244237 1673605376 607069 16 670993 0 0 449640
234317 244258 1673605376 623060 16 671568 0 0 421493
234539 244282 1673605376 639072 16 672143 0 0 449597
234107 244311 1673605376 655071 16 672718 0 0 449587
233067 244295 1673605376 687042 16 673293 0 0 449513
231298 244042 1673605376 703042 16 673868 0 0 421230
229201 244128 1673605376 719045 16 674443 0 0 449374
227157 244273 1673605376 751024 16 675018 0 0 449353
225209 244351 1673605376 767013 16 675593 0 0 421218
223506 244384 1673605376 783022 16 676168 0 0 421190
222038 244324 1673605376 799025 16 676743 0 0 449252
221052 244416 1673605376 830999 16 677318 0 0 449210
220089 244331 1673605376 846954 16 677893 0 0 421199
219840 244407 1673605376 862986 16 678468 0 0 421354
219949 244374 1673605376 878955 16 679043 0 0 449292
220370 244373 1673605376 910927 16 679618 0 0 449401
221006 244338 1673605376 926924 16 680193 0 0 421360
222357 244410 1673605376 942926 16 680768 0 0 449429
223545 244380 1673605376 958927 16 681342 0 0 449285
224600 244380 1673605376 990921 16 681917 0 0 449313
225536 244325 1673605377 6903 16 682492 0 0 421253
227174 244385 1673605377 22903 16 683067 0 0 449370
228996 244377 1673605377 38880 16 683642 0 0 449211
231322 244454 1673605377 70882 16 684217 0 0 449404
233105 244358 1673605377 86877 16 684792 0 0 421217
234046 244439 1673605377 102854 16 685367 0 0 449286
234305 244346 1673605377 118855 16 685942 0 0 449357
234584 244425 1673605377 150835 16 686517 0 0 449458
234371 244346 1673605377 166832 16 687092 0 0 421403
233579 244446 1673605377 182833 16 687667 0 0 449484
232266 244424 1673605377 198746 16 688242 0 0 449417
230919 244500 1673605377 230810 16 688817 0 0 449724
229516 244443 1673605377 246815 16 689392 0 0 421511
227573 244489 1673605377 262842 16 689967 0 0 449572
225424 244419 1673605377 294816 16 690542 0 0 449459
223139 244476 1673605377 310840 16 691117 0 0 421325
221595 244389 1673605377 326846 16 691692 0 0 421245
220656 244441 1673605377 342776 16 692267 0 0 449282
220061 244373 1673605377 374740 16 692842 0 0 449518
219913 244489 1673605377 390782 16 693417 0 0 421477
220174 244412 1673605377 406752 16 693992 0 0 421023
221030 244272 1673605377 422752 16 694567 0 0 449261
222219 244205 1673605377 454664 16 695142 0 0 449279
223531 244289 1673605377 470725 16 695717 0 0 421375
225541 244344 1673605377 486729 16 696292 0 0 449215
227447 244468 1673605377 502729 16 696867 0 0 449285
229421 244373 1673605377 534706 16 697442 0 0 449306
231448 244421 1673605377 550648 16 698017 0 0 421003
233056 244387 1673605377 566653 16 698592 0 0 449252
234052 244364 1673605377 582652 16 699167 0 0 449381
234616 244257 1673605377 614622 16 699742 0 0 449279
234816 244224 1673605377 630624 16 700317 0 0 421229
234762 244167 1673605377 646572 16 700892 0 0 449221
234143 244241 1673605377 662628 16 701467 0 0 449618
233119 244198 1673605377 694575 16 702042 0 0 449436
231800 244140 1673605377 710547 16 702617 0 0 421406
229936 244049 1673605377 726593 16 703191 0 0 449463
229038 244169 1673605377 742547 16 703766 0 0 449098
227077 244153 1673605377 774521 16 704341 0 0 449277
224407 244132 1673605377 790510 16 704916 0 0 421220
222490 244104 1673605377 806569 16 705491 0 0 449309
221572 244129 1673605377 822570 16 706066 0 0 449109
220698 244017 1673605377 854632 16 706641 0 0 448923
220357 244032 1673605377 870602 16 707216 0 0 420988
220489 244015 1673605377 886604 16 707791 0 0 449123
221281 244057 1673605377 918606 16 708366 0 0 449116
222634 244110 1673605377 934603 16 708941 0 0 421199
224195 244099 1673605377 950559 16 709516 0 0 421047
225660 244019 1673605377 966560 16 710091 0 0 449255
227735 244040 1673605377 998559 16 710666 0 0 449213
229451 244052 1673605378 14560 16 711241 0 0 421344
231234 244004 1673605378 30498 16 711816 0 0 421344
233123 244023 1673605378 46494 16 712391 0 0 449693
234109 244057 1673605378 78488 16 712966 0 0 449602
234835 244000 1673605378 94529 16 713541 0 0 421538
235241 244056 1673605378 110587 16 714116 0 0 449472
235107 244052 1673605378 126607 16 714691 0 0 449259
234739 244072 1673605378 158615 16 715266 0 0 449034
233680 244072 1673605378 174536 16 715841 0 0 420954
232145 244034 1673605378 190452 16 716416 0 0 449308
230250 244022 1673605378 206507 16 716991 0 0 449608
228221 244051 1673605378 238526 16 717566 0 0 449197
226485 244094 1673605378 254523 16 718141 0 0 421090
224646 244021 1673605378 270498 16 718716 0 0 449172
223079 244108 1673605378 286501 16 719291 0 0 449403
221630 244133 1673605378 318499 16 719866 0 0 449595
220829 244150 1673605378 334410 16 720441 0 0 421591
220320 244095 1673605378 350417 16 721016 0 0 449988
220354 244146 1673605378 366389 16 721591 0 0 449685
220924 244115 1673605378 398380 16 722166 0 0 449487
222218 244134 1673605378 414390 16 722741 0 0 421611
223576 244089 1673605378 430393 16 723316 0 0 449669
225410 244103 1673605378 446503 16 723891 0 0 449648
227580 244136 1673605378 478429 16 724466 0 0 449177
229912 244126 1673605378 494368 16 725041 0 0 421176
231123 244109 1673605378 510440 16 725615 0 0 449368
232453 244114 1673605378 542429 16 726190 0 0 448802
233748 244205 1673605378 558434 16 726765 0 0 420760
234642 244263 1673605378 574363 16 727340 0 0 420644
234927 244202 1673605378 590393 16 727915 0 0 448963
234958 244264 1673605378 622399 16 728490 0 0 448893
234533 244276 1673605378 638371 16 729065 0 0 420822
233689 244326 1673605378 654406 16 729640 0 0 421303
232334 244363 1673605378 670371 16 730215 0 0 449192
230896 244398 1673605378 702380 16 730790 0 0 449198
229053 244376 1673605378 718380 16 731365 0 0 421366
226872 244385 1673605378 734362 16 731940 0 0 449432
224968 244325 1673605378 750338 16 732515 0 0 449513
223365 244387 1673605378 782349 16 733090 0 0 449347
222251 244421 1673605378 798302 16 733665 0 0 421366
221246 244440 1673605378 814291 16 734240 0 0 449613
220292 244423 1673605378 830291 16 734815 0 0 449553
220035 244444 1673605378 862286 16 735390 0 0 449676
220219 244459 1673605378 878263 16 735965 0 0 421481
220870 244452 1673605378 894227 16 736540 0 0 449646
222085 244420 1673605378 910291 16 737115 0 0 449773
223661 244504 1673605378 942302 16 737690 0 0 449486
224862 244444 1673605378 958281 16 738265 0 0 421315
226160 244431 1673605378 974238 16 738840 0 0 449475
228905 244375 1673605378 990299 16 739415 0 0 449461
231372 244465 1673605379 22255 16 739990 0 0 449209
232729 244477 1673605379 38248 16 740565 0 0 421172
233719 244491 1673605379 54262 16 741140 0 0 449268
234295 244444 1673605379 86218 16 741715 0 0 449138
234773 244491 1673605379 102225 16 742290 0 0 420974
234516 244450 1673605379 118218 16 742865 0 0 421173
233670 244491 1673605379 134211 16 743440 0 0 449283
232706 244345 1673605379 166191 16 744015 0 0 449234
231604 244394 1673605379 182181 16 744590 0 0 421024
229732 244421 1673605379 198193 16 745165 0 0 421273
228209 244487 1673605379 214111 16 745740 0 0 449268
226282 244408 1673605379 246164 16 746315 0 0 449533
224240 244409 1673605379 262200 16 746890 0 0 421459
222568 244366 1673605379 278121 16 747464 0 0 449273
221698 244403 1673605379 294167 16 748039 0 0 449576
220712 244326 1673605379 326150 16 748614 0 0 449391
220254 244344 1673605379 342139 16 749189 0 0 421305
220240 244273 1673605379 358160 16 749764 0 0 449402
220984 244380 1673605379 374186 16 750339 0 0 449294
221888 244292 1673605379 406137 16 750914 0 0 449245
223221 244329 1673605379 422114 16 751489 0 0 420922
224567 244279 1673605379 438112 16 752064 0 0 449126
226390 244312 1673605379 454112 16 752639 0 0 449356
228253 244224 1673605379 486109 16 753214 0 0 449078
230546 244305 1673605379 502096 16 753789 0 0 421165
232297 244229 1673605379 518089 16 754364 0 0 449272
233373 244259 1673605379 534082 16 754939 0 0 449258
234049 244215 1673605379 566086 16 755514 0 0 449356
234729 244296 1673605379 582049 16 756089 0 0 421367
234900 244230 1673605379 598060 16 756664 0 0 449531
234468 244253 1673605379 614036 16 757239 0 0 449411
233382 244170 1673605379 646025 16 757814 0 0 449489
232363 244272 1673605379 662084 16 758389 0 0 421422
231402 244217 1673605379 677974 16 758964 0 0 449289
230183 244273 1673605379 710038 16 759539 0 0 449632
227839 244111 1673605379 726029 16 760114 0 0 421476
224941 244180 1673605379 742018 16 760689 0 0 421483
222823 244139 1673605379 758030 16 761264 0 0 449601
221526 244225 1673605379 790023 16 761839 0 0 449429
220649 244117 1673605379 806001 16 762414 0 0 421397
220365 244190 1673605379 822028 16 762989 0 0 421390
220555 244142 1673605379 838000 16 763564 0 0 449362
221493 244150 1673605379 870009 16 764139 0 0 449667
223066 244093 1673605379 885979 16 764714 0 0 421194
224799 244125 1673605379 902004 16 765289 0 0 449432
226883 244146 1673605379 917970 16 765864 0 0 449313
228779 244237 1673605379 949963 16 766439 0 0 449394
230811 244120 1673605379 965945 16 767014 0 0 421366
232637 244189 1673605379 981935 16 767589 0 0 449499
234076 244184 1673605379 997921 16 768164 0 0 449457
234704 244188 1673605380 29843 16 768739 0 0 449600
234744 244117 1673605380 45974 16 769314 0 0 421494
234415 244284 1673605380 61874 16 769889 0 0 449122
233344 244251 1673605380 77825 16 770463 0 0 449272
232056 244393 1673605380 109908 16 771038 0 0 449532
230192 244300 1673605380 125919 16 771613 0 0 421264
228134 244386 1673605380 141888 16 772188 0 0 449295
226223 244326 1673605380 157878 16 772763 0 0 449341
224728 244439 1673605380 189899 16 773338 0 0 449341
223385 244296 1673605380 205878 16 773913 0 0 421197
222418 244373 1673605380 221889 16 774488 0 0 449278
221322 244333 1673605380 237881 16 775063 0 0 449696
220544 244388 1673605380 269882 16 775638 0 0 449469
219979 244344 1673605380 285858 16 776213 0 0 421220
220187 244484 1673605380 301864 16 776788 0 0 449453
220658 244441 1673605380 333836 16 777363 0 0 449470
221532 244428 1673605380 349829 16 777938 0 0 421310
222910 244380 1673605380 365873 16 778513 0 0 421299
225331 244546 1673605380 381784 16 779088 0 0 449240
227993 244504 1673605380 413806 16 779663 0 0 449480
230359 244544 1673605380 429842 16 780238 0 0 421423
231637 244365 1673605380 445737 16 780813 0 0 421269
232998 244506 1673605380 461758 16 781388 0 0 449717
233969 244486 1673605380 493805 16 781963 0 0 449559
234528 244498 1673605380 509794 16 782538 0 0 421463
234610 244424 1673605380 525807 16 783113 0 0 449553
234642 244519 1673605380 541809 16 783688 0 0 449483
234347 244506 1673605380 573783 16 784263 0 0 449630
233786 244515 1673605380 589773 16 784838 0 0 421262
232723 244442 1673605380 605787 16 785413 0 0 449393
231758 244459 1673605380 621789 16 785988 0 0 449470
230797 244430 1673605380 653721 16 786563 0 0 449092
229736 244530 1673605380 669757 16 787138 0 0 421149
228349 244455 1673605380 685760 16 787713 0 0 449140
226346 244458 1673605380 701759 16 788288 0 0 449091
224336 244406 1673605380 733717 16 788863 0 0 449140
222605 244408 1673605380 749687 16 789438 0 0 421108
221333 244374 1673605380 765719 16 790013 0 0 449267
220464 244427 1673605380 781701 16 790588 0 0 449120
219966 244416 1673605380 813680 16 791163 0 0 449232
219985 244469 1673605380 829748 16 791738 0 0 421181
220691 244494 1673605380 845716 16 792313 0 0 448960
221487 244446 1673605380 877680 16 792887 0 0 449101
222583 244380 1673605380 893654 16 793462 0 0 421067
224072 244404 1673605380 909683 16 794037 0 0 421155
226203 244405 1673605380 925684 16 794612 0 0 449092
228346 244442 1673605380 957635 16 795187 0 0 448983
229948 244402 1673605380 973661 16 795762 0 0 421062
231559 244326 1673605380 989659 16 796337 0 0 420908
233111 244372 1673605381 5618 16 796912 0 0 448973
234152 244360 1673605381 37664 16 797487 0 0 449355
234702 244391 1673605381 53606 16 798062 0 0 421223
234926 244383 1673605381 69612 16 798637 0 0 449472
234364 244297 1673605381 85611 16 799212 0 0 449360
233467 244272 1673605381 117605 16 799787 0 0 449465
232877 244232 1673605381 133608 16 800362 0 0 421398
231945 244185 1673605381 149607 16 800937 0 0 449420
230403 244218 1673605381 165605 16 801512 0 0 449515
228435 244250 1673605381 197549 16 802087 0 0 449515
226378 244266 1673605381 213552 16 802662 0 0 421344
225505 244285 1673605381 229589 16 803237 0 0 449449
224377 244219 1673605381 245550 16 803812 0 0 449116
222629 244209 1673605381 277527 16 804387 0 0 449274
221326 244189 1673605381 293549 16 804962 0 0 421214
220514 244162 1673605381 309559 16 805537 0 0 449208
220166 244107 1673605381 325534 16 806112 0 0 449184
220511 244114 1673605381 357444 16 806687 0 0 449268
221095 244071 1673605381 373502 16 807262 0 0 421264
221884 244098 1673605381 389533 16 807837 0 0 449088
222823 244122 1673605381 405536 16 808412 0 0 448990
224040 244117 1673605381 437518 16 808987 0 0 449109
225096 244154 1673605381 453483 16 809562 0 0 420912
226228 244109 1673605381 469516 16 810137 0 0 449091
227433 244077 1673605381 501487 16 810712 0 0 449052
228260 244084 1673605381 517461 16 811287 0 0 421037
228581 244085 1673605381 533472 16 811862 0 0 421040
228655 244064 1673605381 549471 16 812436 0 0 448901
228821 244183 1673605381 581437 16 813011 0 0 449107
228151 244155 1673605381 597423 16 813587 0 0 421218
226943 244175 1673605381 613430 16 814161 0 0 421180
225567 244120 1673605381 629495 16 814736 0 0 449216
223902 244150 1673605381 661415 16 815312 0 0 448963
221939 244239 1673605381 677434 16 815886 0 0 421024
220678 244246 1673605381 693418 16 816461 0 0 449008
219292 244169 1673605381 709418 16 817036 0 0 448973
218077 244176 1673605381 741433 16 817611 0 0 449109
216952 244262 1673605381 757399 16 818186 0 0 421016
216337 244285 1673605381 773412 16 818761 0 0 449133
215772 244206 1673605381 789451 16 819336 0 0 449136
215446 244236 1673605381 821385 16 819911 0 0 449024
215618 244147 1673605381 837388 16 820486 0 0 421136
216519 244146 1673605381 853383 16 821061 0 0 449180
217454 244146 1673605381 869385 16 821636 0 0 449264
218726 244226 1673605381 901366 16 822211 0 0 449201
219882 244180 1673605381 917336 16 822786 0 0 421142
221643 244158 1673605381 933341 16 823361 0 0 449336
223463 244045 1673605381 949339 16 823936 0 0 449199
225583 244038 1673605381 981295 16 824511 0 0 449252
227239 243922 1673605381 997316 16 825086 0 0 421351
228252 243890 1673605382 13195 16 825661 0 0 449295
229071 243698 1673605382 29441 16 826236 0 0 449734
229644 243707 1673605382 61302 16 826811 0 0 448866
229668 243539 1673605382 77289 16 827386 0 0 420919
229287 243476 1673605382 93305 16 827961 0 0 449025
228450 243322 1673605382 125315 16 828536 0 0 448863
227104 243243 1673605382 141350 16 829111 0 0 420796
226609 243089 1673605382 157324 16 829686 0 0 420666
223681 243033 1673605382 173270 16 830261 0 0 448795
220731 242856 1673605382 205276 16 830836 0 0 449059
220552 242773 1673605382 221259 16 831411 0 0 420549
218602 242566 1673605382 237292 16 831986 0 0 421459
216693 242490 1673605382 253243 16 832561 0 0 449297
215669 242304 1673605382 285250 16 833136 0 0 449424
215016 242271 1673605382 301240 16 833710 0 0 421349
214710 242115 1673605382 317253 16 834286 0 0 449567
215057 241977 1673605382 333197 16 834861 0 0 449644
215725 241802 1673605382 365194 16 835436 0 0 449750
217016 241745 1673605382 381202 16 836011 0 0 421486
218586 241610 1673605382 397203 16 836585 0 0 449442
219659 241589 1673605382 413130 16 837160 0 0 449379
221030 241408 1673605382 445170 16 837735 0 0 449752
223851 241421 1673605382 461125 16 838310 0 0 421468
225728 241295 1673605382 477176 16 838885 0 0 449757
227039 241168 1673605382 493182 16 839460 0 0 449446
228476 240998 1673605382 525158 16 840035 0 0 449471
229671 240896 1673605382 541120 16 840610 0 0 421218
230422 240688 1673605382 557171 16 841185 0 0 449426
230914 240518 1673605382 573151 16 841760 0 0 449373
230873 240288 1673605382 605151 16 842335 0 0 449447
230425 240083 1673605382 621135 16 842910 0 0 421113
229566 239841 1673605382 637151 16 843485 0 0 449280
228626 239751 1673605382 669105 16 844060 0 0 449066
227453 239513 1673605382 685124 16 844635 0 0 421209
226517 239359 1673605382 701109 16 845210 0 0 421163
224686 239150 1673605382 717108 16 845785 0 0 449271
223088 238981 1673605382 749097 16 846360 0 0 449141
221589 238780 1673605382 765086 16 846935 0 0 421253
220659 238756 1673605382 781099 16 847510 0 0 421221
219965 238655 1673605382 797078 16 848085 0 0 449252
219567 238666 1673605382 829073 16 848660 0 0 449269
219588 238554 1673605382 845105 16 849235 0 0 421253
220353 238554 1673605382 861041 16 849810 0 0 449177
221326 238541 1673605382 877085 16 850385 0 0 449469
223002 238580 1673605382 909062 16 850960 0 0 449263
224583 238567 1673605382 925053 16 851535 0 0 421203
226695 238822 1673605382 941008 16 852110 0 0 449301
228773 238909 1673605382 957071 16 852685 0 0 449421
230723 238970 1673605382 989044 16 853260 0 0 449246
232415 238920 1673605383 5031 16 853835 0 0 421120
233456 238798 1673605383 21067 16 854410 0 0 449237
233800 238384 1673605383 37043 16 854985 0 0 449224
232898 238014 1673605383 69022 16 855560 0 0 449082
229818 237696 1673605383 85014 16 856134 0 0 421130
226439 237733 1673605383 100980 16 856709 0 0 449214
223917 237950 1673605383 116962 16 857284 0 0 449302
221991 238248 1673605383 148931 16 857860 0 0 449304
220865 238484 1673605383 164935 16 858434 0 0 421427
219725 238769 1673605383 180938 16 859009 0 0 449465
218130 238816 1673605383 196937 16 859584 0 0 449409
215995 238819 1673605383 228906 16 860159 0 0 449539
214422 238719 1673605383 244903 16 860734 0 0 421405
213530 238649 1673605383 260866 16 861309 0 0 449522
213035 238559 1673605383 292918 16 861884 0 0 449625
212908 238551 1673605383 308889 16 862459 0 0 421383
213272 238543 1673605383 324916 16 863034 0 0 421324
213920 238618 1673605383 340903 16 863609 0 0 449327
214697 238661 1673605383 372875 16 864184 0 0 449387
215631 238784 1673605383 388889 16 864759 0 0 421346
216481 238891 1673605383 404885 16 865334 0 0 421293
216918 239041 1673605383 420887 16 865909 0 0 449356
217382 239030 1673605383 452871 16 866484 0 0 449339
218832 238771 1673605383 468850 16 867059 0 0 421147
220545 238293 1673605383 484872 16 867634 0 0 449342
223101 237994 1673605383 500832 16 868209 0 0 449163
227489 238024 1673605383 532814 16 868784 0 0 449398
232277 238421 1673605383 548861 16 869359 0 0 421292
232762 239115 1673605383 564818 16 869934 0 0 449179
231496 239487 1673605383 580787 16 870509 0 0 449380
229706 239515 1673605383 612795 16 871084 0 0 449475
227914 239460 1673605383 628708 16 871659 0 0 421399
225682 239324 1673605383 644868 16 872234 0 0 449768
223953 239374 1673605383 660773 16 872809 0 0 449138
222003 239486 1673605383 692770 16 873384 0 0 449551
220832 239437 1673605383 708766 16 873959 0 0 421336
220244 239466 1673605383 724781 16 874534 0 0 449411
220317 239568 1673605383 740816 16 875109 0 0 449523
220900 239608 1673605383 772794 16 875684 0 0 449249
222143 239676 1673605383 788831 16 876259 0 0 421083
223860 239772 1673605383 804793 16 876834 0 0 449036
225830 239800 1673605383 820752 16 877409 0 0 448863
227624 239872 1673605383 852773 16 877983 0 0 449465
229781 239807 1673605383 868770 16 878558 0 0 421035
231524 239853 1673605383 884773 16 879133 0 0 449120
232918 239833 1673605383 916723 16 879708 0 0 449095
234083 239979 1673605383 932713 16 880283 0 0 421115
234625 240081 1673605383 948729 16 880858 0 0 421273
234373 240134 1673605383 964698 16 881433 0 0 449274
233642 240202 1673605383 996692 16 882008 0 0 449512
232424 240367 1673605384 12728 16 882583 0 0 421308
230799 240443 1673605384 28636 16 883158 0 0 421135
228435 240585 1673605384 44641 16 883733 0 0 449555
226232 240618 1673605384 76702 16 884308 0 0 449527
224328 240711 1673605384 92690 16 884883 0 0 421408
222595 240795 1673605384 108692 16 885458 0 0 449482
221048 240910 1673605384 124571 16 886033 0 0 449440
219852 240961 1673605384 156665 16 886608 0 0 449924
219033 241057 1673605384 172659 16 887183 0 0 421656
218507 241104 1673605384 188630 16 887758 0 0 449748
218645 241157 1673605384 204666 16 888333 0 0 449976
219112 241179 1673605384 236647 16 888908 0 0 449526
220155 241356 1673605384 252646 16 889483 0 0 421484
221228 241364 1673605384 268647 16 890058 0 0 449617
222714 241584 1673605384 284656 16 890633 0 0 449571
224209 241704 1673605384 316626 16 891208 0 0 449546
226043 241903 1673605384 332615 16 891783 0 0 421069
227454 241927 1673605384 348629 16 892358 0 0 449266
228865 242118 1673605384 364618 16 892933 0 0 449196
230118 242243 1673605384 396625 16 893508 0 0 449132
231099 242390 1673605384 412656 16 894083 0 0 421176
231448 242485 1673605384 428607 16 894658 0 0 449127
231424 242631 1673605384 460526 16 895233 0 0 449296
230962 242820 1673605384 476561 16 895808 0 0 421295
230189 242971 1673605384 492568 16 896383 0 0 421204
228705 242948 1673605384 508542 16 896958 0 0 449229
227159 243132 1673605384 540573 16 897533 0 0 449282
225187 243273 1673605384 556561 16 898108 0 0 421227
223387 243460 1673605384 572539 16 898683 0 0 421231
221384 243473 1673605384 588540 16 899258 0 0 449390
219404 243676 1673605384 620505 16 899833 0 0 449496
217684 243697 1673605384 636538 16 900407 0 0 421229
216328 243892 1673605384 652550 16 900982 0 0 449118
215398 243951 1673605384 668500 16 901557 0 0 449199
215206 244057 1673605384 700499 16 902132 0 0 449399
215306 244064 1673605384 716491 16 902707 0 0 421232
215981 244175 1673605384 732506 16 903282 0 0 449364
216854 244150 1673605384 748474 16 903857 0 0 449269
218220 244314 1673605384 780471 16 904432 0 0 449304
219759 244321 1673605384 796504 16 905007 0 0 421234
221603 244440 1673605384 812483 16 905582 0 0 449213
223635 244374 1673605384 828384 16 906157 0 0 449402
225403 244543 1673605384 860472 16 906732 0 0 449794
226842 244532 1673605384 876464 16 907307 0 0 421465
228342 244686 1673605384 892473 16 907882 0 0 449568
229209 244591 1673605384 908459 16 908457 0 0 449509
229715 244757 1673605384 940448 16 909032 0 0 449610
229591 244779 1673605384 956402 16 909607 0 0 421431
229052 244914 1673605384 972450 16 910182 0 0 449667
228048 244808 1673605384 988430 16 910757 0 0 449614
227061 245049 1673605385 20427 16 911332 0 0 449611
225473 245073 1673605385 36429 16 911907 0 0 421188
223397 245204 1673605385 52424 16 912482 0 0 449334
221388 245134 1673605385 84378 16 913057 0 0 449323
219809 245174 1673605385 100379 16 913632 0 0 421319
218257 245193 1673605385 116376 16 914207 0 0 421267
216997 245324 1673605385 132378 16 914782 0 0 449344
215591 245286 1673605385 164344 16 915357 0 0 449175
214822 245303 1673605385 180351 16 915932 0 0 421296
214534 245319 1673605385 196346 16 916507 0 0 421201
214802 245445 1673605385 212309 16 917082 0 0 449293
215252 245339 1673605385 244330 16 917657 0 0 449430
216158 245404 1673605385 260338 16 918232 0 0 421318
217268 245416 1673605385 276338 16 918807 0 0 449325
219042 245422 1673605385 292346 16 919382 0 0 449329
221004 245398 1673605385 324320 16 919957 0 0 449290
223535 245373 1673605385 340313 16 920532 0 0 421244
225117 245342 1673605385 356360 16 921107 0 0 449315
226444 245366 1673605385 372327 16 921681 0 0 449077
227624 245415 1673605385 404294 16 922257 0 0 449274
228820 245478 1673605385 420269 16 922831 0 0 421048
229479 245448 1673605385 436301 16 923406 0 0 449230
229645 245399 1673605385 452302 16 923981 0 0 449146
229239 245302 1673605385 484242 16 924556 0 0 449143
228501 245359 1673605385 500243 16 925131 0 0 421147
226841 245292 1673605385 516240 16 925706 0 0 449197
225229 245263 1673605385 532240 16 926281 0 0 449183
223077 245238 1673605385 564205 16 926856 0 0 449445
221151 245271 1673605385 580214 16 927431 0 0 421185
219494 245213 1673605385 596298 16 928006 0 0 449250
218073 245274 1673605385 612160 16 928581 0 0 448869
216573 245246 1673605385 644217 16 929156 0 0 449469
215446 245315 1673605385 660217 16 929731 0 0 421347
215022 245433 1673605385 676223 16 930306 0 0 449370
215403 245445 1673605385 708216 16 930881 0 0 449353
216122 245292 1673605385 724228 16 931456 0 0 421272
217639 245340 1673605385 740207 16 932031 0 0 421230
219941 245388 1673605385 756171 16 932606 0 0 449349
222257 245430 1673605385 788179 16 933181 0 0 449508
224664 245350 1673605385 804185 16 933756 0 0 421718
227333 245453 1673605385 820184 16 934331 0 0 421208
229550 245433 1673605385 836186 16 934906 0 0 449338
231123 245374 1673605385 868164 16 935481 0 0 449331
232747 245359 1673605385 884151 16 936056 0 0 421295
234885 245534 1673605385 900142 16 936631 0 0 449410
235381 245456 1673605385 916147 16 937206 0 0 449484
235665 245475 1673605385 948105 16 937781 0 0 449393
235415 245416 1673605385 964120 16 938356 0 0 421227
234642 245350 1673605385 980113 16 938931 0 0 449258
233431 245261 1673605385 996160 16 939506 0 0 449303
231785 245231 1673605386 28122 16 940081 0 0 449135
230479 245194 1673605386 44130 16 940656 0 0 421099
229167 245235 1673605386 60110 16 941231 0 0 449128
227023 245126 1673605386 76110 16 941806 0 0 449153
225233 245100 1673605386 108100 16 942381 0 0 449121
224278 245090 1673605386 124089 16 942956 0 0 421071
223529 245171 1673605386 140102 16 943531 0 0 449149
222376 245201 1673605386 156085 16 944105 0 0 449059
222076 245254 1673605386 188074 16 944680 0 0 449094
222182 245190 1673605386 204077 16 945255 0 0 421192
222420 245140 1673605386 220079 16 945830 0 0 449224
223342 245176 1673605386 252054 16 946405 0 0 449245
225138 245148 1673605386 268053 16 946980 0 0 421121
226705 245094 1673605386 284034 16 947555 0 0 421124
228009 245139 1673605386 300036 16 948130 0 0 449258
229287 245135 1673605386 332012 16 948705 0 0 449213
230983 245063 1673605386 348027 16 949280 0 0 421301
232903 245086 1673605386 364001 16 949855 0 0 421188
234917 245110 1673605386 379956 16 950430 0 0 449346
236361 245219 1673605386 412006 16 951005 0 0 449515
236833 245233 1673605386 427999 16 951580 0 0 421402
236995 245188 1673605386 444011 16 952155 0 0 449481
236684 245144 1673605386 459993 16 952730 0 0 449435
235847 245151 1673605386 492005 16 953305 0 0 449432
234893 245056 1673605386 507968 16 953880 0 0 421352
233303 245023 1673605386 523972 16 954455 0 0 449537
231370 244965 1673605386 539980 16 955030 0 0 449576
229186 244963 1673605386 571978 16 955605 0 0 449457
227083 244790 1673605386 587924 16 956180 0 0 421224
225801 244672 1673605386 603947 16 956755 0 0 449534
222712 243998 1673605386 619948 16 957330 0 0 449429
222605 244299 1673605386 651928 16 957905 0 0 449467
222327 244637 1673605386 667905 16 958480 0 0 421345
221870 244962 1673605386 683906 16 959055 0 0 449513
221812 244761 1673605386 699912 16 959630 0 0 449379
222144 244680 1673605386 731901 16 960205 0 0 449372
223290 244661 1673605386 747855 16 960780 0 0 421334
224383 244705 1673605386 763866 16 961355 0 0 449570
225991 244680 1673605386 779847 16 961930 0 0 449341
228735 244749 1673605386 811875 16 962505 0 0 449489
231164 244750 1673605386 827886 16 963080 0 0 421392
232808 244744 1673605386 843842 16 963655 0 0 449412
234387 244686 1673605386 875862 16 964230 0 0 449486
235829 244752 1673605386 891851 16 964805 0 0 421395
236530 244659 1673605386 907829 16 965380 0 0 421455
236687 244714 1673605386 923858 16 965954 0 0 449501
236308 244668 1673605386 955857 16 966529 0 0 449238
235828 244707 1673605386 971839 16 967104 0 0 421201
234784 244613 1673605386 987848 16 967679 0 0 421197
233521 244673 1673605387 3850 16 968254 0 0 449267
231681 244641 1673605387 35830 16 968829 0 0 449298
229506 244713 1673605387 51831 16 969404 0 0 421085
227340 244612 1673605387 67782 16 969979 0 0 449175
225248 244633 1673605387 83781 16 970554 0 0 449309
223698 244528 1673605387 115784 16 971129 0 0 449333
222547 244532 1673605387 131776 16 971704 0 0 421356
221937 244443 1673605387 147762 16 972279 0 0 449459
221885 244442 1673605387 163761 16 972854 0 0 449445
222421 244446 1673605387 195752 16 973429 0 0 449480
223669 244451 1673605387 211748 16 974004 0 0 421419
225138 244412 1673605387 227687 16 974579 0 0 449491
226683 244448 1673605387 243740 16 975154 0 0 449710
228692 244329 1673605387 275750 16 975729 0 0 449352
230680 244379 1673605387 291747 16 976304 0 0 421263
232677 244309 1673605387 307655 16 976879 0 0 449353
234411 244318 1673605387 323724 16 977454 0 0 449649
235759 244248 1673605387 355727 16 978029 0 0 449359
236609 244309 1673605387 371702 16 978604 0 0 421277
236968 244269 1673605387 387700 16 979179 0 0 449433
236606 244346 1673605387 403705 16 979754 0 0 449426
235995 244279 1673605387 435706 16 980329 0 0 449193
234743 244361 1673605387 451653 16 980904 0 0 421302
233042 244324 1673605387 467619 16 981479 0 0 449573
231081 244339 1673605387 499621 16 982054 0 0 449682
228843 244289 1673605387 515620 16 982629 0 0 421280
226815 244399 1673605387 531594 16 983204 0 0 421524
225170 244355 1673605387 547595 16 983779 0 0 449695
223904 244421 1673605387 579594 16 984354 0 0 449603
222652 244335 1673605387 595567 16 984929 0 0 421521
222161 244391 1673605387 611592 16 985504 0 0 421633
221951 244296 1673605387 627536 16 986079 0 0 449623
222319 244322 1673605387 659612 16 986654 0 0 449633
223207 244296 1673605387 675531 16 987229 0 0 421371
224798 244369 1673605387 691525 16 987804 0 0 449735
226596 244240 1673605387 707581 16 988379 0 0 449752
228390 244230 1673605387 739613 16 988953 0 0 449368
230269 244210 1673605387 755520 16 989528 0 0 421267
232404 244316 1673605387 771541 16 990103 0 0 449671
234118 244269 1673605387 787543 16 990678 0 0 449502
235395 244299 1673605387 819542 16 991253 0 0 449583
236300 244250 1673605387 835537 16 991828 0 0 421310
236875 244291 1673605387 851497 16 992403 0 0 449470
236945 244195 1673605387 867496 16 992978 0 0 449325
236806 244243 1673605387 899498 16 993553 0 0 449308
236013 244206 1673605387 915497 16 994128 0 0 421523
235205 244326 1673605387 931473 16 994703 0 0 449631
233538 244256 1673605387 947472 16 995278 0 0 449387
231658 244285 1673605387 979472 16 995853 0 0 449464
229477 244231 1673605387 995430 16 996428 0 0 421395
227881 244270 1673605388 11422 16 997003 0 0 449618
227021 244187 1673605388 43435 0 997577 0 0 449531
226437 244286 1673605388 59463 0 998110 0 0 419253
226032 244252 1673605388 75414 0 998576 0 0 408525
226184 244223 1673605388 91361 0 998976 0 0 419633
226152 244222 1673605388 123426 0 999311 0 0 396301
226697 244302 1673605388 139436 0 999579 0 0 353123
227566 244268 1673605388 155483 0 999781 0 0 316682
228828 244334 1673605388 171442 0 999918 0 0 301945
229403 244245 1673605388 203466 0 999988 0 0 252499
229722 244218 1673605388 219417 32 1000000 0 0 197002
