20630 0 1673954747 557171 0 -2968982 0 0 891144
21857 0 1673954747 589149 0 -2967783 0 0 901811
20155 0 1673954747 605290 0 -2966573 0 0 852878
21919 0 1673954747 621264 0 -2965351 0 0 916659
20178 0 1673954747 653207 0 -2964117 0 0 927200
21741 0 1673954747 669093 0 -2962871 0 0 876541
20965 0 1673954747 685157 0 -2961614 0 0 887696
20360 0 1673954747 701142 0 -2960344 0 0 954485
22201 0 1673954747 733140 0 -2959063 0 0 965032
21347 0 1673954747 749111 0 -2957770 0 0 911992
20094 0 1673954747 765149 0 -2956466 0 0 922161
19865 0 1673954747 781005 0 -2955149 0 0 991347
21016 0 1673954747 813128 0 -2953820 0 0 1004018
22164 0 1673954747 828949 0 -2952481 0 0 948444
21643 0 1673954747 845056 0 -2951129 0 0 1021021
20407 0 1673954747 861016 0 -2949765 0 0 1029704
20318 0 1673954747 892922 0 -2948390 0 0 1040789
20237 0 1673954747 909000 0 -2947002 0 0 983547
20717 0 1673954747 924977 0 -2945603 0 0 1056366
22111 0 1673954747 940910 0 -2944193 0 0 1066685
21840 0 1673954747 972890 0 -2942770 0 0 1077926
20469 0 1673954747 988889 0 -2941335 0 0 1017074
19974 0 1673954748 4941 0 -2939889 0 0 1093163
20156 0 1673954748 20917 0 -2938431 0 0 1101560
20648 0 1673954748 52907 0 -2936961 0 0 1113012
21675 0 1673954748 68888 0 -2935480 0 0 1050735
22152 0 1673954748 84814 0 -2933987 0 0 1128736
21635 0 1673954748 100862 0 -2932481 0 0 1140531
20957 0 1673954748 132834 0 -2930965 0 0 1150242
20239 0 1673954748 148844 0 -2929436 0 0 1085416
20202 0 1673954748 164819 0 -2927895 0 0 1165698
21004 0 1673954748 180853 0 -2926343 0 0 1176278
21736 0 1673954748 213533 0 -2924779 0 0 1186767
22002 0 1673954748 228802 0 -2923203 0 0 1118349
21537 0 1673954748 244765 0 -2921615 0 0 1208514
21590 0 1673954748 276670 0 -2920016 0 0 1219054
20852 0 1673954748 292764 0 -2918404 0 0 1150246
20216 0 1673954748 308808 0 -2916781 0 0 1160212
20617 0 1673954748 324676 0 -2915146 0 0 1244719
21100 0 1673954748 356655 0 -2913500 0 0 1256404
21589 0 1673954748 372706 0 -2911841 0 0 1185663
21873 0 1673954748 388706 0 -2910171 0 0 1195821
22004 0 1673954748 404707 0 -2908489 0 0 1284726
22028 0 1673954748 436686 0 -2906795 0 0 1287643
21718 0 1673954748 452686 0 -2905089 0 0 1214485
21226 0 1673954748 468674 0 -2903372 0 0 1303215
20861 0 1673954748 484642 0 -2901642 0 0 1314717
20515 0 1673954748 516621 0 -2899901 0 0 1325847
20522 0 1673954748 532618 0 -2898149 0 0 1249371
20215 0 1673954748 548602 0 -2896384 0 0 1340707
20275 0 1673954748 564571 0 -2894608 0 0 1351751
20495 0 1673954748 596548 0 -2892820 0 0 1362441
20682 0 1673954748 612518 0 -2891019 0 0 1285024
20884 0 1673954748 628588 0 -2889207 0 0 1378954
21147 0 1673954748 644576 0 -2887384 0 0 1388531
21476 0 1673954748 676473 0 -2885549 0 0 1398792
21786 0 1673954748 692516 0 -2883701 0 0 1318958
21926 0 1673954748 708457 0 -2881843 0 0 1414314
21876 0 1673954748 724478 0 -2879972 0 0 1425309
21699 0 1673954748 756460 0 -2878089 0 0 1435344
21330 0 1673954748 772464 0 -2876195 0 0 1352928
20899 0 1673954748 788502 0 -2874289 0 0 1451011
20470 0 1673954748 820441 0 -2872371 0 0 1460587
20359 0 1673954748 836467 0 -2870441 0 0 1377753
20640 0 1673954748 852425 0 -2868500 0 0 1387663
20984 0 1673954748 868461 0 -2866547 0 0 1488362
21397 0 1673954748 900425 0 -2864582 0 0 1498866
21746 0 1673954748 916410 0 -2862605 0 0 1412117
21801 0 1673954748 932407 0 -2860616 0 0 1422892
21484 0 1673954748 948409 0 -2858616 0 0 1525709
20957 0 1673954748 980391 0 -2856603 0 0 1536180
20563 0 1673954748 996362 0 -2854580 0 0 1448154
20460 0 1673954749 12323 0 -2852544 0 0 1552925
20714 0 1673954749 28349 0 -2850496 0 0 1564170
21219 0 1673954749 60297 0 -2848437 0 0 1573694
21631 0 1673954749 76237 0 -2846366 0 0 1483517
21676 0 1673954749 92277 0 -2844283 0 0 1591059
21417 0 1673954749 108184 0 -2842188 0 0 1600718
21023 0 1673954749 140205 0 -2840081 0 0 1612334
20671 0 1673954749 156202 0 -2837963 0 0 1519127
20585 0 1673954749 172185 0 -2835833 0 0 1628338
20820 0 1673954749 188262 0 -2833691 0 0 1638551
21246 0 1673954749 220148 0 -2831537 0 0 1647407
21530 0 1673954749 236299 0 -2829372 0 0 1552750
21575 0 1673954749 252186 0 -2827194 0 0 1662169
21351 0 1673954749 268170 0 -2825005 0 0 1673275
21021 0 1673954749 300158 0 -2822804 0 0 1684352
20745 0 1673954749 316009 0 -2820591 0 0 1585485
20714 0 1673954749 332136 0 -2818367 0 0 1701364
21024 0 1673954749 348139 0 -2816130 0 0 1710053
21361 0 1673954749 380138 0 -2813882 0 0 1720141
21471 0 1673954749 396125 0 -2811623 0 0 1621103
21356 0 1673954749 412051 0 -2809350 0 0 1737166
21042 0 1673954749 443949 4 -2807067 0 0 1750444
20832 0 1673954749 460011 0 -2804772 0 0 1647573
20810 0 1673954749 475982 0 -2802465 0 0 1656840
21031 0 1673954749 491976 0 -2800146 0 0 1775619
21280 0 1673954749 523925 0 -2797816 0 0 1784014
21396 0 1673954749 539931 0 -2795473 0 0 1681864
21287 0 1673954749 555913 0 -2793119 0 0 1692171
21065 0 1673954749 571866 0 -2790753 0 0 1813179
20853 0 1673954749 603923 0 -2788375 0 0 1823937
20901 0 1673954749 619931 0 -2785986 0 0 1716395
21133 0 1673954749 635796 0 -2783584 0 0 1838429
21365 0 1673954749 651889 0 -2781171 0 0 1851655
21328 0 1673954749 683885 0 -2778746 0 0 1860227
21095 0 1673954749 699867 0 -2776309 0 0 1751612
20874 0 1673954749 715798 0 -2773861 0 0 1876357
20817 0 1673954749 731745 0 -2771400 0 0 1887933
20979 0 1673954749 763794 0 -2768928 0 0 1898827
21254 0 1673954749 779749 0 -2766444 0 0 1787020
21451 0 1673954749 795799 0 -2763949 0 0 1914916
21340 0 1673954749 811794 0 -2761441 0 0 1924622
20994 0 1673954749 843769 0 -2758922 0 0 1933045
20715 0 1673954749 859731 0 -2756391 0 0 1821278
20773 0 1673954749 875747 0 -2753848 0 0 1951200
21087 0 1673954749 891603 0 -2751293 0 0 1961131
21502 0 1673954749 923616 0 -2748727 0 0 1972619
21580 0 1673954749 939648 0 -2746148 0 0 1856287
21257 0 1673954749 955681 0 -2743559 0 0 1987511
20775 0 1673954749 987644 0 -2740957 0 0 1996750
20533 0 1673954750 3630 0 -2738343 0 0 1880376
20835 0 1673954750 19626 0 -2735718 0 0 1890875
21417 0 1673954750 35682 0 -2733080 0 0 2024876
21766 0 1673954750 67619 0 -2730431 0 0 2033734
21593 0 1673954750 83539 0 -2727770 0 0 1914660
20950 0 1673954750 99504 0 -2725098 0 0 1924047
20388 0 1673954750 115564 0 -2722413 0 0 2060952
20670 0 1673954750 147499 0 -2719717 0 0 2070922
21410 0 1673954750 163438 0 -2717009 0 0 1949839
21959 0 1673954750 179439 0 -2714290 0 0 2088598
21673 0 1673954750 195479 0 -2711558 0 0 2098806
20839 0 1673954750 227448 0 -2708814 0 0 2108425
20158 0 1673954750 243458 0 -2706059 0 0 1985288
20407 0 1673954750 259438 0 -2703292 0 0 2125146
21389 0 1673954750 275511 0 -2700514 0 0 2134526
22076 0 1673954750 307409 0 -2697723 0 0 2143065
22101 0 1673954750 323331 0 -2694921 0 0 2018021
21308 0 1673954750 339303 0 -2692107 0 0 2161676
20068 0 1673954750 355322 0 -2689281 0 0 2171593
20074 0 1673954750 387338 0 -2686443 0 0 2181633
21255 0 1673954750 403296 0 -2683593 0 0 2053423
22183 0 1673954750 419337 0 -2680733 0 0 2198803
22171 0 1673954750 435300 0 -2677859 0 0 2208703
20613 0 1673954750 467235 0 -2674975 0 0 2219368
19729 0 1673954750 483197 0 -2672078 0 0 2089791
20392 0 1673954750 499242 0 -2669169 0 0 2237295
21778 0 1673954750 531246 0 -2666249 0 0 2245501
22636 0 1673954750 547239 0 -2663317 0 0 2112186
21815 0 1673954750 563223 0 -2660373 0 0 2122993
20017 0 1673954750 579222 0 -2657418 0 0 2272765
19596 0 1673954750 611205 0 -2654451 0 0 2282497
20984 0 1673954750 627174 0 -2651471 0 0 2148136
22560 0 1673954750 643143 0 -2648480 0 0 2158499
22566 0 1673954750 659250 0 -2645477 0 0 2310587
20858 0 1673954750 691169 0 -2642463 0 0 2318209
19375 0 1673954750 707230 0 -2639436 0 0 2182031
19533 0 1673954750 723009 0 -2636398 0 0 2334438
21143 0 1673954750 739102 0 -2633348 0 0 2348835
22724 0 1673954750 771032 0 -2630287 0 0 2357170
22314 0 1673954750 787030 0 -2627214 0 0 2217784
20130 0 1673954750 802999 0 -2624128 0 0 2373603
19026 0 1673954750 818971 0 -2621030 0 0 2384073
20701 0 1673954750 850958 0 -2617922 0 0 2394290
22966 0 1673954750 866949 0 -2614801 0 0 2254364
23166 0 1673954750 882926 0 -2611669 0 0 2412217
20501 0 1673954750 900031 0 -2608524 0 0 2424235
18752 0 1673954750 930909 0 -2605368 0 0 2410505
19796 0 1673954750 946877 0 -2602200 0 0 2273615
22503 0 1673954750 962902 0 -2599021 0 0 2434309
23544 0 1673954750 978803 0 -2595829 0 0 2444136
21536 0 1673954751 10846 0 -2592626 0 0 2455750
18965 0 1673954751 26838 0 -2589410 0 0 2308523
19034 0 1673954751 42849 0 -2586184 0 0 2471265
22372 0 1673954751 74793 0 -2582945 0 0 2481325
24003 0 1673954751 90749 0 -2579695 0 0 2332724
21803 0 1673954751 106705 0 -2576433 0 0 2363864
18713 0 1673954751 122701 0 -2573159 0 0 2524164
18600 0 1673954751 154716 0 -2569873 0 0 2534071
21657 0 1673954751 170704 0 -2566575 0 0 2383798
24213 0 1673954751 186622 0 -2563266 0 0 2392445
22596 0 1673954751 202622 0 -2559945 0 0 2561611
18810 0 1673954751 234557 0 -2556612 0 0 2571903
18328 0 1673954751 250593 0 -2553267 0 0 2419474
21868 0 1673954751 266605 0 -2549911 0 0 2587503
24441 0 1673954751 282579 0 -2546541 0 0 2596925
21959 0 1673954751 314617 0 -2543162 0 0 2606834
17985 0 1673954751 330594 0 -2539770 0 0 2451284
18550 0 1673954751 346549 0 -2536366 0 0 2623225
22519 0 1673954751 362549 0 -2532951 0 0 2634275
24773 0 1673954751 394434 0 -2529524 0 0 2642956
21378 0 1673954751 410497 0 -2526085 0 0 2485993
17631 0 1673954751 426466 0 -2522634 0 0 2658020
17611 0 1673954751 442487 0 -2519171 0 0 2669862
22599 0 1673954751 474360 0 -2515697 0 0 2679820
25165 0 1673954751 490379 0 -2512210 0 0 2520244
21758 0 1673954751 506355 0 -2508713 0 0 2695915
17212 0 1673954751 522310 0 -2505203 0 0 2706303
19391 0 1673954751 554363 0 -2501681 0 0 2716781
24527 0 1673954751 570369 0 -2498148 0 0 2554338
25421 0 1673954751 586340 0 -2494602 0 0 2731972
20643 0 1673954751 618340 0 -2491045 0 0 2744276
16473 0 1673954751 634337 0 -2487476 0 0 2579703
19968 0 1673954751 650311 0 -2483895 0 0 2590663
25274 0 1673954751 666231 0 -2480303 0 0 2771073
24865 0 1673954751 698274 0 -2476699 0 0 2783696
19165 0 1673954751 714223 0 -2473084 0 0 2616684
16355 0 1673954751 730251 0 -2469455 0 0 2627296
21730 0 1673954751 746216 0 -2465816 0 0 2809822
26220 0 1673954751 778090 0 -2462164 0 0 2821085
22152 0 1673954751 794201 0 -2458501 0 0 2652656
16424 0 1673954751 810183 0 -2454826 0 0 2834802
18347 0 1673954751 826138 0 -2451140 0 0 2845396
24352 0 1673954751 858092 0 -2447441 0 0 2856293
26028 0 1673954751 874196 0 -2443730 0 0 2684034
19303 0 1673954751 890102 0 -2440008 0 0 2868886
15825 0 1673954751 906117 0 -2436274 0 0 2880162
21764 0 1673954751 938060 0 -2432528 0 0 2890889
26586 0 1673954751 954041 0 -2428771 0 0 2717241
21555 0 1673954751 969999 0 -2425002 0 0 2906181
15472 0 1673954751 986014 0 -2421221 0 0 2919977
20228 0 1673954752 17917 0 -2417428 0 0 2929674
26964 0 1673954752 33964 0 -2413624 0 0 2753731
23882 0 1673954752 49955 0 -2409808 0 0 2943834
16178 0 1673954752 65955 0 -2405979 0 0 2956841
18062 0 1673954752 97919 0 -2402138 0 0 2965135
26556 0 1673954752 113908 0 -2398287 0 0 2787906
25932 0 1673954752 129905 0 -2394424 0 0 2981637
17203 0 1673954752 161895 0 -2390548 0 0 2991720
15917 0 1673954752 177875 0 -2386661 0 0 2811364
24282 0 1673954752 193882 0 -2382762 0 0 2822539
27405 0 1673954752 209792 0 -2378852 0 0 3017901
19265 0 1673954752 241820 0 -2374929 0 0 3031609
14319 0 1673954752 257831 0 -2370994 0 0 2849444
22679 0 1673954752 273811 0 -2367048 0 0 2859433
28288 0 1673954752 289712 0 -2363090 0 0 3058191
21564 0 1673954752 321695 0 -2359121 0 0 3070696
13980 0 1673954752 337670 0 -2355139 0 0 2886647
20659 0 1673954752 353750 0 -2351146 0 0 3087344
28347 0 1673954752 369726 0 -2347141 0 0 3095273
23348 0 1673954752 401699 0 -2343123 0 0 3106576
14654 0 1673954752 417683 0 -2339095 0 0 2918150
15731 0 1673954752 433680 0 -2335054 0 0 3121203
25952 0 1673954752 449670 0 -2331002 0 0 3131893
26269 0 1673954752 481655 0 -2326938 0 0 3142009
14830 0 1673954752 497590 0 -2322863 0 0 2951066
20744 0 1673954752 513602 0 -2318775 0 0 3157377
29310 0 1673954752 529577 0 -2314676 0 0 3166818
21697 0 1673954752 561533 0 -2310563 0 0 3179939
13307 0 1673954752 577508 0 -2306440 0 0 2988563
21621 0 1673954752 593488 0 -2302306 0 0 3196060
29497 0 1673954752 609440 0 -2298159 0 0 3206523
20827 0 1673954752 641474 0 -2294001 0 0 3218022
12463 0 1673954752 657508 0 -2289830 0 0 3024345
18914 0 1673954752 673388 0 -2285648 0 0 3232809
29636 0 1673954752 705420 0 -2281454 0 0 3244628
22992 0 1673954752 721286 0 -2277249 0 0 3049752
12570 0 1673954752 737423 0 -2273032 0 0 3062757
20328 0 1673954752 753346 0 -2268803 0 0 3270644
30239 0 1673954752 785374 0 -2264562 0 0 3282464
21640 0 1673954752 801356 0 -2260309 0 0 3084461
12290 0 1673954752 817376 0 -2256044 0 0 3094158
23608 0 1673954752 833354 0 -2251768 0 0 3307769
30151 0 1673954752 865252 0 -2247480 0 0 3319563
17780 0 1673954752 881292 0 -2243179 0 0 3117579
11947 0 1673954752 897284 0 -2238868 0 0 3332408
24114 0 1673954752 913215 0 -2234545 0 0 3339493
29144 0 1673954752 945261 0 -2230209 0 0 3355282
15318 0 1673954752 961138 0 -2225862 0 0 3151070
13812 0 1673954752 977136 0 -2221504 0 0 3372469
28590 0 1673954752 993167 0 -2217133 0 0 3382405
22426 0 1673954753 25197 0 -2212751 0 0 3392450
12557 0 1673954753 41179 0 -2208356 0 0 3187522
28656 0 1673954753 57154 0 -2203950 0 0 3407599
28064 0 1673954753 73095 0 -2199533 0 0 3419675
11886 0 1673954753 105197 0 -2195103 0 0 3431514
15248 0 1673954753 121168 0 -2190661 0 0 3222448
30305 0 1673954753 137182 0 -2186208 0 0 3446150
20510 0 1673954753 153086 0 -2181743 0 0 3452921
9553 0 1673954753 184948 0 -2177266 0 0 3465858
16208 0 1673954753 201062 0 -2172778 0 0 3258846
30859 0 1673954753 217060 0 -2168278 0 0 3480791
22081 0 1673954753 233032 0 -2163765 0 0 3490811
10602 0 1673954753 265012 0 -2159241 0 0 3501360
26170 0 1673954753 281006 0 -2154705 0 0 3288764
29911 0 1673954753 296986 0 -2150158 0 0 3516768
13409 0 1673954753 328915 0 -2145598 0 0 3526985
13440 0 1673954753 344926 0 -2141027 0 0 3315021
30538 0 1673954753 360876 0 -2136444 0 0 3322426
24136 0 1673954753 376781 0 -2131850 0 0 3552376
9448 0 1673954753 408845 0 -2127243 0 0 3568621
23174 0 1673954753 424895 0 -2122625 0 0 3352881
29831 0 1673954753 440779 0 -2117995 0 0 3361050
12625 0 1673954753 456744 0 -2113352 0 0 3596156
19198 0 1673954753 488790 0 -2108698 0 0 3607435
31711 0 1673954753 504804 0 -2104032 0 0 3389070
15129 0 1673954753 520701 0 -2099356 0 0 3621622
9639 0 1673954753 536778 0 -2094667 0 0 3635248
29169 0 1673954753 568757 0 -2089966 0 0 3642092
30234 0 1673954753 584664 0 -2085253 0 0 3419781
12408 0 1673954753 600685 0 -2080529 0 0 3658768
11442 0 1673954753 616705 0 -2075793 0 0 3669922
30546 0 1673954753 648684 0 -2071044 0 0 3676383
24512 0 1673954753 664659 0 -2066285 0 0 3453420
9214 0 1673954753 680634 0 -2061513 0 0 3692660
25725 0 1673954753 696611 0 -2056731 0 0 3704142
29803 0 1673954753 728602 0 -2051935 0 0 3712298
10271 0 1673954753 744562 0 -2047128 0 0 3490198
16247 0 1673954753 760561 0 -2042310 0 0 3731607
33445 0 1673954753 776553 0 -2037479 0 0 3739388
17978 0 1673954753 808512 0 -2032636 0 0 3750680
8244 0 1673954753 824578 0 -2027782 0 0 3524805
27324 0 1673954753 840554 0 -2022917 0 0 3765426
27831 0 1673954753 872397 0 -2018039 0 0 3775764
8822 0 1673954753 888463 0 -2013149 0 0 3547987
25842 0 1673954753 904457 0 -2008248 0 0 3555601
31173 0 1673954753 920418 0 -2003335 0 0 3800783
9125 0 1673954753 952320 0 -1998409 0 0 3811326
17561 0 1673954753 968403 0 -1993473 0 0 3581275
33353 0 1673954753 984406 0 -1988524 0 0 3588896
14691 0 1673954754 384 0 -1983564 0 0 3835865
11053 0 1673954754 32336 0 -1978592 0 0 3848934
30900 0 1673954754 48320 0 -1973608 0 0 3615576
25212 0 1673954754 64283 0 -1968613 0 0 3863911
9519 0 1673954754 80247 0 -1963606 0 0 3877362
29362 0 1673954754 112279 0 -1958586 0 0 3888737
25386 0 1673954754 128207 0 -1953555 0 0 3651915
7384 0 1673954754 144178 0 -1948511 0 0 3904964
26496 0 1673954754 160149 0 -1943457 0 0 3918608
31135 0 1673954754 192185 0 -1938391 0 0 3929949
10040 0 1673954754 208215 0 -1933313 0 0 3691404
19870 0 1673954754 224223 0 -1928223 0 0 3943819
33409 0 1673954754 240093 0 -1923121 0 0 3953531
11842 0 1673954754 272075 0 -1918006 0 0 3967037
18613 0 1673954754 288093 0 -1912880 0 0 3726131
32896 0 1673954754 303956 0 -1907743 0 0 3981818
9880 0 1673954754 320068 0 -1902595 0 0 3994090
18713 0 1673954754 352047 0 -1897435 0 0 4000042
33735 0 1673954754 368018 0 -1892262 0 0 3757171
12905 0 1673954754 384017 0 -1887078 0 0 4016670
12578 0 1673954754 415972 0 -1881882 0 0 4027983
34388 0 1673954754 431954 0 -1876674 0 0 3784645
18219 0 1673954754 447840 0 -1871454 0 0 3791381
10993 0 1673954754 463950 0 -1866223 0 0 4055453
33832 0 1673954754 495892 0 -1860980 0 0 4062872
16961 0 1673954754 511899 0 -1855725 0 0 3812854
11924 0 1673954754 527831 0 -1850457 0 0 3826679
33698 0 1673954754 543840 0 -1845179 0 0 4091554
16372 0 1673954754 575743 0 -1839888 0 0 4100794
11978 0 1673954754 591796 0 -1834585 0 0 3853063
33073 0 1673954754 607737 0 -1829272 0 0 4115543
19285 0 1673954754 623839 0 -1823947 0 0 4127147
11733 0 1673954754 655679 0 -1818609 0 0 4130628
33754 0 1673954754 671736 0 -1813260 0 0 3884607
15310 0 1673954754 687727 0 -1807899 0 0 4149226
16280 0 1673954754 703627 0 -1802526 0 0 4160000
33824 0 1673954754 735707 0 -1797140 0 0 4171655
12813 0 1673954754 751648 0 -1791744 0 0 3918066
14394 0 1673954754 767661 0 -1786335 0 0 4188521
33871 0 1673954754 783636 0 -1780916 0 0 4200156
17208 0 1673954754 815608 0 -1775484 0 0 4209510
14270 0 1673954754 831574 0 -1770040 0 0 3957577
33527 0 1673954754 847475 0 -1764584 0 0 4229030
13718 0 1673954754 863596 0 -1759117 0 0 4244564
18385 0 1673954754 895597 0 -1753637 0 0 4250701
32518 0 1673954754 911467 0 -1748146 0 0 3989523
10447 0 1673954754 927497 0 -1742643 0 0 4268508
18413 0 1673954754 959502 0 -1737129 0 0 4275799
32626 0 1673954754 975434 0 -1731602 0 0 4016860
11361 0 1673954754 991487 0 -1726064 0 0 4028690
19874 0 1673954755 7387 0 -1720514 0 0 4302840
31360 0 1673954755 39352 0 -1714954 0 0 4315276
9526 0 1673954755 55330 0 -1709380 0 0 4050532
26600 0 1673954755 71395 0 -1703794 0 0 4065651
22577 0 1673954755 87379 0 -1698196 0 0 4342012
10824 0 1673954755 119271 0 -1692588 0 0 4348412
32309 0 1673954755 135337 0 -1686967 0 0 4086335
19597 0 1673954755 151339 0 -1681335 0 0 4364245
11417 0 1673954755 167279 0 -1675691 0 0 4372219
32480 0 1673954755 199288 0 -1670034 0 0 4386538
18407 0 1673954755 215289 0 -1664366 0 0 4116834
15385 0 1673954755 231225 0 -1658687 0 0 4398923
31293 0 1673954755 247216 0 -1652996 0 0 4410658
11381 0 1673954755 279215 0 -1647293 0 0 4423437
20969 0 1673954755 295216 0 -1641578 0 0 4154294
30337 0 1673954755 311195 0 -1635851 0 0 4438144
11102 0 1673954755 327194 0 -1630113 0 0 4451492
24732 0 1673954755 359174 0 -1624362 0 0 4462045
25824 0 1673954755 375213 0 -1618600 0 0 4189048
11482 0 1673954755 391196 0 -1612826 0 0 4474864
30472 0 1673954755 407168 0 -1607041 0 0 4485851
15197 0 1673954755 439109 0 -1601243 0 0 4495061
18398 0 1673954755 455112 0 -1595434 0 0 4221980
29028 0 1673954755 471106 0 -1589613 0 0 4511269
11425 0 1673954755 503078 0 -1583780 0 0 4521869
27604 0 1673954755 519025 0 -1577935 0 0 4246432
21668 0 1673954755 535042 0 -1572079 0 0 4258551
13236 0 1673954755 551002 0 -1566210 0 0 4549564
29586 0 1673954755 582999 0 -1560331 0 0 4562628
18889 0 1673954755 598964 0 -1554438 0 0 4284856
15352 0 1673954755 614920 0 -1548535 0 0 4295381
29209 0 1673954755 630898 0 -1542620 0 0 4590445
11925 0 1673954755 662896 0 -1536693 0 0 4601700
24909 0 1673954755 678794 0 -1530753 0 0 4321914
26617 0 1673954755 694847 0 -1524802 0 0 4621145
12392 0 1673954755 710888 0 -1518840 0 0 4627674
26223 0 1673954755 742856 0 -1512866 0 0 4637045
21557 0 1673954755 758816 0 -1506879 0 0 4354111
16059 0 1673954755 774846 0 -1500881 0 0 4653550
28305 0 1673954755 790845 0 -1494871 0 0 4661637
14945 0 1673954755 822795 0 -1488849 0 0 4670530
25786 0 1673954755 838683 0 -1482815 0 0 4386015
19800 0 1673954755 854731 0 -1476771 0 0 4690353
16598 0 1673954755 870745 0 -1470714 0 0 4695207
27492 0 1673954755 902716 0 -1464644 0 0 4707158
14884 0 1673954755 918717 0 -1458563 0 0 4422443
22214 0 1673954755 934683 0 -1452471 0 0 4724701
25006 0 1673954755 950693 0 -1446368 0 0 4734757
14924 0 1673954755 982664 0 -1440252 0 0 4745833
26172 0 1673954755 998633 0 -1434124 0 0 4457201
21303 0 1673954756 14615 0 -1427984 0 0 4762884
16892 0 1673954756 46592 0 -1421834 0 0 4769752
26858 0 1673954756 62536 0 -1415671 0 0 4481161
15817 0 1673954756 78606 0 -1409496 0 0 4494051
24245 0 1673954756 94504 0 -1403309 0 0 4798425
22250 0 1673954756 126485 0 -1397111 0 0 4812697
16778 0 1673954756 142473 0 -1390918 0 0 4518004
26652 0 1673954756 158470 0 -1384737 0 0 4525178
16816 0 1673954756 174524 0 -1378568 0 0 4828242
23156 0 1673954756 206448 0 -1372411 0 0 4826716
21582 0 1673954756 222321 0 -1366265 0 0 4526266
17695 0 1673954756 238404 0 -1360132 0 0 4828839
25758 0 1673954756 254306 0 -1354010 0 0 4818460
17788 0 1673954756 286293 0 -1347900 0 0 4817250
22130 0 1673954756 302387 0 -1341801 0 0 4506017
23711 0 1673954756 318339 0 -1335714 0 0 4794406
16727 0 1673954756 334345 0 -1329640 0 0 4785289
25257 0 1673954756 366336 0 -1323577 0 0 4774602
19425 0 1673954756 382295 0 -1317526 0 0 4470897
19578 0 1673954756 398295 0 -1311486 0 0 4761444
24548 0 1673954756 414250 0 -1305459 0 0 4746301
17394 0 1673954756 446254 0 -1299442 0 0 4740790
24040 0 1673954756 462185 0 -1293438 0 0 4433560
21070 0 1673954756 478201 0 -1287446 0 0 4723327
18636 0 1673954756 494127 0 -1281466 0 0 4715766
24796 0 1673954756 526199 0 -1275497 0 0 4706436
17960 0 1673954756 542094 0 -1269541 0 0 4404736
23774 0 1673954756 558215 0 -1263595 0 0 4693693
20805 0 1673954756 590056 0 -1257661 0 0 4677477
19636 0 1673954756 605982 0 -1251739 0 0 4379507
24185 0 1673954756 622077 0 -1245830 0 0 4369984
18103 0 1673954756 637963 0 -1239932 0 0 4649433
21115 0 1673954756 670052 0 -1234046 0 0 4640672
23244 0 1673954756 686022 0 -1228172 0 0 4343292
18440 0 1673954756 702025 0 -1222308 0 0 4331405
23755 0 1673954756 718025 0 -1216457 0 0 4612518
21147 0 1673954756 749977 0 -1210618 0 0 4598233
18860 0 1673954756 765965 0 -1204791 0 0 4308039
23459 0 1673954756 781876 0 -1198976 0 0 4585732
20700 0 1673954756 797933 0 -1193173 0 0 4575869
19618 0 1673954756 829933 0 -1187381 0 0 4566909
23452 0 1673954756 845885 0 -1181601 0 0 4270206
19587 0 1673954756 861864 0 -1175833 0 0 4549162
20278 0 1673954756 877878 0 -1170076 0 0 4538376
22654 0 1673954756 909830 0 -1164333 0 0 4527445
19173 0 1673954756 925847 0 -1158598 0 0 4237681
22517 0 1673954756 941778 0 -1152878 0 0 4510733
20745 0 1673954756 957858 0 -1147169 0 0 4502370
20197 0 1673954756 989796 0 -1141471 0 0 4486177
22908 0 1673954757 5782 0 -1135786 0 0 4200687
20569 0 1673954757 21783 0 -1130112 0 0 4473047
20084 0 1673954757 37792 0 -1124450 0 0 4460966
22604 0 1673954757 69739 0 -1118799 0 0 4449566
20609 0 1673954757 85672 0 -1113161 0 0 4164966
20541 0 1673954757 101739 0 -1107534 0 0 4436338
22359 0 1673954757 133690 0 -1101920 0 0 4424293
20367 0 1673954757 149710 0 -1096316 0 0 4138411
20921 0 1673954757 165694 0 -1090725 0 0 4130049
22111 0 1673954757 181697 0 -1085145 0 0 4397390
20228 0 1673954757 213649 0 -1079578 0 0 4386353
21188 0 1673954757 229619 0 -1074021 0 0 4105204
21795 0 1673954757 245608 0 -1068477 0 0 4096082
20307 0 1673954757 261589 0 -1062945 0 0 4360938
21431 0 1673954757 293553 0 -1057425 0 0 4348819
21434 0 1673954757 309528 0 -1051916 0 0 4072160
20480 0 1673954757 325529 0 -1046419 0 0 4335764
21591 0 1673954757 341456 0 -1040934 0 0 4326061
21081 0 1673954757 373504 0 -1035460 0 0 4317614
20670 0 1673954757 389450 0 -1029997 0 0 4040412
21602 0 1673954757 405473 0 -1024548 0 0 4302597
20873 0 1673954757 421471 0 -1019109 0 0 4290564
20792 0 1673954757 453440 0 -1013683 0 0 4279907
21578 0 1673954757 469414 0 -1008271 0 0 4004718
21018 0 1673954757 485397 0 -1002867 0 0 4264014
20789 0 1673954757 501411 0 -997476 0 0 4253382
21585 0 1673954757 533401 0 -992097 0 0 4242605
20895 0 1673954757 549361 0 -986728 0 0 3967825
20875 0 1673954757 565375 0 -981373 0 0 4225736
21646 0 1673954757 581294 0 -976030 0 0 4213126
20755 0 1673954757 613314 0 -970698 0 0 4206089
20991 0 1673954757 629327 0 -965378 0 0 3935743
21586 0 1673954757 645304 0 -960070 0 0 4189168
20531 0 1673954757 661301 0 -954773 0 0 4178604
21449 0 1673954757 693269 0 -949488 0 0 4167789
21441 0 1673954757 709254 0 -944215 0 0 3900684
20543 0 1673954757 725200 0 -938954 0 0 4152696
21885 0 1673954757 757229 0 -933706 0 0 4142671
20669 0 1673954757 773142 0 -928467 0 0 3876929
20626 0 1673954757 789151 0 -923242 0 0 3866620
21969 0 1673954757 805216 0 -918028 0 0 4115910
20643 0 1673954757 837199 0 -912825 0 0 4104021
20609 0 1673954757 853071 0 -907635 0 0 3839544
22071 0 1673954757 869074 0 -902456 0 0 3833174
20798 0 1673954757 885232 0 -897290 0 0 4079843
20072 0 1673954757 917043 0 -892135 0 0 4064087
21837 0 1673954757 933195 0 -886992 0 0 3802467
21225 0 1673954757 949201 0 -881860 0 0 4043343
20150 0 1673954757 965205 0 -876741 0 0 4030015
22025 0 1673954757 997089 0 -871633 0 0 4019825
21319 0 1673954758 13080 0 -866536 0 0 3763557
20005 0 1673954758 29100 0 -861452 0 0 4006769
21928 0 1673954758 45067 0 -856379 0 0 3991720
21338 0 1673954758 77011 0 -851319 0 0 3982484
20136 0 1673954758 93049 0 -846270 0 0 3730954
22242 0 1673954758 109019 0 -841233 0 0 3969068
20506 0 1673954758 124893 0 -836208 0 0 3964257
20238 0 1673954758 156978 0 -831195 0 0 3957979
22403 0 1673954758 172883 0 -826192 0 0 3702915
20502 0 1673954758 189002 0 -821202 0 0 3943348
20094 0 1673954758 204961 0 -816224 0 0 3929128
22336 0 1673954758 236931 0 -811258 0 0 3920543
21472 0 1673954758 252919 0 -806303 0 0 3667552
19802 0 1673954758 268956 0 -801361 0 0 3903566
21726 0 1673954758 300884 0 -796429 0 0 3893366
21828 0 1673954758 316874 0 -791509 0 0 3642498
19753 0 1673954758 332851 0 -786602 0 0 3628560
21454 0 1673954758 348856 0 -781706 0 0 3863734
22221 0 1673954758 380833 0 -776823 0 0 3850225
19887 0 1673954758 396836 0 -771952 0 0 3605694
20874 0 1673954758 412787 0 -767091 0 0 3594105
22542 0 1673954758 428806 0 -762243 0 0 3826826
20718 0 1673954758 460757 0 -757406 0 0 3815650
20050 0 1673954758 476688 0 -752581 0 0 3571078
22377 0 1673954758 492717 0 -747768 0 0 3802357
21204 0 1673954758 508708 0 -742966 0 0 3790955
19846 0 1673954758 540683 0 -738178 0 0 3779983
22166 0 1673954758 556584 0 -733400 0 0 3536759
21467 0 1673954758 572787 0 -728634 0 0 3767074
19722 0 1673954758 588640 0 -723880 0 0 3750897
21786 0 1673954758 620595 0 -719138 0 0 3743385
22172 0 1673954758 636625 0 -714406 0 0 3502963
19851 0 1673954758 652625 0 -709688 0 0 3726885
20729 0 1673954758 668588 0 -704981 0 0 3714498
22577 0 1673954758 700577 0 -700286 0 0 3705960
20790 0 1673954758 716566 0 -695603 0 0 3466859
19888 0 1673954758 732574 0 -690932 0 0 3689842
22252 0 1673954758 748554 0 -686272 0 0 3676366
21604 0 1673954758 780530 0 -681624 0 0 3672399
19684 0 1673954758 796486 0 -676988 0 0 3431556
21482 0 1673954758 812492 0 -672363 0 0 3653081
22423 0 1673954758 844472 0 -667751 0 0 3643423
20100 0 1673954758 860426 0 -663150 0 0 3408554
20494 0 1673954758 876482 0 -658561 0 0 3398432
22524 0 1673954758 892383 0 -653984 0 0 3615105
21239 0 1673954758 924430 0 -649418 0 0 3607313
19763 0 1673954758 940328 0 -644864 0 0 3374500
21940 0 1673954758 956328 0 -640323 0 0 3366328
22079 0 1673954758 972291 0 -635793 0 0 3582173
19859 0 1673954759 4379 0 -631274 0 0 3571599
21246 0 1673954759 20344 0 -626768 0 0 3340793
22400 0 1673954759 36246 0 -622274 0 0 3555824
20452 0 1673954759 52311 0 -617790 0 0 3546977
20060 0 1673954759 84277 0 -613319 0 0 3536417
22150 0 1673954759 100262 0 -608860 0 0 3305699
22007 0 1673954759 116261 0 -604412 0 0 3518444
20040 0 1673954759 132259 0 -599975 0 0 3505470
20393 0 1673954759 164229 0 -595552 0 0 3495075
22377 0 1673954759 180194 0 -591140 0 0 3268375
21172 0 1673954759 196214 0 -586740 0 0 3479589
19840 0 1673954759 212211 0 -582351 0 0 3467838
21629 0 1673954759 244193 0 -577975 0 0 3454672
22141 0 1673954759 260139 0 -573609 0 0 3233121
20218 0 1673954759 276187 0 -569256 0 0 3441702
20295 0 1673954759 292040 0 -564915 0 0 3429577
22196 0 1673954759 324039 0 -560586 0 0 3422924
21462 0 1673954759 340142 0 -556268 0 0 3201782
19895 0 1673954759 355983 0 -551962 0 0 3403969
20913 0 1673954759 387972 0 -547668 0 0 3396884
22308 0 1673954759 403952 0 -543386 0 0 3177960
20947 0 1673954759 419937 0 -539114 0 0 3168246
20001 0 1673954759 435990 0 -534855 0 0 3371250
21603 0 1673954759 467987 0 -530609 0 0 3357993
22082 0 1673954759 483954 0 -526374 0 0 3142141
20308 0 1673954759 499964 0 -522150 0 0 3128820
20508 0 1673954759 515968 0 -517939 0 0 3328947
22120 0 1673954759 547932 0 -513739 0 0 3321183
21509 0 1673954759 563912 0 -509550 0 0 3102409
20043 0 1673954759 579918 0 -505374 0 0 3301578
20859 0 1673954759 595861 0 -501210 0 0 3290357
22175 0 1673954759 627873 0 -497057 0 0 3281065
21291 0 1673954759 643849 0 -492916 0 0 3069907
20070 0 1673954759 659875 0 -488788 0 0 3266831
21148 0 1673954759 675853 0 -484670 0 0 3254974
22104 0 1673954759 707834 0 -480565 0 0 3245432
20925 0 1673954759 723681 0 -476470 0 0 3035448
20140 0 1673954759 739921 0 -472388 0 0 3233158
21560 0 1673954759 755793 0 -468318 0 0 3216422
21949 0 1673954759 787737 0 -464260 0 0 3209419
20621 0 1673954759 803778 0 -460214 0 0 3000307
20282 0 1673954759 819713 0 -456178 0 0 3191319
21594 0 1673954759 835724 0 -452156 0 0 3181964
21813 0 1673954759 867709 0 -448144 0 0 3171996
20541 0 1673954759 883695 0 -444145 0 0 2965920
20373 0 1673954759 899707 0 -440157 0 0 3155644
21639 0 1673954759 915649 0 -436181 0 0 3141153
21745 0 1673954759 947637 0 -432217 0 0 3138084
20494 0 1673954759 963625 0 -428265 0 0 2931640
20426 0 1673954759 979553 0 -424324 0 0 3118887
21587 0 1673954760 11598 0 -420396 0 0 3111082
21728 0 1673954760 27580 0 -416479 0 0 2907697
20505 0 1673954760 43483 0 -412574 0 0 2897947
20616 0 1673954760 59550 0 -408680 0 0 3085184
21696 0 1673954760 91571 0 -404799 0 0 3072814
21682 0 1673954760 107602 0 -400930 0 0 2873616
20651 0 1673954760 123445 0 -397072 0 0 2861127
20418 0 1673954760 139385 0 -393226 0 0 3047394
21404 0 1673954760 171406 0 -389391 0 0 3038163
21739 0 1673954760 187434 0 -385569 0 0 2839334
20711 0 1673954760 203462 0 -381758 0 0 3019861
20491 0 1673954760 219388 0 -377959 0 0 3008432
21401 0 1673954760 251455 0 -374173 0 0 2997283
21721 0 1673954760 267421 0 -370397 0 0 2803849
20855 0 1673954760 283436 0 -366634 0 0 2983320
20478 0 1673954760 299395 0 -362882 0 0 2973354
21279 0 1673954760 331375 0 -359142 0 0 2960219
21758 0 1673954760 347378 0 -355413 0 0 2766492
21158 0 1673954760 363349 0 -351697 0 0 2942815
20503 0 1673954760 379368 0 -347992 0 0 2933771
20938 0 1673954760 411290 0 -344300 0 0 2923542
21656 0 1673954760 427248 0 -340619 0 0 2732273
21459 0 1673954760 443340 0 -336950 0 0 2907527
20696 0 1673954760 459271 0 -333292 0 0 2894448
20657 0 1673954760 491232 0 -329646 0 0 2885982
21404 0 1673954760 507177 0 -326013 0 0 2697419
21643 0 1673954760 523237 0 -322391 0 0 2870156
20901 0 1673954760 555238 0 -318780 0 0 2858652
20548 0 1673954760 571200 0 -315182 0 0 2671857
21113 0 1673954760 587204 0 -311595 0 0 2662865
21645 0 1673954760 603173 0 -308020 0 0 2831723
21037 0 1673954760 635060 0 -304457 0 0 2821104
20560 0 1673954760 651214 0 -300906 0 0 2639923
21002 0 1673954760 667226 0 -297366 0 0 2624733
21592 0 1673954760 683216 0 -293838 0 0 2791397
21397 0 1673954760 715057 0 -290323 0 0 2779943
20769 0 1673954760 731046 0 -286819 0 0 2600572
20635 0 1673954760 747034 0 -283326 0 0 2766241
21177 0 1673954760 763056 0 -279845 0 0 2755311
21626 0 1673954760 794963 0 -276376 0 0 2744582
21354 0 1673954760 811130 0 -272919 0 0 2565248
20726 0 1673954760 827017 0 -269474 0 0 2724195
20692 0 1673954760 842997 0 -266041 0 0 2719426
21286 0 1673954760 875044 0 -262620 0 0 2709653
21583 0 1673954760 890907 0 -259210 0 0 2532437
21051 0 1673954760 906922 0 -255812 0 0 2695190
20634 0 1673954760 923207 0 -252426 0 0 2684197
20835 0 1673954760 954995 0 -249051 0 0 2667822
21388 0 1673954760 970965 0 -245689 0 0 2494773
21567 0 1673954760 986983 0 -242338 0 0 2653343
21099 0 1673954761 2946 0 -238998 0 0 2646197
20644 0 1673954761 34901 0 -235672 0 0 2634117
20800 0 1673954761 50930 0 -232356 0 0 2461758
21376 0 1673954761 66923 0 -229052 0 0 2617571
21597 0 1673954761 98864 0 -225761 0 0 2604397
21272 0 1673954761 114876 0 -222481 0 0 2434494
20748 0 1673954761 130864 0 -219212 0 0 2429672
20677 0 1673954761 146840 0 -215956 0 0 2582624
21150 0 1673954761 178761 0 -212711 0 0 2572134
21567 0 1673954761 194817 0 -209478 0 0 2404581
21438 0 1673954761 210780 0 -206257 0 0 2392477
20908 0 1673954761 226666 0 -203048 0 0 2544440
20634 0 1673954761 258738 0 -199850 0 0 2536913
21034 0 1673954761 274809 0 -196665 0 0 2370554
21574 0 1673954761 290747 0 -193491 0 0 2518694
21435 0 1673954761 306648 0 -190328 0 0 2509783
20944 0 1673954761 338619 0 -187178 0 0 2501108
20663 0 1673954761 354707 0 -184040 0 0 2337099
21037 0 1673954761 370711 0 -180913 0 0 2482548
21491 0 1673954761 386682 0 -177798 0 0 2473217
21512 0 1673954761 418557 0 -174695 0 0 2462690
21121 0 1673954761 434632 0 -171603 0 0 2299713
20713 0 1673954761 450664 0 -168523 0 0 2443922
20714 0 1673954761 466546 0 -165455 0 0 2434342
21147 0 1673954761 498623 0 -162400 0 0 2424810
21543 0 1673954761 514595 0 -159356 0 0 2263554
21507 0 1673954761 530595 0 -156323 0 0 2406903
21055 0 1673954761 546466 0 -153302 0 0 2398221
20641 0 1673954761 578552 0 -150293 0 0 2390334
20720 0 1673954761 594501 0 -147295 0 0 2232751
21224 0 1673954761 610498 0 -144310 0 0 2373618
21606 0 1673954761 642472 0 -141337 0 0 2364627
21472 0 1673954761 658432 0 -138376 0 0 2210313
20898 0 1673954761 674368 0 -135426 0 0 2198565
20588 0 1673954761 690424 0 -132488 0 0 2338355
20945 0 1673954761 722384 0 -129561 0 0 2326487
21509 0 1673954761 738469 0 -126647 0 0 2173931
21634 0 1673954761 754441 0 -123744 0 0 2159693
21227 0 1673954761 770438 0 -120853 0 0 2296518
20695 0 1673954761 802367 0 -117974 0 0 2285287
20599 0 1673954761 818406 0 -115107 0 0 2135202
21015 0 1673954761 834393 0 -112251 0 0 2268732
21558 0 1673954761 850393 0 -109408 0 0 2257787
21626 0 1673954761 882254 0 -106575 0 0 2246381
21158 0 1673954761 898273 0 -103756 0 0 2099785
20643 0 1673954761 914345 0 -100947 0 0 2231312
20616 0 1673954761 930262 0 -98150 0 0 2221235
21092 0 1673954761 962294 0 -95366 0 0 2211709
21669 0 1673954761 978229 0 -92593 0 0 2065769
21507 0 1673954761 994281 0 -89831 0 0 2196294
20892 0 1673954762 10221 0 -87082 0 0 2185654
20533 0 1673954762 42238 0 -84344 0 0 2176180
20860 0 1673954762 58212 0 -81618 0 0 2032555
21430 0 1673954762 74317 0 -78904 0 0 2159778
21698 0 1673954762 90244 0 -76202 0 0 2147934
21322 0 1673954762 122225 0 -73512 0 0 2139913
20705 0 1673954762 138202 0 -70833 0 0 1997508
20504 0 1673954762 154216 0 -68166 0 0 2123067
20807 0 1673954762 170214 0 -65511 0 0 2111291
21448 0 1673954762 202253 0 -62867 0 0 2101939
21729 0 1673954762 218212 0 -60236 0 0 1961860
21434 0 1673954762 234215 0 -57616 0 0 2085342
20787 0 1673954762 266023 0 -55008 0 0 2074512
20492 0 1673954762 282115 0 -52412 0 0 1939888
20796 0 1673954762 298103 0 -49827 0 0 1926986
21400 0 1673954762 314104 0 -47255 0 0 2047459
21751 0 1673954762 346099 0 -44694 0 0 2036716
21525 0 1673954762 362100 0 -42145 0 0 1902148
20969 0 1673954762 378059 0 -39607 0 0 1891749
20498 0 1673954762 393973 0 -37082 0 0 2010654
20614 0 1673954762 425953 0 -34569 0 0 2000874
21154 0 1673954762 441977 0 -32067 0 0 1868478
21687 0 1673954762 457990 0 -29577 0 0 1983755
21667 0 1673954762 474039 0 -27099 0 0 1974553
21159 0 1673954762 505905 0 -24632 0 0 1963375
20567 0 1673954762 521812 0 -22178 0 0 1833621
20542 0 1673954762 537916 0 -19735 0 0 1949107
20983 0 1673954762 553923 0 -17304 0 0 1937141
21530 0 1673954762 585827 0 -14885 0 0 1926052
21740 0 1673954762 601868 0 -12477 0 0 1797248
21412 0 1673954762 617874 0 -10082 0 0 1908292
20821 0 1673954762 633892 0 -7698 0 0 1898218
20457 0 1673954762 665758 0 -5325 0 0 1887900
20654 0 1673954762 681856 0 -2965 0 0 1763436
21214 0 1673954762 697831 0 -617 0 0 1871009
21708 0 1673954762 713772 0 1720 0 0 1859620
21729 0 1673954762 745794 0 4045 0 0 1851642
21207 0 1673954762 761796 0 6357 0 0 1728328
20606 0 1673954762 777757 0 8658 0 0 1835075
20461 0 1673954762 809734 0 10948 0 0 1825965
20933 0 1673954762 825730 0 13226 0 0 1704550
21536 0 1673954762 841768 0 15492 0 0 1694417
21799 0 1673954762 857611 0 17746 0 0 1798294
21328 0 1673954762 889706 0 19989 0 0 1791606
20710 0 1673954762 905666 0 22219 0 0 1671591
20410 0 1673954762 921670 0 24438 0 0 1660942
20721 0 1673954762 937698 0 26645 0 0 1763603
21245 0 1673954762 969645 0 28840 0 0 1752905
21789 0 1673954762 985602 0 31023 0 0 1635494
21698 0 1673954763 1609 0 33195 0 0 1736864
21275 0 1673954763 17556 0 35355 0 0 1726365
20664 0 1673954763 49585 0 37503 0 0 1717232
20406 0 1673954763 65569 0 39639 0 0 1600221
20620 0 1673954763 81547 0 41764 0 0 1699384
21070 0 1673954763 97481 0 43877 0 0 1688774
21600 0 1673954763 129435 0 45977 0 0 1679228
21819 0 1673954763 145472 0 48066 0 0 1567395
21570 0 1673954763 161522 0 50144 0 0 1663088
20976 0 1673954763 177478 0 52210 0 0 1651537
20535 0 1673954763 209456 0 54263 0 0 1641733
20397 0 1673954763 225299 0 56305 0 0 1531045
20594 0 1673954763 241486 0 58335 0 0 1627050
21064 0 1673954763 257447 0 60354 0 0 1614213
21663 0 1673954763 289331 0 62360 0 0 1603958
21837 0 1673954763 305301 0 64355 0 0 1495797
21502 0 1673954763 321296 0 66338 0 0 1587664
21023 0 1673954763 353294 0 68309 0 0 1577743
20512 0 1673954763 369288 0 70268 0 0 1472274
20401 0 1673954763 385241 0 72216 0 0 1461539
20657 0 1673954763 401343 0 74152 0 0 1551383
21057 0 1673954763 433318 0 76076 0 0 1537877
21496 0 1673954763 449267 0 77988 0 0 1436419
21773 0 1673954763 465239 0 79889 0 0 1426280
21798 0 1673954763 481280 0 81777 0 0 1513211
21363 0 1673954763 513251 0 83654 0 0 1502028
20893 0 1673954763 529210 0 85519 0 0 1400634
20471 0 1673954763 545184 0 87372 0 0 1486396
20398 0 1673954763 561113 0 89214 0 0 1476266
20773 0 1673954763 593077 0 91043 0 0 1466055
21211 0 1673954763 609179 0 92861 0 0 1368225
21652 0 1673954763 625176 0 94667 0 0 1450042
21847 0 1673954763 641254 0 96462 0 0 1439130
21718 0 1673954763 673013 0 98244 0 0 1427611
21321 0 1673954763 689028 0 100015 0 0 1331909
20829 0 1673954763 705088 0 101774 0 0 1412379
20462 0 1673954763 721080 0 103521 0 0 1400925
20403 0 1673954763 753030 0 105256 0 0 1390268
20656 0 1673954763 769049 0 106980 0 0 1295170
21047 0 1673954763 785056 0 108692 0 0 1373289
21525 0 1673954763 801024 0 110392 0 0 1363982
21816 0 1673954763 833010 0 112080 0 0 1353831
21763 0 1673954763 849010 0 113756 0 0 1262523
21475 0 1673954763 864982 0 115421 0 0 1337990
20955 0 1673954763 881004 0 117073 0 0 1327985
20562 0 1673954763 912958 0 118715 0 0 1318148
20400 0 1673954763 928879 0 120344 0 0 1228285
20641 0 1673954763 944910 0 121961 0 0 1302667
21027 0 1673954763 976890 0 123567 0 0 1292211
21420 0 1673954763 992887 0 125161 0 0 1204148
21773 0 1673954764 8866 0 126743 0 0 1193495
21802 0 1673954764 24881 0 128313 0 0 1265146
21368 0 1673954764 56856 0 129872 0 0 1254651
20922 0 1673954764 72768 0 131418 0 0 1168588
20615 0 1673954764 88814 0 132953 0 0 1159188
20397 0 1673954764 104756 0 134476 0 0 1227836
20415 0 1673954764 136729 0 135987 0 0 1217238
20633 0 1673954764 152786 0 137487 0 0 1134009
21116 0 1673954764 168775 0 138975 0 0 1200925
21600 0 1673954764 184771 0 140451 0 0 1190644
21836 0 1673954764 216750 0 141914 0 0 1180029
21704 0 1673954764 232731 0 143367 0 0 1098919
21416 0 1673954764 248726 0 144808 0 0 1164262
21057 0 1673954764 264641 0 146236 0 0 1153027
20721 0 1673954764 296647 0 147653 0 0 1143841
20504 0 1673954764 312671 0 149058 0 0 1064336
20393 0 1673954764 328658 0 150452 0 0 1126961
20391 0 1673954764 344634 0 151833 0 0 1117138
20477 0 1673954764 376597 0 153203 0 0 1106888
20783 0 1673954764 392597 0 154561 0 0 1030366
21135 0 1673954764 408545 0 155907 0 0 1090818
21514 0 1673954764 424587 0 157242 0 0 1080724
21789 0 1673954764 456493 0 158564 0 0 1069991
21829 0 1673954764 472458 0 159875 0 0 995075
21560 0 1673954764 488492 0 161174 0 0 1053618
21364 0 1673954764 520465 0 162461 0 0 1043106
21094 0 1673954764 536393 0 163737 0 0 970491
20783 0 1673954764 552425 0 165001 0 0 960496
20550 0 1673954764 568453 0 166253 0 0 1016132
20399 0 1673954764 600428 0 167493 0 0 1005569
20458 0 1673954764 616395 0 168721 0 0 934781
20612 0 1673954764 632401 0 169937 0 0 925013
20851 0 1673954764 648378 0 171142 0 0 978442
21180 0 1673954764 680336 0 172335 0 0 967980
21457 0 1673954764 696301 0 173516 0 0 900305
21733 0 1673954764 712292 0 174686 0 0 952456
21839 0 1673954764 728208 0 175843 0 0 941512
21818 0 1673954764 760257 0 176989 0 0 931995
21681 0 1673954764 776368 0 178123 0 0 866400
21421 0 1673954764 792230 0 179245 0 0 915207
21146 0 1673954764 808267 0 180355 0 0 905553
20824 0 1673954764 840222 0 181454 0 0 894998
20577 0 1673954764 856081 0 182541 0 0 831478
20479 0 1673954764 872183 0 183616 0 0 879650
20394 0 1673954764 888245 0 184679 0 0 868292
20484 0 1673954764 920171 0 185730 0 0 857481
20637 0 1673954764 936002 0 186770 0 0 795875
20831 0 1673954764 952123 0 187798 0 0 842051
21210 0 1673954764 968128 0 188814 0 0 831710
21454 0 1673954764 999941 0 189818 0 0 820384
21620 0 1673954765 16049 0 190811 0 0 762079
21768 0 1673954765 31997 0 191791 0 0 803990
21834 0 1673954765 64018 0 192760 0 0 793013
21826 0 1673954765 80003 0 193703 0 0 735877
21818 0 1673954765 95992 4 194581 0 0 719459
21784 0 1673954765 111991 4 195394 0 0 748009
21751 0 1673954765 143973 4 196141 0 0 719501
21726 0 1673954765 159923 4 196821 0 0 654249
21647 0 1673954765 175925 0 197436 0 0 616479
21635 0 1673954765 191987 0 197984 0 0 621217
21606 0 1673954765 223913 0 198467 0 0 573141
21639 0 1673954765 239820 0 198883 0 0 498563
21689 0 1673954765 255835 0 199234 0 0 487026
21745 0 1673954765 271796 0 199519 0 0 429010
21789 0 1673954765 303878 0 199737 0 0 370902
21824 0 1673954765 319826 0 199890 0 0 305399
21841 0 1673954765 335788 0 199977 0 0 280701
21841 0 1673954765 351829 0 199999 0 0 222608
21814 0 1673954765 383807 32 200000 0 0 169197
