909455 0 1673953199 429077 0 -2968983 0 0 891369
909527 0 1673953199 443995 0 -2967784 0 0 840756
909534 0 1673953199 459986 0 -2966574 0 0 860168
909456 0 1673953199 475973 0 -2965352 0 0 924992
909543 0 1673953199 507983 0 -2964118 0 0 935921
909366 0 1673953199 523869 0 -2962872 0 0 885254
909531 0 1673953199 539895 0 -2961614 0 0 895535
909465 0 1673953199 555887 0 -2960345 0 0 962343
909338 0 1673953199 587867 0 -2959064 0 0 972707
909523 0 1673953199 603882 0 -2957771 0 0 919927
909508 0 1673953199 619862 0 -2956466 0 0 990679
909347 0 1673953199 635854 0 -2955150 0 0 992621
909319 0 1673953199 667825 0 -2953821 0 0 1003068
909416 0 1673953199 683846 0 -2952482 0 0 947902
909505 0 1673953199 699745 0 -2951130 0 0 1018939
909396 0 1673953199 715779 0 -2949766 0 0 1029255
909234 0 1673953199 747852 0 -2948391 0 0 1039523
909187 0 1673953199 763773 0 -2947003 0 0 981982
909339 0 1673953199 779755 0 -2945604 0 0 1056107
909545 0 1673953199 795639 0 -2944194 0 0 1066635
909537 0 1673953199 827713 0 -2942771 0 0 1077939
909378 0 1673953199 843720 0 -2941336 0 0 1017995
909113 0 1673953199 859683 0 -2939890 0 0 1093704
909010 0 1673953199 875646 0 -2938432 0 0 1104559
909111 0 1673953199 907644 0 -2936963 0 0 1114299
909353 0 1673953199 923584 0 -2935481 0 0 1052674
909511 0 1673953199 939621 0 -2933987 0 0 1131503
909525 0 1673953199 971518 0 -2932482 0 0 1140837
909317 0 1673953199 987543 0 -2930966 0 0 1077249
909046 0 1673953200 3511 0 -2929437 0 0 1086353
908883 0 1673953200 19525 0 -2927896 0 0 1167236
908938 0 1673953200 51507 0 -2926344 0 0 1177517
909150 0 1673953200 67526 0 -2924780 0 0 1111214
909377 0 1673953200 83568 0 -2923204 0 0 1121149
909546 0 1673953200 99454 0 -2921616 0 0 1203453
909514 0 1673953200 132190 0 -2920016 0 0 1214377
909342 0 1673953200 148208 0 -2918405 0 0 1144637
909117 0 1673953200 163401 0 -2916782 0 0 1228692
908926 0 1673953200 179397 0 -2915147 0 0 1247758
908895 0 1673953200 211376 0 -2913501 0 0 1257750
908975 0 1673953200 227706 0 -2911842 0 0 1187379
909093 0 1673953200 243396 0 -2910172 0 0 1270759
909264 0 1673953200 259396 0 -2908490 0 0 1284539
909352 0 1673953200 291371 0 -2906796 0 0 1295296
909401 0 1673953200 307297 0 -2905090 0 0 1221291
909429 0 1673953200 323280 0 -2903373 0 0 1312852
909362 0 1673953200 339278 0 -2901643 0 0 1323659
909279 0 1673953200 371255 0 -2899902 0 0 1325551
909164 0 1673953200 387230 0 -2898150 0 0 1250377
909022 0 1673953200 403195 0 -2896385 0 0 1341951
908968 0 1673953200 419182 0 -2894609 0 0 1355979
908933 0 1673953200 451216 0 -2892821 0 0 1363227
908914 0 1673953200 467192 0 -2891021 0 0 1285594
908973 0 1673953200 484121 0 -2889209 0 0 1379447
909075 0 1673953200 515185 0 -2887385 0 0 1379343
909161 0 1673953200 531204 0 -2885550 0 0 1302517
909238 0 1673953200 547264 0 -2883703 0 0 1312633
909263 0 1673953200 563176 0 -2881844 0 0 1407890
909321 0 1673953200 595129 0 -2879973 0 0 1418982
909334 0 1673953200 611179 0 -2878091 0 0 1337194
909267 0 1673953200 627133 0 -2876196 0 0 1346925
909179 0 1673953200 643175 0 -2874290 0 0 1445797
909039 0 1673953200 675095 0 -2872372 0 0 1455392
908858 0 1673953200 691013 0 -2870443 0 0 1381468
908789 0 1673953200 707014 0 -2868501 0 0 1479794
908832 0 1673953200 722989 0 -2866548 0 0 1490347
908921 0 1673953200 755035 0 -2864583 0 0 1501677
909087 0 1673953200 770938 0 -2862606 0 0 1414347
909295 0 1673953200 786912 0 -2860618 0 0 1517642
909470 0 1673953200 802923 0 -2858617 0 0 1528888
909491 0 1673953200 834921 0 -2856605 0 0 1538568
909351 0 1673953200 850894 0 -2854581 0 0 1450588
909166 0 1673953200 866938 0 -2852545 0 0 1555326
908919 0 1673953200 882889 0 -2850497 0 0 1564153
908712 0 1673953200 914936 0 -2848438 0 0 1575134
908728 0 1673953200 930998 0 -2846367 0 0 1483914
908858 0 1673953200 946901 0 -2844284 0 0 1590152
909217 0 1673953200 962983 0 -2842189 0 0 1600665
909477 0 1673953200 994857 0 -2840083 0 0 1609552
909638 0 1673953201 10761 0 -2837964 0 0 1517078
909566 0 1673953201 26842 0 -2835834 0 0 1627507
909304 0 1673953201 42851 0 -2833692 0 0 1636469
908950 0 1673953201 74733 0 -2831538 0 0 1647251
908743 0 1673953201 90756 0 -2829373 0 0 1551663
908650 0 1673953201 106838 0 -2827195 0 0 1663079
908772 0 1673953201 138813 0 -2825006 0 0 1673125
909023 0 1673953201 154778 0 -2822805 0 0 1574842
909349 0 1673953201 170774 0 -2820592 0 0 1586814
909543 0 1673953201 186684 0 -2818368 0 0 1700180
909501 0 1673953201 218650 0 -2816132 0 0 1710511
909214 0 1673953201 234596 0 -2813884 0 0 1612268
908941 0 1673953201 250610 0 -2811624 0 0 1623485
908809 0 1673953201 266606 0 -2809352 0 0 1739062
908882 0 1673953201 298601 4 -2807069 0 0 1749677
909061 0 1673953201 314640 0 -2804774 0 0 1649075
909178 0 1673953201 330690 0 -2802466 0 0 1766363
909247 0 1673953201 346678 0 -2800148 0 0 1775438
909202 0 1673953201 378636 0 -2797817 0 0 1786004
909078 0 1673953201 394563 0 -2795475 0 0 1680915
909048 0 1673953201 410594 0 -2793121 0 0 1801969
909132 0 1673953201 426594 0 -2790755 0 0 1811126
909224 0 1673953201 458597 0 -2788377 0 0 1821672
909235 0 1673953201 474598 0 -2785987 0 0 1715355
909105 0 1673953201 490511 0 -2783586 0 0 1837735
908857 0 1673953201 506542 0 -2781173 0 0 1849825
908715 0 1673953201 538520 0 -2778748 0 0 1860522
908840 0 1673953201 554341 0 -2776311 0 0 1751790
909166 0 1673953201 571105 0 -2773863 0 0 1879052
909542 0 1673953201 586346 0 -2771402 0 0 1877494
909699 0 1673953201 618429 0 -2768930 0 0 1900315
909568 0 1673953201 634407 0 -2766446 0 0 1789064
908958 0 1673953201 650381 0 -2763950 0 0 1916461
908492 0 1673953201 682382 0 -2761443 0 0 1927226
908318 0 1673953201 698374 0 -2758924 0 0 1813287
908619 0 1673953201 714433 0 -2756393 0 0 1824220
909408 0 1673953201 730442 0 -2753850 0 0 1952572
910012 0 1673953201 762312 0 -2751295 0 0 1960176
910103 0 1673953201 778370 0 -2748729 0 0 1856601
909703 0 1673953201 794309 0 -2746150 0 0 1854118
908923 0 1673953201 810321 0 -2743560 0 0 1987041
908159 0 1673953201 842269 0 -2740958 0 0 1996866
908040 0 1673953201 858241 0 -2738345 0 0 1879439
908726 0 1673953201 874282 0 -2735719 0 0 2013340
909666 0 1673953201 890221 0 -2733082 0 0 2022909
910268 0 1673953201 922242 0 -2730434 0 0 2035065
910225 0 1673953201 938243 0 -2727772 0 0 1915589
909456 0 1673953201 954243 0 -2725099 0 0 2050804
908438 0 1673953201 970258 0 -2722415 0 0 2061967
907966 0 1673953202 2257 0 -2719719 0 0 2071104
908428 0 1673953202 18200 0 -2717011 0 0 1949424
909362 0 1673953202 34070 0 -2714291 0 0 2088203
910097 0 1673953202 50245 0 -2711560 0 0 2100192
910107 0 1673953202 82143 0 -2708816 0 0 2108400
909452 0 1673953202 98131 0 -2706061 0 0 1983769
908653 0 1673953202 114136 0 -2703294 0 0 2124291
908166 0 1673953202 130052 0 -2700515 0 0 2134574
908201 0 1673953202 162063 0 -2697725 0 0 2146364
908685 0 1673953202 178005 0 -2694923 0 0 2020098
909425 0 1673953202 194053 0 -2692109 0 0 2163672
910100 0 1673953202 226009 0 -2689283 0 0 2172249
910019 0 1673953202 242029 0 -2686445 0 0 2042130
909305 0 1673953202 258040 0 -2683596 0 0 2054935
908624 0 1673953202 273914 0 -2680734 0 0 2199284
908026 0 1673953202 306003 0 -2677861 0 0 2211660
908588 0 1673953202 321872 0 -2674977 0 0 2080788
909782 0 1673953202 337926 0 -2672080 0 0 2092134
910367 0 1673953202 353937 0 -2669172 0 0 2238394
910060 0 1673953202 385909 0 -2666251 0 0 2247647
909075 0 1673953202 401906 0 -2663319 0 0 2115786
907910 0 1673953202 417864 0 -2660375 0 0 2264575
907823 0 1673953202 433883 0 -2657420 0 0 2276033
908931 0 1673953202 465874 0 -2654452 0 0 2286233
910293 0 1673953202 481800 0 -2651473 0 0 2148939
910680 0 1673953202 497944 0 -2648482 0 0 2301957
910013 0 1673953202 513883 0 -2645480 0 0 2307260
908527 0 1673953202 545786 0 -2642465 0 0 2319791
907645 0 1673953202 561718 0 -2639439 0 0 2182937
908133 0 1673953202 577775 0 -2636400 0 0 2337691
909411 0 1673953202 593766 0 -2633350 0 0 2346932
910508 0 1673953202 625769 0 -2630289 0 0 2356692
910416 0 1673953202 641746 0 -2627215 0 0 2217275
909268 0 1673953202 657747 0 -2624130 0 0 2373479
908005 0 1673953202 673743 0 -2621033 0 0 2382454
907986 0 1673953202 705721 0 -2617924 0 0 2395594
909450 0 1673953202 721690 0 -2614803 0 0 2252531
910814 0 1673953202 737689 0 -2611670 0 0 2410879
910914 0 1673953202 769610 0 -2608525 0 0 2419983
909503 0 1673953202 785640 0 -2605370 0 0 2277623
907719 0 1673953202 801644 0 -2602202 0 0 2287325
908245 0 1673953202 817651 0 -2599022 0 0 2447711
909944 0 1673953202 849630 0 -2595831 0 0 2457492
910983 0 1673953202 865595 0 -2592628 0 0 2311569
910388 0 1673953202 881603 0 -2589413 0 0 2322533
908388 0 1673953202 897694 0 -2586186 0 0 2485015
907440 0 1673953202 929517 0 -2582947 0 0 2492984
908798 0 1673953202 945459 0 -2579697 0 0 2345409
910600 0 1673953202 961439 0 -2576435 0 0 2510689
910786 0 1673953202 977518 0 -2573161 0 0 2522020
909006 0 1673953203 9517 0 -2569875 0 0 2530872
907343 0 1673953203 25488 0 -2566578 0 0 2380379
907944 0 1673953203 41434 0 -2563268 0 0 2547709
910299 0 1673953203 57494 0 -2559947 0 0 2558470
911230 0 1673953203 89467 0 -2556614 0 0 2567763
909585 0 1673953203 105470 0 -2553270 0 0 2416663
907380 0 1673953203 121451 0 -2549913 0 0 2584859
907654 0 1673953203 137451 0 -2546545 0 0 2594443
910595 0 1673953203 169408 0 -2543165 0 0 2604394
911546 0 1673953203 185279 0 -2539773 0 0 2450920
909408 0 1673953203 201298 0 -2536369 0 0 2625053
907022 0 1673953203 217274 0 -2532953 0 0 2634422
907250 0 1673953203 249219 0 -2529526 0 0 2644178
910100 0 1673953203 265258 0 -2526087 0 0 2488115
912001 0 1673953203 281278 0 -2522636 0 0 2660888
911332 0 1673953203 297333 0 -2519174 0 0 2670781
908206 0 1673953203 329249 0 -2515699 0 0 2679677
906370 0 1673953203 345210 0 -2512213 0 0 2520261
908271 0 1673953203 361175 0 -2508715 0 0 2696850
911648 0 1673953203 393129 0 -2505205 0 0 2705251
911320 0 1673953203 409221 0 -2501683 0 0 2544273
907942 0 1673953203 425258 0 -2498150 0 0 2552149
906215 0 1673953203 441220 0 -2494605 0 0 2729333
907086 0 1673953203 473147 0 -2491047 0 0 2741429
910279 0 1673953203 489136 0 -2487479 0 0 2578382
912036 0 1673953203 504999 0 -2483899 0 0 2590039
909388 0 1673953203 521124 0 -2480305 0 0 2773384
906366 0 1673953203 553087 0 -2476702 0 0 2780076
907236 0 1673953203 569049 0 -2473085 0 0 2613366
911329 0 1673953203 585057 0 -2469457 0 0 2796287
912040 0 1673953203 600961 0 -2465818 0 0 2808433
907982 0 1673953203 633016 0 -2462166 0 0 2821834
905719 0 1673953203 649024 0 -2458503 0 0 2652096
908632 0 1673953203 664994 0 -2454828 0 0 2836186
912283 0 1673953203 681021 0 -2451142 0 0 2846974
912509 0 1673953203 712963 0 -2447443 0 0 2853588
907721 0 1673953203 728873 0 -2443733 0 0 2685941
905952 0 1673953203 744879 0 -2440011 0 0 2874658
909990 0 1673953203 760917 0 -2436277 0 0 2884030
912774 0 1673953203 792918 0 -2432532 0 0 2893692
910617 0 1673953203 808906 0 -2428774 0 0 2718389
906391 0 1673953203 824848 0 -2425004 0 0 2908279
907988 0 1673953203 840900 0 -2421224 0 0 2920055
912170 0 1673953203 872861 0 -2417431 0 0 2928628
910441 0 1673953203 888770 0 -2413626 0 0 2754024
906646 0 1673953203 904854 0 -2409810 0 0 2947331
906522 0 1673953203 936832 0 -2405982 0 0 2953674
911062 0 1673953203 952758 0 -2402142 0 0 2776791
912544 0 1673953203 968790 0 -2398290 0 0 2789855
908887 0 1673953203 984808 0 -2394426 0 0 2982955
905643 0 1673953204 16680 0 -2390551 0 0 2992507
908677 0 1673953204 32749 0 -2386664 0 0 2812581
912393 0 1673953204 48732 0 -2382765 0 0 2822497
911434 0 1673953204 64753 0 -2378854 0 0 3018819
907238 0 1673953204 96678 0 -2374932 0 0 3026537
906816 0 1673953204 112575 0 -2370997 0 0 2847252
910705 0 1673953204 128590 0 -2367051 0 0 3047471
911297 0 1673953204 144648 0 -2363093 0 0 3055713
908145 0 1673953204 176654 0 -2359123 0 0 3065417
907530 0 1673953204 192642 0 -2355142 0 0 2881773
910629 0 1673953204 208616 0 -2351149 0 0 3081450
911128 0 1673953204 224525 0 -2347144 0 0 3094073
908420 0 1673953204 256598 0 -2343127 0 0 3106262
906904 0 1673953204 272533 0 -2339097 0 0 2920086
908702 0 1673953204 288589 0 -2335057 0 0 3123636
911296 0 1673953204 304559 0 -2331004 0 0 3130208
910574 0 1673953204 336509 0 -2326940 0 0 3141667
907760 0 1673953204 352510 0 -2322865 0 0 2954658
907442 0 1673953204 368468 0 -2318778 0 0 3159406
910539 0 1673953204 384469 0 -2314679 0 0 3170518
912346 0 1673953204 416469 0 -2310566 0 0 3180404
909720 0 1673953204 432395 0 -2306443 0 0 2987193
906449 0 1673953204 448455 0 -2302308 0 0 3196548
907059 0 1673953204 480348 0 -2298161 0 0 3203875
911439 0 1673953204 496433 0 -2294003 0 0 3013163
912919 0 1673953204 512341 0 -2289833 0 0 3020618
910271 0 1673953204 528314 0 -2285651 0 0 3232092
906435 0 1673953204 560389 0 -2281458 0 0 3243160
906283 0 1673953204 576391 0 -2277252 0 0 3046705
909574 0 1673953204 592333 0 -2273035 0 0 3056835
913498 0 1673953204 608316 0 -2268805 0 0 3270105
913145 0 1673953204 640323 0 -2264565 0 0 3278923
905421 0 1673953204 656332 0 -2260312 0 0 3083076
900885 0 1673953204 672307 0 -2256047 0 0 3295638
912582 0 1673953204 688291 0 -2251771 0 0 3308795
921589 0 1673953204 720284 0 -2247483 0 0 3317203
907949 0 1673953204 736278 0 -2243183 0 0 3117046
893723 0 1673953204 752256 0 -2238872 0 0 3333309
904104 0 1673953204 768278 0 -2234548 0 0 3344391
927552 0 1673953204 800114 0 -2230212 0 0 3352658
916363 0 1673953204 816238 0 -2225865 0 0 3151504
889551 0 1673953204 832261 0 -2221507 0 0 3366197
896421 0 1673953204 848234 0 -2217136 0 0 3376170
931067 0 1673953204 880038 0 -2212754 0 0 3386591
907915 0 1673953204 896000 0 -2208360 0 0 3183295
884898 0 1673953204 912275 0 -2203953 0 0 3404684
913341 0 1673953204 928026 0 -2199535 0 0 3407685
932997 0 1673953204 960088 0 -2195106 0 0 3424195
911461 0 1673953204 976052 0 -2190665 0 0 3217765
887693 0 1673953204 992070 0 -2186211 0 0 3440358
914768 0 1673953205 24016 0 -2181746 0 0 3453590
937435 0 1673953205 40005 0 -2177270 0 0 3246271
920094 0 1673953205 56015 0 -2172781 0 0 3256299
881592 0 1673953205 72016 0 -2168280 0 0 3479702
897715 0 1673953205 103970 0 -2163767 0 0 3489001
939391 0 1673953205 119980 0 -2159244 0 0 3286014
899518 0 1673953205 135976 0 -2154709 0 0 3289251
884167 0 1673953205 151947 0 -2150162 0 0 3516979
926211 0 1673953205 183947 0 -2145602 0 0 3527158
933210 0 1673953205 199905 0 -2141031 0 0 3314806
893459 0 1673953205 215889 0 -2136447 0 0 3544717
889475 0 1673953205 231886 0 -2131852 0 0 3555216
932573 0 1673953205 263887 0 -2127246 0 0 3565829
924910 0 1673953205 279774 0 -2122627 0 0 3350664
869966 0 1673953205 295760 0 -2117998 0 0 3584762
909410 0 1673953205 311745 0 -2113356 0 0 3595885
936817 0 1673953205 343768 0 -2108702 0 0 3606650
865546 0 1673953205 359812 0 -2104037 0 0 3388148
914707 0 1673953205 375808 0 -2099359 0 0 3620538
954412 0 1673953205 391783 0 -2094670 0 0 3629728
891594 0 1673953205 423752 0 -2089970 0 0 3640251
872627 0 1673953205 439664 0 -2085257 0 0 3420712
923891 0 1673953205 455652 0 -2080532 0 0 3659160
943829 0 1673953205 471695 0 -2075796 0 0 3666741
895864 0 1673953205 503666 0 -2071049 0 0 3675355
884767 0 1673953205 519650 0 -2066288 0 0 3453118
938094 0 1673953205 535622 0 -2061516 0 0 3691981
903743 0 1673953205 551636 0 -2056734 0 0 3704208
877738 0 1673953205 583614 0 -2051938 0 0 3714134
934249 0 1673953205 599558 0 -2047132 0 0 3489260
923289 0 1673953205 615575 0 -2042313 0 0 3731169
880122 0 1673953205 647556 0 -2037482 0 0 3738468
926132 0 1673953205 663575 0 -2032640 0 0 3512187
922160 0 1673953205 679566 0 -2027786 0 0 3523316
893656 0 1673953205 695451 0 -2022919 0 0 3766195
919026 0 1673953205 727497 0 -2018042 0 0 3779431
902164 0 1673953205 743471 0 -2013152 0 0 3550047
914402 0 1673953205 759481 0 -2008251 0 0 3561489
918417 0 1673953205 775479 0 -2003338 0 0 3806145
887450 0 1673953205 807460 0 -1998413 0 0 3814904
920461 0 1673953205 823433 0 -1993477 0 0 3584786
918102 0 1673953205 839435 0 -1988528 0 0 3832337
888362 0 1673953205 855408 0 -1983567 0 0 3843288
922314 0 1673953205 887411 0 -1978595 0 0 3854095
919434 0 1673953205 903372 0 -1973611 0 0 3617715
897320 0 1673953205 919362 0 -1968616 0 0 3868273
911579 0 1673953205 935260 0 -1963608 0 0 3878249
916623 0 1673953205 967260 0 -1958589 0 0 3892045
904458 0 1673953205 983278 0 -1953558 0 0 3656682
902501 0 1673953205 999294 0 -1948516 0 0 3907352
928740 0 1673953206 15187 0 -1943460 0 0 3916491
899155 0 1673953206 47240 0 -1938393 0 0 3930235
898726 0 1673953206 63163 0 -1933316 0 0 3691358
929210 0 1673953206 79144 0 -1928226 0 0 3947495
887578 0 1673953206 95193 0 -1923124 0 0 3957345
922377 0 1673953206 127162 0 -1918011 0 0 3965769
899617 0 1673953206 143149 0 -1912885 0 0 3723023
920530 0 1673953206 158987 0 -1907747 0 0 3979534
901482 0 1673953206 191105 0 -1902599 0 0 3995581
899411 0 1673953206 207084 0 -1897438 0 0 3753401
937008 0 1673953206 223091 0 -1892266 0 0 3760987
860751 0 1673953206 239039 0 -1887082 0 0 4019525
934543 0 1673953206 271017 0 -1881885 0 0 4029226
908698 0 1673953206 286900 0 -1876678 0 0 3784814
895016 0 1673953206 303000 0 -1871458 0 0 3800543
948522 0 1673953206 318986 0 -1866226 0 0 4057771
845165 0 1673953206 350955 0 -1860983 0 0 4068065
988092 0 1673953206 366977 0 -1855728 0 0 3817029
857226 0 1673953206 382960 0 -1850461 0 0 4079602
887315 0 1673953206 398921 0 -1845183 0 0 4089838
967355 0 1673953206 430918 0 -1839893 0 0 4101674
900283 0 1673953206 446912 0 -1834590 0 0 3851459
832636 0 1673953206 462775 0 -1829276 0 0 4116176
961877 0 1673953206 478868 0 -1823950 0 0 4127265
1040722 0 1673953206 510865 0 -1818612 0 0 4137777
568258 0 1673953206 526817 0 -1813263 0 0 3886523
1282922 0 1673953206 542817 0 -1807902 0 0 4154793
762160 0 1673953206 558769 0 -1802529 0 0 4165851
672265 0 1673953206 590767 0 -1797144 0 0 4177334
1367284 0 1673953206 606753 0 -1791748 0 0 3922964
693306 0 1673953206 622743 0 -1786339 0 0 4192689
749306 0 1673953206 638740 0 -1780918 0 0 4203275
1088789 0 1673953206 670616 0 -1775487 0 0 4209136
895467 0 1673953206 686640 0 -1770043 0 0 3957714
820806 0 1673953206 702732 0 -1764588 0 0 4228425
968457 0 1673953206 734662 0 -1759120 0 0 4234246
927828 0 1673953206 750631 0 -1753642 0 0 3977605
799045 0 1673953206 766671 0 -1748150 0 0 3987513
1062633 0 1673953206 782648 0 -1742648 0 0 4259985
797929 0 1673953206 814591 0 -1737133 0 0 4270649
949124 0 1673953206 830615 0 -1731605 0 0 4011327
916924 0 1673953206 846587 0 -1726067 0 0 4020867
859357 0 1673953206 862525 0 -1720518 0 0 4296857
977240 0 1673953206 894521 0 -1714957 0 0 4310119
828547 0 1673953206 910485 0 -1709383 0 0 4051390
989563 0 1673953206 926484 0 -1703798 0 0 4329963
831991 0 1673953206 942488 0 -1698200 0 0 4339308
988213 0 1673953206 974440 0 -1692591 0 0 4350960
845227 0 1673953206 990428 0 -1686971 0 0 4086437
953391 0 1673953207 6336 0 -1681339 0 0 4366446
904788 0 1673953207 22314 0 -1675695 0 0 4380795
885582 0 1673953207 54391 0 -1670039 0 0 4391055
944449 0 1673953207 70348 0 -1664371 0 0 4121969
878584 0 1673953207 86279 0 -1658692 0 0 4405852
933960 0 1673953207 102297 0 -1652999 0 0 4417576
884750 0 1673953207 134268 0 -1647296 0 0 4427170
958615 0 1673953207 150234 0 -1641582 0 0 4158810
861398 0 1673953207 166261 0 -1635856 0 0 4444354
955697 0 1673953207 182259 0 -1630117 0 0 4453447
872938 0 1673953207 214216 0 -1624367 0 0 4460681
928849 0 1673953207 230262 0 -1618604 0 0 4189352
917684 0 1673953207 246260 0 -1612830 0 0 4475509
897909 0 1673953207 278085 0 -1607044 0 0 4484534
914382 0 1673953207 294090 0 -1601247 0 0 4210783
907454 0 1673953207 310140 0 -1595437 0 0 4221680
908507 0 1673953207 326177 0 -1589617 0 0 4509012
911250 0 1673953207 358063 0 -1583784 0 0 4516956
920508 0 1673953207 374077 0 -1577939 0 0 4243872
893964 0 1673953207 390092 0 -1572083 0 0 4253653
925232 0 1673953207 406051 0 -1566215 0 0 4544389
903254 0 1673953207 438030 0 -1560334 0 0 4557930
906850 0 1673953207 453879 0 -1554442 0 0 4280704
909620 0 1673953207 470013 0 -1548539 0 0 4578048
917608 0 1673953207 486018 0 -1542624 0 0 4583682
888971 0 1673953207 517846 0 -1536696 0 0 4595818
952550 0 1673953207 533936 0 -1530757 0 0 4319061
867157 0 1673953207 549912 0 -1524806 0 0 4610542
918432 0 1673953207 565914 0 -1518843 0 0 4622366
927184 0 1673953207 597887 0 -1512869 0 0 4633181
881368 0 1673953207 613912 0 -1506882 0 0 4349970
934198 0 1673953207 629821 0 -1500884 0 0 4646914
899988 0 1673953207 645815 0 -1494874 0 0 4655229
899548 0 1673953207 677834 0 -1488852 0 0 4670696
929767 0 1673953207 693795 0 -1482820 0 0 4386327
879802 0 1673953207 709793 0 -1476775 0 0 4686544
937738 0 1673953207 725795 0 -1470717 0 0 4700318
899717 0 1673953207 757739 0 -1464649 0 0 4709623
899656 0 1673953207 773751 0 -1458568 0 0 4423742
931418 0 1673953207 789744 0 -1452476 0 0 4725637
893778 0 1673953207 821718 0 -1446372 0 0 4737163
905899 0 1673953207 837696 0 -1440256 0 0 4445768
925878 0 1673953207 853665 0 -1434129 0 0 4456625
898910 0 1673953207 869645 0 -1427990 0 0 4762944
908280 0 1673953207 901628 0 -1421837 0 0 4772800
924164 0 1673953207 917528 0 -1415674 0 0 4482213
890353 0 1673953207 933633 0 -1409500 0 0 4496430
920734 0 1673953207 949605 0 -1403313 0 0 4799246
913483 0 1673953207 981497 0 -1397116 0 0 4811007
895947 0 1673953207 997616 0 -1390923 0 0 4518069
921334 0 1673953208 13444 0 -1384742 0 0 4818350
909480 0 1673953208 29539 0 -1378574 0 0 4828076
902424 0 1673953208 61413 0 -1372415 0 0 4825315
919139 0 1673953208 77492 0 -1366269 0 0 4524968
905560 0 1673953208 93479 0 -1360136 0 0 4819863
905499 0 1673953208 109472 0 -1354014 0 0 4811479
914544 0 1673953208 141386 0 -1347904 0 0 4808160
908954 0 1673953208 157409 0 -1341805 0 0 4500529
903370 0 1673953208 173420 0 -1335719 0 0 4790595
914732 0 1673953208 189399 0 -1329644 0 0 4784292
910529 0 1673953208 221355 0 -1323581 0 0 4768271
904838 0 1673953208 237308 0 -1317529 0 0 4466270
911922 0 1673953208 253350 0 -1311491 0 0 4756372
913535 0 1673953208 269244 0 -1305463 0 0 4747520
904399 0 1673953208 301311 0 -1299447 0 0 4740600
912902 0 1673953208 317207 0 -1293442 0 0 4436260
910851 0 1673953208 333300 0 -1287450 0 0 4726639
907395 0 1673953208 365271 0 -1281469 0 0 4713863
910246 0 1673953208 381186 0 -1275500 0 0 4412728
910058 0 1673953208 397274 0 -1269544 0 0 4404607
909248 0 1673953208 413177 0 -1263599 0 0 4686083
909894 0 1673953208 445217 0 -1257666 0 0 4677626
907963 0 1673953208 461140 0 -1251743 0 0 4379343
913459 0 1673953208 477152 0 -1245833 0 0 4367865
905594 0 1673953208 493036 0 -1239936 0 0 4650712
908304 0 1673953208 525027 0 -1234049 0 0 4640828
913592 0 1673953208 541107 0 -1228175 0 0 4347018
905836 0 1673953208 557116 0 -1222313 0 0 4624912
911006 0 1673953208 573100 0 -1216462 0 0 4611230
912723 0 1673953208 605059 0 -1210623 0 0 4604625
905972 0 1673953208 621019 0 -1204796 0 0 4306583
911606 0 1673953208 637015 0 -1198980 0 0 4587127
911473 0 1673953208 652950 0 -1193178 0 0 4573931
905838 0 1673953208 684977 0 -1187385 0 0 4566514
912586 0 1673953208 700891 0 -1181605 0 0 4269402
909204 0 1673953208 716961 0 -1175837 0 0 4548830
906507 0 1673953208 732840 0 -1170081 0 0 4538878
912262 0 1673953208 764879 0 -1164336 0 0 4533123
908464 0 1673953208 780917 0 -1158603 0 0 4241928
908644 0 1673953208 796779 0 -1152882 0 0 4514409
911439 0 1673953208 812862 0 -1147172 0 0 4507486
907159 0 1673953208 844750 0 -1141475 0 0 4494219
910785 0 1673953208 860684 0 -1135790 0 0 4204751
911125 0 1673953208 876785 0 -1130116 0 0 4479160
907417 0 1673953208 908671 0 -1124454 0 0 4462295
910014 0 1673953208 924772 0 -1118804 0 0 4179500
911101 0 1673953208 940733 0 -1113165 0 0 4161419
907866 0 1673953208 956686 0 -1107538 0 0 4432682
910314 0 1673953208 988701 0 -1101923 0 0 4425270
910521 0 1673953209 4667 0 -1096320 0 0 4136257
908201 0 1673953209 20678 0 -1090729 0 0 4129940
910914 0 1673953209 36659 0 -1085150 0 0 4395827
909498 0 1673953209 68613 0 -1079582 0 0 4383826
908594 0 1673953209 84606 0 -1074025 0 0 4106094
911138 0 1673953209 100582 0 -1068481 0 0 4370872
909191 0 1673953209 116559 0 -1062949 0 0 4364688
908841 0 1673953209 148520 0 -1057428 0 0 4353770
911190 0 1673953209 164437 0 -1051919 0 0 4073137
908677 0 1673953209 180574 0 -1046422 0 0 4339297
909203 0 1673953209 196504 0 -1040937 0 0 4323235
911301 0 1673953209 228433 0 -1035464 0 0 4315607
908541 0 1673953209 244451 0 -1030002 0 0 4038503
909732 0 1673953209 260429 0 -1024551 0 0 4298500
911130 0 1673953209 276298 0 -1019112 0 0 4288741
908589 0 1673953209 308327 0 -1013687 0 0 4281853
908885 0 1673953209 324349 0 -1008272 0 0 4006082
911294 0 1673953209 340287 0 -1002870 0 0 4263574
909557 0 1673953209 356349 0 -997479 0 0 4252471
908616 0 1673953209 388280 0 -992100 0 0 4244640
910900 0 1673953209 404308 0 -986733 0 0 3970445
910202 0 1673953209 420282 0 -981377 0 0 4225286
908606 0 1673953209 452175 0 -976034 0 0 4216187
910166 0 1673953209 468189 0 -970702 0 0 3945528
910905 0 1673953209 484238 0 -965381 0 0 3930544
908576 0 1673953209 500261 0 -960074 0 0 4183058
909985 0 1673953209 532177 0 -954778 0 0 4172689
911440 0 1673953209 548242 0 -949492 0 0 3902961
908683 0 1673953209 564209 0 -944219 0 0 3892553
909588 0 1673953209 580171 0 -938958 0 0 4144758
911271 0 1673953209 612143 0 -933708 0 0 4136541
908618 0 1673953209 628018 0 -928471 0 0 3869851
908840 0 1673953209 644085 0 -923246 0 0 4122898
911104 0 1673953209 660151 0 -918032 0 0 4110779
909897 0 1673953209 692037 0 -912830 0 0 4100021
908690 0 1673953209 708024 0 -907639 0 0 3837949
910072 0 1673953209 723927 0 -902461 0 0 4085239
910765 0 1673953209 739926 0 -897294 0 0 4080049
909834 0 1673953209 771888 0 -892138 0 0 4068765
909489 0 1673953209 787871 0 -886995 0 0 3806270
910007 0 1673953209 803916 0 -881863 0 0 4052038
910198 0 1673953209 819917 0 -876744 0 0 4036267
910106 0 1673953209 851877 0 -871636 0 0 4028008
909616 0 1673953209 867859 0 -866540 0 0 3771226
909661 0 1673953209 883897 0 -861456 0 0 4013897
910545 0 1673953209 899903 0 -856384 0 0 4001961
910056 0 1673953209 931838 0 -851322 0 0 3988444
909310 0 1673953209 947708 0 -846273 0 0 3731931
910567 0 1673953209 963800 0 -841236 0 0 3976434
910267 0 1673953209 995682 0 -836211 0 0 3962646
909277 0 1673953210 11654 0 -831198 0 0 3709827
910221 0 1673953210 27738 0 -826196 0 0 3700363
910475 0 1673953210 43738 0 -821206 0 0 3935983
909660 0 1673953210 75709 0 -816226 0 0 3925268
909735 0 1673953210 91674 0 -811260 0 0 3673829
910297 0 1673953210 107657 0 -806306 0 0 3664528
910183 0 1673953210 123597 0 -801364 0 0 3900624
909904 0 1673953210 155630 0 -796433 0 0 3888055
910086 0 1673953210 171595 0 -791514 0 0 3640076
910026 0 1673953210 187584 0 -786606 0 0 3874743
909985 0 1673953210 203561 0 -781710 0 0 3863864
910194 0 1673953210 235532 0 -776826 0 0 3856744
909979 0 1673953210 251534 0 -771954 0 0 3608522
909825 0 1673953210 267499 0 -767094 0 0 3840372
910128 0 1673953210 283511 0 -762246 0 0 3829997
910313 0 1673953210 315432 0 -757410 0 0 3818779
909956 0 1673953210 331476 0 -752585 0 0 3571602
909876 0 1673953210 347570 0 -747772 0 0 3800394
910155 0 1673953210 363468 0 -742970 0 0 3786253
910177 0 1673953210 395417 0 -738180 0 0 3778574
909960 0 1673953210 411328 0 -733403 0 0 3534558
909993 0 1673953210 427401 0 -728637 0 0 3764485
910103 0 1673953210 443320 0 -723883 0 0 3752084
910099 0 1673953210 475325 0 -719141 0 0 3743051
910111 0 1673953210 491289 0 -714410 0 0 3502109
909931 0 1673953210 507334 0 -709692 0 0 3727711
909905 0 1673953210 523376 0 -704986 0 0 3717262
910188 0 1673953210 555289 0 -700289 0 0 3708546
910230 0 1673953210 571285 0 -695606 0 0 3467057
909925 0 1673953210 587264 0 -690935 0 0 3689699
909887 0 1673953210 619236 0 -686275 0 0 3677342
910168 0 1673953210 635229 0 -681627 0 0 3442345
910141 0 1673953210 651236 0 -676991 0 0 3429835
909957 0 1673953210 667203 0 -672367 0 0 3650231
910027 0 1673953210 699227 0 -667753 0 0 3639967
910157 0 1673953210 715157 0 -663153 0 0 3406126
910042 0 1673953210 731203 0 -658563 0 0 3398848
910024 0 1673953210 747176 0 -653986 0 0 3615253
910103 0 1673953210 779084 0 -649421 0 0 3605541
910159 0 1673953210 795031 0 -644868 0 0 3372821
910016 0 1673953210 811056 0 -640326 0 0 3590698
910050 0 1673953210 827041 0 -635796 0 0 3579458
910240 0 1673953210 858930 0 -631277 0 0 3569815
910155 0 1673953210 874992 0 -626770 0 0 3339133
909967 0 1673953210 891013 0 -622275 0 0 3551962
910023 0 1673953210 907036 0 -617792 0 0 3538969
910219 0 1673953210 938873 0 -613322 0 0 3529175
910277 0 1673953210 954962 0 -608863 0 0 3301460
910115 0 1673953210 970873 0 -604415 0 0 3510476
909905 0 1673953210 986923 0 -599979 0 0 3501074
910073 0 1673953211 18915 0 -595555 0 0 3490067
910387 0 1673953211 34846 0 -591143 0 0 3263827
910233 0 1673953211 50797 0 -586743 0 0 3474542
909907 0 1673953211 66868 0 -582354 0 0 3467201
910020 0 1673953211 98862 0 -577978 0 0 3455438
910408 0 1673953211 114883 0 -573613 0 0 3232716
910290 0 1673953211 130896 0 -569260 0 0 3438417
909958 0 1673953211 162814 0 -564918 0 0 3430124
910008 0 1673953211 178874 0 -560588 0 0 3206467
910399 0 1673953211 194732 0 -556271 0 0 3195788
910326 0 1673953211 210703 0 -551965 0 0 3404578
910032 0 1673953211 242785 0 -547671 0 0 3393127
910027 0 1673953211 258757 0 -543389 0 0 3171744
910331 0 1673953211 274779 0 -539118 0 0 3164110
910356 0 1673953211 290672 0 -534859 0 0 3366282
910071 0 1673953211 322692 0 -530612 0 0 3359280
910047 0 1673953211 338661 0 -526376 0 0 3142307
910326 0 1673953211 354676 0 -522153 0 0 3343541
910405 0 1673953211 370687 0 -517942 0 0 3334379
910185 0 1673953211 402579 0 -513742 0 0 3319981
910044 0 1673953211 418646 0 -509554 0 0 3105068
910175 0 1673953211 434641 0 -505377 0 0 3302730
910361 0 1673953211 450595 0 -501213 0 0 3291676
910363 0 1673953211 482619 0 -497060 0 0 3283065
910189 0 1673953211 498575 0 -492919 0 0 3067573
910122 0 1673953211 514616 0 -488790 0 0 3265200
910257 0 1673953211 530596 0 -484673 0 0 3253021
910423 0 1673953211 562568 0 -480567 0 0 3243654
910338 0 1673953211 578487 0 -476473 0 0 3033857
910199 0 1673953211 594534 0 -472391 0 0 3229333
910158 0 1673953211 610551 0 -468321 0 0 3219421
910303 0 1673953211 642535 0 -464262 0 0 3208619
910430 0 1673953211 658505 0 -460216 0 0 2999541
910306 0 1673953211 674509 0 -456180 0 0 3192376
910184 0 1673953211 706472 0 -452157 0 0 3180814
910207 0 1673953211 722377 0 -448147 0 0 2975819
910383 0 1673953211 738405 0 -444148 0 0 2967200
910379 0 1673953211 754446 0 -440160 0 0 3155895
910269 0 1673953211 786437 0 -436185 0 0 3142426
910160 0 1673953211 802438 0 -432220 0 0 2939787
910284 0 1673953211 818441 0 -428267 0 0 2929832
910396 0 1673953211 834371 0 -424327 0 0 3116868
910343 0 1673953211 866434 0 -420399 0 0 3107266
910194 0 1673953211 882270 0 -416482 0 0 2905377
910201 0 1673953211 898366 0 -412577 0 0 3094647
910288 0 1673953211 914359 0 -408684 0 0 3079695
910347 0 1673953211 946322 0 -404802 0 0 3070190
910303 0 1673953211 962278 0 -400932 0 0 2872182
910236 0 1673953211 978193 0 -397075 0 0 3056223
910204 0 1673953211 994301 0 -393228 0 0 3047902
910286 0 1673953212 26279 0 -389394 0 0 3035112
910401 0 1673953212 42281 0 -385572 0 0 2836582
910405 0 1673953212 58096 0 -381761 0 0 3017820
910331 0 1673953212 74193 0 -377962 0 0 3007859
910279 0 1673953212 106171 0 -374175 0 0 2997546
910295 0 1673953212 121996 0 -370399 0 0 2802781
910345 0 1673953212 138122 0 -366636 0 0 2985141
910352 0 1673953212 154083 0 -362884 0 0 2970986
910302 0 1673953212 186051 0 -359144 0 0 2959422
910271 0 1673953212 202022 0 -355416 0 0 2769732
910282 0 1673953212 218051 0 -351700 0 0 2946532
910321 0 1673953212 250016 0 -347995 0 0 2935573
910327 0 1673953212 266029 0 -344302 0 0 2740756
910328 0 1673953212 282004 0 -340621 0 0 2732342
910331 0 1673953212 298105 0 -336952 0 0 2906701
910320 0 1673953212 329908 0 -333295 0 0 2890046
910322 0 1673953212 345959 0 -329649 0 0 2705632
910339 0 1673953212 361906 0 -326015 0 0 2693261
910346 0 1673953212 377960 0 -322393 0 0 2865934
910347 0 1673953212 409951 0 -318783 0 0 2853738
910316 0 1673953212 425909 0 -315184 0 0 2668358
910322 0 1673953212 441923 0 -311597 0 0 2839053
910347 0 1673953212 457819 0 -308023 0 0 2828590
910448 0 1673953212 489913 0 -304460 0 0 2819955
910406 0 1673953212 505885 0 -300908 0 0 2637995
910346 0 1673953212 521862 0 -297368 0 0 2805174
910333 0 1673953212 537852 0 -293840 0 0 2796446
910348 0 1673953212 569822 0 -290324 0 0 2785134
910414 0 1673953212 585789 0 -286820 0 0 2605035
910411 0 1673953212 601794 0 -283328 0 0 2770974
910353 0 1673953212 617794 0 -279848 0 0 2759496
910319 0 1673953212 649769 0 -276379 0 0 2749548
910308 0 1673953212 665748 0 -272922 0 0 2568253
910330 0 1673953212 681752 0 -269477 0 0 2732191
910376 0 1673953212 697810 0 -266044 0 0 2721052
910392 0 1673953212 729710 0 -262622 0 0 2708997
910390 0 1673953212 745655 0 -259212 0 0 2532449
910358 0 1673953212 761619 0 -255814 0 0 2694175
910335 0 1673953212 793652 0 -252428 0 0 2683865
910355 0 1673953212 809640 0 -249054 0 0 2508704
910366 0 1673953212 825666 0 -245691 0 0 2498598
910380 0 1673953212 841604 0 -242340 0 0 2656383
910371 0 1673953212 873642 0 -239001 0 0 2646858
910336 0 1673953212 889604 0 -235674 0 0 2473946
910351 0 1673953212 905613 0 -232358 0 0 2465572
910327 0 1673953212 921632 0 -229055 0 0 2620924
910386 0 1673953212 953591 0 -225763 0 0 2609046
910385 0 1673953212 969545 0 -222483 0 0 2437998
910374 0 1673953212 985497 0 -219215 0 0 2593483
910347 0 1673953213 1550 0 -215958 0 0 2583842
910342 0 1673953213 33537 0 -212714 0 0 2572877
910321 0 1673953213 49462 0 -209480 0 0 2403509
910336 0 1673953213 65521 0 -206259 0 0 2557283
910388 0 1673953213 81494 0 -203050 0 0 2544911
910381 0 1673953213 113334 0 -199852 0 0 2535367
910375 0 1673953213 129293 0 -196667 0 0 2370563
910372 0 1673953213 145343 0 -193493 0 0 2520958
910397 0 1673953213 161385 0 -190331 0 0 2508725
910458 0 1673953213 193374 0 -187180 0 0 2496610
910495 0 1673953213 209289 0 -184041 0 0 2334184
910523 0 1673953213 225378 0 -180914 0 0 2483211
910521 0 1673953213 241307 0 -177800 0 0 2469598
910485 0 1673953213 273323 0 -174696 0 0 2461847
910405 0 1673953213 289281 0 -171605 0 0 2299867
910408 0 1673953213 305270 0 -168525 0 0 2445140
910427 0 1673953213 321272 0 -165457 0 0 2434199
910407 0 1673953213 353271 0 -162401 0 0 2424772
910364 0 1673953213 369272 0 -159357 0 0 2266500
910335 0 1673953213 385259 0 -156325 0 0 2409251
910338 0 1673953213 417079 0 -153304 0 0 2397508
910380 0 1673953213 433169 0 -150295 0 0 2242844
910425 0 1673953213 449061 0 -147298 0 0 2229407
910393 0 1673953213 465178 0 -144313 0 0 2372039
910366 0 1673953213 497169 0 -141339 0 0 2358788
910334 0 1673953213 513159 0 -138378 0 0 2203593
910344 0 1673953213 529048 0 -135427 0 0 2193557
910347 0 1673953213 545054 0 -132489 0 0 2333838
910398 0 1673953213 577125 0 -129564 0 0 2323300
910416 0 1673953213 593088 0 -126649 0 0 2170059
910407 0 1673953213 609056 0 -123746 0 0 2306457
910372 0 1673953213 625077 0 -120856 0 0 2298211
910351 0 1673953213 657054 0 -117976 0 0 2285607
910306 0 1673953213 673053 0 -115109 0 0 2137377
910331 0 1673953213 689026 0 -112253 0 0 2271680
910384 0 1673953213 705023 0 -109410 0 0 2261422
910414 0 1673953213 736986 0 -106577 0 0 2249216
910401 0 1673953213 752953 0 -103757 0 0 2101533
910359 0 1673953213 768958 0 -100949 0 0 2234300
910331 0 1673953213 784877 0 -98152 0 0 2223206
910351 0 1673953213 816939 0 -95367 0 0 2213770
910358 0 1673953213 832926 0 -92594 0 0 2068027
910417 0 1673953213 848852 0 -89833 0 0 2197784
910498 0 1673953213 864986 0 -87084 0 0 2188565
910490 0 1673953213 896900 0 -84346 0 0 2175621
910435 0 1673953213 912904 0 -81620 0 0 2032373
910429 0 1673953213 928783 0 -78906 0 0 2159491
910431 0 1673953213 960894 0 -76204 0 0 2150584
910454 0 1673953213 976868 0 -73513 0 0 2008467
910485 0 1673953213 992857 0 -70834 0 0 1997157
910514 0 1673953214 8847 0 -68167 0 0 2122647
910502 0 1673953214 40845 0 -65513 0 0 2112141
910463 0 1673953214 56720 0 -62869 0 0 1971546
910455 0 1673953214 72818 0 -60238 0 0 1965341
910453 0 1673953214 88825 0 -57618 0 0 2086178
910460 0 1673953214 120793 0 -55009 0 0 2075879
910465 0 1673953214 136762 0 -52413 0 0 1936886
910492 0 1673953214 152780 0 -49829 0 0 2058777
910494 0 1673953214 168781 0 -47256 0 0 2047717
910477 0 1673953214 200752 0 -44696 0 0 2037073
910477 0 1673953214 216744 0 -42147 0 0 1902307
910486 0 1673953214 232749 0 -39610 0 0 2021076
910481 0 1673953214 248697 0 -37084 0 0 2008722
910505 0 1673953214 280699 0 -34571 0 0 2000630
910533 0 1673953214 296691 0 -32069 0 0 1868117
910533 0 1673953214 312556 0 -29579 0 0 1984518
910523 0 1673953214 328588 0 -27100 0 0 1975834
910507 0 1673953214 360648 0 -24634 0 0 1965187
910493 0 1673953214 376650 0 -22180 0 0 1834802
910481 0 1673953214 392629 0 -19737 0 0 1948771
910505 0 1673953214 408643 0 -17306 0 0 1938607
910512 0 1673953214 440603 0 -14886 0 0 1928126
910506 0 1673953214 456593 0 -12479 0 0 1799592
910517 0 1673953214 472474 0 -10083 0 0 1911563
910496 0 1673953214 504526 0 -7699 0 0 1902834
910500 0 1673953214 520494 0 -5327 0 0 1774316
910456 0 1673953214 536513 0 -2967 0 0 1764907
910445 0 1673953214 552526 0 -619 0 0 1874332
910450 0 1673953214 584508 0 1718 0 0 1863825
910470 0 1673953214 600465 0 4043 0 0 1739700
910499 0 1673953214 616468 0 6355 0 0 1729968
910505 0 1673953214 632472 0 8657 0 0 1837055
910516 0 1673953214 664396 0 10946 0 0 1826403
910506 0 1673953214 680427 0 13224 0 0 1703341
910526 0 1673953214 696321 0 15490 0 0 1808570
910556 0 1673953214 712428 0 17744 0 0 1799225
910564 0 1673953214 744350 0 19987 0 0 1787788
910561 0 1673953214 760328 0 22218 0 0 1668952
910576 0 1673953214 776293 0 24436 0 0 1772262
910575 0 1673953214 792263 0 26643 0 0 1761873
910587 0 1673953214 824299 0 28839 0 0 1751966
910575 0 1673953214 840381 0 31022 0 0 1634959
910567 0 1673953214 856279 0 33194 0 0 1734491
910552 0 1673953214 872275 0 35354 0 0 1725921
910575 0 1673953214 904270 0 37502 0 0 1714154
910549 0 1673953214 920263 0 39638 0 0 1600879
910576 0 1673953214 936274 0 41763 0 0 1699288
910590 0 1673953214 952285 0 43875 0 0 1688496
910569 0 1673953214 984239 0 45976 0 0 1677531
910587 0 1673953215 234 0 48065 0 0 1564824
910567 0 1673953215 16204 0 50142 0 0 1661248
910561 0 1673953215 32207 0 52208 0 0 1652357
910552 0 1673953215 64148 0 54262 0 0 1640614
910553 0 1673953215 80146 0 56304 0 0 1530687
910551 0 1673953215 96035 0 58334 0 0 1624641
910546 0 1673953215 128114 0 60352 0 0 1615478
910578 0 1673953215 144074 0 62358 0 0 1507077
910599 0 1673953215 160063 0 64353 0 0 1497355
910611 0 1673953215 176047 0 66336 0 0 1588992
910619 0 1673953215 208028 0 68308 0 0 1578867
910593 0 1673953215 224011 0 70267 0 0 1472442
910578 0 1673953215 240012 0 72215 0 0 1462330
910573 0 1673953215 255985 0 74151 0 0 1551490
910574 0 1673953215 287963 0 76074 0 0 1541333
910562 0 1673953215 303928 0 77987 0 0 1436358
910549 0 1673953215 319859 0 79887 0 0 1524604
910551 0 1673953215 335908 0 81776 0 0 1514563
910584 0 1673953215 367849 0 83653 0 0 1503519
910588 0 1673953215 383821 0 85518 0 0 1401980
910579 0 1673953215 399876 0 87371 0 0 1487544
910571 0 1673953215 415884 0 89212 0 0 1476276
910587 0 1673953215 447797 0 91042 0 0 1465847
910582 0 1673953215 463914 0 92860 0 0 1366748
910540 0 1673953215 479808 0 94666 0 0 1448363
910535 0 1673953215 495898 0 96460 0 0 1438773
910545 0 1673953215 527820 0 98243 0 0 1426648
910556 0 1673953215 543784 0 100014 0 0 1330593
910573 0 1673953215 559808 0 101773 0 0 1411525
910595 0 1673953215 575744 0 103520 0 0 1400601
910599 0 1673953215 607778 0 105255 0 0 1391546
910602 0 1673953215 623754 0 106979 0 0 1297014
910598 0 1673953215 639754 0 108691 0 0 1375441
910616 0 1673953215 671732 0 110390 0 0 1366272
910611 0 1673953215 687706 0 112079 0 0 1272436
910600 0 1673953215 703687 0 113755 0 0 1263227
910605 0 1673953215 719559 0 115420 0 0 1339332
910609 0 1673953215 751619 0 117072 0 0 1329797
910607 0 1673953215 767628 0 118714 0 0 1239473
910601 0 1673953215 783556 0 120343 0 0 1228351
910619 0 1673953215 799610 0 121960 0 0 1302885
910644 0 1673953215 831492 0 123566 0 0 1291755
910642 0 1673953215 847604 0 125160 0 0 1203957
910646 0 1673953215 863506 0 126742 0 0 1274847
910650 0 1673953215 879586 0 128312 0 0 1265174
910665 0 1673953215 911468 0 129870 0 0 1253775
910641 0 1673953215 927528 0 131417 0 0 1166962
910629 0 1673953215 943523 0 132952 0 0 1236279
910644 0 1673953215 959379 0 134475 0 0 1226063
910631 0 1673953215 991474 0 135986 0 0 1216338
910662 0 1673953216 7499 0 137486 0 0 1133055
910681 0 1673953216 23475 0 138974 0 0 1200021
910695 0 1673953216 39425 0 140450 0 0 1190960
910695 0 1673953216 71456 0 141913 0 0 1180013
910685 0 1673953216 87411 0 143366 0 0 1099501
910675 0 1673953216 103409 0 144806 0 0 1164706
910682 0 1673953216 119366 0 146235 0 0 1154931
910653 0 1673953216 151390 0 147652 0 0 1144906
910660 0 1673953216 167343 0 149057 0 0 1064560
910642 0 1673953216 183327 0 150451 0 0 1128068
910619 0 1673953216 215272 0 151832 0 0 1117981
910611 0 1673953216 231345 0 153202 0 0 1040633
910639 0 1673953216 247352 0 154560 0 0 1029329
910617 0 1673953216 263268 0 155906 0 0 1089838
910577 0 1673953216 295283 0 157241 0 0 1079876
910582 0 1673953216 311205 0 158564 0 0 1004877
910634 0 1673953216 327281 0 159874 0 0 994682
910633 0 1673953216 343283 0 161173 0 0 1052385
910632 0 1673953216 375190 0 162461 0 0 1041617
910636 0 1673953216 391305 0 163736 0 0 969056
910644 0 1673953216 407217 0 165000 0 0 1024603
910647 0 1673953216 423194 0 166252 0 0 1015530
910648 0 1673953216 455191 0 167492 0 0 1005410
910639 0 1673953216 471173 0 168720 0 0 934317
910638 0 1673953216 487099 0 169937 0 0 988730
910638 0 1673953216 503174 0 171141 0 0 978298
910643 0 1673953216 535126 0 172334 0 0 968002
910638 0 1673953216 551055 0 173515 0 0 899989
910639 0 1673953216 567073 0 174685 0 0 952319
910634 0 1673953216 582945 0 175842 0 0 942624
910596 0 1673953216 615016 0 176988 0 0 932499
910604 0 1673953216 631099 0 178122 0 0 866479
910586 0 1673953216 647034 0 179244 0 0 915517
910594 0 1673953216 663002 0 180355 0 0 905474
910598 0 1673953216 694896 0 181453 0 0 894791
910650 0 1673953216 710942 0 182540 0 0 832084
910659 0 1673953216 726955 0 183615 0 0 879011
910652 0 1673953216 758869 0 184678 0 0 867968
910658 0 1673953216 774803 0 185730 0 0 806612
910670 0 1673953216 790889 0 186769 0 0 795681
910680 0 1673953216 806883 0 187797 0 0 840286
910674 0 1673953216 838860 0 188813 0 0 830537
910665 0 1673953216 854823 0 189817 0 0 770657
910672 0 1673953216 870836 0 190810 0 0 760413
910682 0 1673953216 886775 0 191791 0 0 802884
910661 0 1673953216 918791 0 192759 0 0 793097
910664 0 1673953216 934764 0 193702 0 0 735395
910670 0 1673953216 950760 4 194581 0 0 769874
910687 0 1673953216 966741 4 195393 0 0 747306
910608 0 1673953216 998707 4 196140 0 0 720488
910606 0 1673953217 14718 4 196821 0 0 654519
910606 0 1673953217 30742 0 197435 0 0 665380
910638 0 1673953217 46653 0 197984 0 0 621716
910669 0 1673953217 78684 0 198467 0 0 573424
910661 0 1673953217 94581 0 198883 0 0 498824
910662 0 1673953217 110633 0 199234 0 0 487302
910660 0 1673953217 126582 0 199519 0 0 429059
910648 0 1673953217 158617 0 199737 0 0 371099
910645 0 1673953217 174578 0 199890 0 0 305526
910637 0 1673953217 190560 0 199977 0 0 280755
910650 0 1673953217 206536 0 199999 0 0 222986
910640 0 1673953217 238513 32 200000 0 0 169551
