1998747 -2 1673606989 504709 0 968984 0 0 -833754
1643189 27 1673606989 520706 0 967786 0 0 -843697
666016 -5 1673606989 536704 0 966575 0 0 -908073
2473966 1 1673606989 568699 0 965353 0 0 -918569
1174431 -1 1673606989 584629 0 964119 0 0 -868683
398562 -2 1673606989 600700 0 962874 0 0 -879464
1444323 -5 1673606989 616686 0 961616 0 0 -945439
2524369 -2 1673606989 648677 0 960347 0 0 -955907
2551031 5 1673606989 664678 0 959066 0 0 -903727
1549440 22 1673606989 680657 0 957773 0 0 -971981
583795 9 1673606989 696639 0 956468 0 0 -982794
317682 5 1673606989 728658 0 955152 0 0 -993171
905520 10 1673606989 744650 0 953823 0 0 -938674
1699297 14 1673606989 760674 0 952483 0 0 -1009336
2489980 -3 1673606989 776669 0 951132 0 0 -1018955
2744615 16 1673606989 808650 0 949768 0 0 -1029891
2625028 7 1673606989 824640 0 948392 0 0 -973084
2129998 34 1673606989 840629 0 947005 0 0 -1046052
1513191 1 1673606989 856694 0 945606 0 0 -1056505
922635 6 1673606989 888547 0 944195 0 0 -1066132
421919 -4 1673606989 907271 0 942773 0 0 -1007226
239971 -2 1673606989 920596 0 941338 0 0 -1062121
332632 -18 1673606989 936597 0 939892 0 0 -1100755
560221 -15 1673606989 968573 0 938434 0 0 -1111393
840101 -11 1673606989 984597 0 936964 0 0 -1049980
1298692 0 1673606990 481 0 935482 0 0 -1127262
1696239 17 1673606990 16591 0 933989 0 0 -1138594
1960578 -4 1673606990 48545 0 932484 0 0 -1147848
2204073 -4 1673606990 64550 0 930967 0 0 -1084791
2543442 -5 1673606990 80556 0 929439 0 0 -1164209
2713724 7 1673606990 112548 0 927898 0 0 -1194892
2659152 27 1673606990 128563 0 926346 0 0 -1101133
2379392 15 1673606990 144590 0 924782 0 0 -1111350
1690413 16 1673606990 160518 0 923206 0 0 -1193166
1012739 -8 1673606990 192520 0 921618 0 0 -1204435
452895 18 1673606990 208530 0 920018 0 0 -1135690
258228 -13 1673606990 224528 0 918407 0 0 -1146947
535149 8 1673606990 240500 0 916784 0 0 -1231284
1226545 -13 1673606990 272486 0 915150 0 0 -1241962
1935381 -7 1673606990 288450 16 913503 0 0 -1171985
2548355 -8 1673606990 304510 16 911852 0 0 -1257779
2740432 7 1673606990 320505 16 910200 0 0 -1265913
2397770 9 1673606990 352409 16 908549 0 0 -1273547
1701979 15 1673606990 368405 16 906898 0 0 -1198625
909142 2 1673606990 384463 16 905247 0 0 -1281776
402254 -15 1673606990 400391 16 903596 0 0 -1285198
262609 -4 1673606990 432431 16 901944 0 0 -1288740
494648 -15 1673606990 448446 16 900293 0 0 -1209404
1022523 6 1673606990 464452 16 898642 0 0 -1290028
1790748 17 1673606990 480446 16 896991 0 0 -1289604
2389031 5 1673606990 512433 16 895339 0 0 -1290268
2728999 27 1673606990 528406 16 893688 0 0 -1209635
2586506 18 1673606990 544405 16 892037 0 0 -1290280
2017390 17 1673606990 560386 16 890386 0 0 -1290250
1217589 12 1673606990 592421 16 888735 0 0 -1291024
562332 -8 1673606990 608465 16 887083 0 0 -1209542
260888 -15 1673606990 624417 16 885432 0 0 -1289816
550038 -8 1673606990 640333 16 883781 0 0 -1290452
1292109 9 1673606990 672357 16 882129 0 0 -1291462
2022312 10 1673606990 688350 16 880478 0 0 -1210628
2546130 -1 1673606990 704390 16 878827 0 0 -1291281
2711699 -4 1673606990 736380 16 877176 0 0 -1290606
2380477 25 1673606990 752295 16 875525 0 0 -1210006
1601674 21 1673606990 768324 16 873874 0 0 -1210676
932961 3 1673606990 784381 16 872222 0 0 -1291136
411212 7 1673606990 816348 16 870571 0 0 -1291006
256671 27 1673606990 832289 16 868920 0 0 -1209989
633741 20 1673606990 848248 16 867269 0 0 -1209636
1294633 -13 1673606990 864244 16 865618 0 0 -1290726
2143681 1 1673606990 896275 16 863966 0 0 -1290794
2612346 3 1673606990 912239 16 862315 0 0 -1210502
2702054 26 1673606990 928347 16 860664 0 0 -1291456
2255933 31 1673606990 944332 16 859013 0 0 -1289514
1471172 30 1673606990 976221 16 857362 0 0 -1289859
733193 1 1673606990 992260 16 855710 0 0 -1210146
308655 3 1673606991 8243 16 854059 0 0 -1290286
307102 12 1673606991 24214 16 852408 0 0 -1289861
734644 -10 1673606991 56195 16 850757 0 0 -1289739
1546592 -14 1673606991 72192 16 849106 0 0 -1209034
2271365 7 1673606991 88262 16 847455 0 0 -1289758
2711048 12 1673606991 104169 16 845803 0 0 -1288789
2659973 21 1673606991 136241 16 844152 0 0 -1290813
2018784 23 1673606991 152247 16 842501 0 0 -1209865
1229907 8 1673606991 168187 16 840850 0 0 -1290090
490464 8 1673606991 184182 16 839198 0 0 -1291187
252515 2 1673606991 216215 16 837547 0 0 -1291066
540943 12 1673606991 232206 16 835896 0 0 -1210075
1172408 8 1673606991 248238 16 834245 0 0 -1290733
1974788 23 1673606991 280190 16 832593 0 0 -1290479
2569160 4 1673606991 296221 16 830942 0 0 -1210589
2708043 25 1673606991 312200 16 829291 0 0 -1209335
2251275 19 1673606991 328241 16 827640 0 0 -1290343
1421453 22 1673606991 360137 16 825989 0 0 -1289992
726094 4 1673606991 376264 16 824337 0 0 -1208983
320086 15 1673606991 392198 16 822686 0 0 -1207663
361997 25 1673606991 408217 16 821035 0 0 -1289029
913688 2 1673606991 440260 16 819384 0 0 -1288747
1735205 19 1673606991 456118 16 817733 0 0 -1208248
2420648 23 1673606991 472118 16 816081 0 0 -1290285
2734290 25 1673606991 488143 16 814430 0 0 -1290596
2605517 11 1673606991 520138 16 812779 0 0 -1290133
2042962 13 1673606991 536142 16 811128 0 0 -1209942
1244094 22 1673606991 552151 16 809477 0 0 -1290206
511626 6 1673606991 568084 16 807825 0 0 -1291482
261969 -2 1673606991 600116 16 806174 0 0 -1291492
529014 -9 1673606991 616118 16 804523 0 0 -1210988
1023240 14 1673606991 632138 16 802872 0 0 -1291691
1673213 13 1673606991 648077 16 801221 0 0 -1289948
2355665 12 1673606991 680101 16 799569 0 0 -1290663
2664881 2 1673606991 696088 16 797918 0 0 -1210238
2619141 27 1673606991 712077 16 796267 0 0 -1290972
2127577 27 1673606991 728109 16 794616 0 0 -1291123
1383039 21 1673606991 760011 16 792964 0 0 -1290892
699634 31 1673606991 776122 16 791313 0 0 -1209847
297067 9 1673606991 792151 16 789662 0 0 -1289431
365468 2 1673606991 808086 16 788011 0 0 -1289160
945193 -6 1673606991 840082 16 786360 0 0 -1290019
1722709 17 1673606991 856009 16 784708 0 0 -1208747
2364177 17 1673606991 871995 16 783058 0 0 -1290064
2722695 12 1673606991 904065 16 781406 0 0 -1290172
2375591 13 1673606991 920065 16 779755 0 0 -1209270
1488945 23 1673606991 936079 16 778104 0 0 -1209494
845713 17 1673606991 952027 16 776453 0 0 -1289721
324372 -2 1673606991 984037 16 774801 0 0 -1291455
427299 -5 1673606992 27 16 773150 0 0 -1211107
1109660 14 1673606992 16034 16 771499 0 0 -1210550
1780950 -1 1673606992 31928 16 769848 0 0 -1291035
2393839 2 1673606992 64015 16 768196 0 0 -1291568
2722552 21 1673606992 80006 16 766545 0 0 -1210495
2640529 30 1673606992 96008 16 764894 0 0 -1291377
2059318 28 1673606992 112008 16 763243 0 0 -1291357
1260141 12 1673606992 144016 16 761592 0 0 -1291498
598276 6 1673606992 160003 16 759940 0 0 -1210288
283893 -3 1673606992 175985 16 758289 0 0 -1291059
356650 -3 1673606992 191990 16 756638 0 0 -1291140
841504 -18 1673606992 223995 16 754987 0 0 -1291160
1603518 2 1673606992 240026 16 753336 0 0 -1209359
2344415 -7 1673606992 255989 16 751684 0 0 -1289978
2726671 9 1673606992 271906 16 750033 0 0 -1290261
2570351 43 1673606992 303950 16 748382 0 0 -1291122
2052104 38 1673606992 319956 16 746730 0 0 -1210445
1199959 3 1673606992 335935 16 745080 0 0 -1290874
545868 6 1673606992 351957 16 743428 0 0 -1291052
263286 2 1673606992 383958 16 741777 0 0 -1290649
536713 3 1673606992 399906 16 740126 0 0 -1210082
1413855 -1 1673606992 415917 16 738475 0 0 -1291235
2158476 -1 1673606992 431938 16 736824 0 0 -1291339
2665677 8 1673606992 463939 16 735172 0 0 -1290851
2651401 11 1673606992 479909 16 733521 0 0 -1209393
2041268 35 1673606992 495890 16 731870 0 0 -1290373
1270399 13 1673606992 527893 16 730218 0 0 -1290820
592578 10 1673606992 543866 16 728567 0 0 -1209888
278542 -7 1673606992 559863 16 726916 0 0 -1210382
627295 -32 1673606992 575863 16 725265 0 0 -1291030
1537120 -19 1673606992 607856 16 723614 0 0 -1290504
2357000 26 1673606992 623866 16 721963 0 0 -1210017
2727700 2 1673606992 639933 16 720312 0 0 -1210030
2535196 -1 1673606992 655846 16 718660 0 0 -1290073
1880705 10 1673606992 687847 16 717009 0 0 -1290652
1060097 3 1673606992 703819 16 715358 0 0 -1209745
404686 2 1673606992 719844 16 713707 0 0 -1290650
275396 -16 1673606992 735863 16 712056 0 0 -1290126
713228 -14 1673606992 767870 16 710404 0 0 -1290002
1443946 -10 1673606992 783799 16 708753 0 0 -1209369
2196427 -17 1673606992 799837 16 707102 0 0 -1290685
2690500 7 1673606992 815835 16 705451 0 0 -1290404
2670775 24 1673606992 847833 16 703799 0 0 -1291097
2154288 17 1673606992 863826 16 702148 0 0 -1209605
1390680 12 1673606992 879832 16 700497 0 0 -1290294
629443 6 1673606992 895799 16 698846 0 0 -1289951
298976 5 1673606992 927820 16 697195 0 0 -1290535
429396 -15 1673606992 943807 16 695544 0 0 -1209961
1084975 0 1673606992 959825 16 693892 0 0 -1290823
1939597 1 1673606992 975821 16 692241 0 0 -1289923
2510475 -2 1673606993 7807 16 690590 0 0 -1290345
2696508 5 1673606993 23866 16 688939 0 0 -1209647
2245005 15 1673606993 39731 16 687287 0 0 -1289762
1376747 23 1673606993 71626 16 685636 0 0 -1291064
595724 20 1673606993 87668 16 683985 0 0 -1210774
266486 -9 1673606993 103718 16 682333 0 0 -1210116
595976 -20 1673606993 119719 16 680682 0 0 -1290282
1386235 -18 1673606993 151711 16 679031 0 0 -1290043
2171734 1 1673606993 167714 16 677380 0 0 -1209629
2642119 20 1673606993 183736 16 675729 0 0 -1209559
2665881 7 1673606993 199740 16 674078 0 0 -1289918
2106357 24 1673606993 231712 16 672426 0 0 -1290470
1171203 15 1673606993 247703 16 670775 0 0 -1208553
476571 -12 1673606993 263710 16 669124 0 0 -1288994
263367 -21 1673606993 279677 16 667473 0 0 -1289248
544421 -33 1673606993 311691 16 665821 0 0 -1290181
1292558 -9 1673606993 327665 16 664170 0 0 -1209541
2104217 0 1673606993 343663 16 662519 0 0 -1290399
2578505 21 1673606993 359666 16 660868 0 0 -1290449
2719839 22 1673606993 391673 16 659217 0 0 -1290640
2448292 18 1673606993 407665 16 657566 0 0 -1209950
1731032 6 1673606993 423719 16 655915 0 0 -1290575
917684 30 1673606993 439715 16 654263 0 0 -1290039
399097 -11 1673606993 471580 16 652612 0 0 -1290150
313871 -4 1673606993 487581 16 650961 0 0 -1209446
786679 5 1673606993 503635 16 649310 0 0 -1290086
1504967 0 1673606993 519632 16 647659 0 0 -1289281
2281719 14 1673606993 551576 16 646007 0 0 -1289389
2701104 4 1673606993 567625 16 644356 0 0 -1208945
2612859 18 1673606993 583635 16 642705 0 0 -1289086
1995421 41 1673606993 599639 16 641054 0 0 -1288904
1189944 14 1673606993 631607 16 639402 0 0 -1289407
444552 5 1673606993 647584 16 637751 0 0 -1208832
296924 -15 1673606993 663612 16 636100 0 0 -1289338
821412 -25 1673606993 695555 16 634449 0 0 -1289066
1687936 16 1673606993 711539 16 632798 0 0 -1209137
2406528 -13 1673606993 727551 16 631146 0 0 -1209268
2722698 7 1673606993 743548 16 629495 0 0 -1289621
2443160 15 1673606993 775532 16 627844 0 0 -1290144
1637391 27 1673606993 791546 16 626193 0 0 -1209670
785746 16 1673606993 807525 16 624542 0 0 -1209471
279160 9 1673606993 823527 16 622890 0 0 -1290316
506376 11 1673606993 855481 16 621239 0 0 -1290063
1262241 -3 1673606993 871407 16 619588 0 0 -1209846
1969538 8 1673606993 887543 16 617937 0 0 -1291066
2570105 7 1673606993 903500 16 616285 0 0 -1289545
2705102 7 1673606993 935422 16 614634 0 0 -1290100
2301921 25 1673606993 951439 16 612983 0 0 -1209652
1539744 5 1673606993 967514 16 611332 0 0 -1290056
790639 0 1673606993 983455 16 609681 0 0 -1289444
330117 -4 1673606994 15494 16 608029 0 0 -1289830
326231 17 1673606994 31400 16 606378 0 0 -1209136
804879 -2 1673606994 47434 16 604727 0 0 -1290588
1511982 -8 1673606994 63495 16 603076 0 0 -1289497
2254059 18 1673606994 95425 16 601424 0 0 -1290244
2669924 10 1673606994 111407 16 599773 0 0 -1209371
2654809 24 1673606994 127417 16 598122 0 0 -1289971
2188210 20 1673606994 143418 16 596471 0 0 -1290042
1434382 15 1673606994 175388 16 594820 0 0 -1290784
715106 26 1673606994 191416 16 593169 0 0 -1209549
326016 21 1673606994 207425 16 591517 0 0 -1290079
384164 -2 1673606994 223387 16 589866 0 0 -1289035
1052496 -6 1673606994 255410 16 588215 0 0 -1289761
2100307 -5 1673606994 271263 16 586564 0 0 -1209603
2642007 7 1673606994 287344 16 584912 0 0 -1291635
2628056 29 1673606994 319380 16 583261 0 0 -1290641
2036129 10 1673606994 335425 16 581610 0 0 -1210036
1097037 1 1673606994 351354 16 579959 0 0 -1209594
408984 28 1673606994 367388 16 578308 0 0 -1290852
295950 2 1673606994 399364 16 576657 0 0 -1290695
759448 11 1673606994 415335 16 575005 0 0 -1210279
1605088 16 1673606994 431370 16 573354 0 0 -1210188
2330535 8 1673606994 447360 16 571703 0 0 -1290509
2692857 22 1673606994 479350 16 570052 0 0 -1289017
2348558 -7 1673606994 495347 16 568401 0 0 -1209239
1612764 -3 1673606994 511348 16 566749 0 0 -1290072
730232 7 1673606994 527350 16 565098 0 0 -1290515
316443 3 1673606994 559386 16 563447 0 0 -1289776
452373 16 1673606994 575202 16 561795 0 0 -1209461
976478 -4 1673606994 591351 16 560144 0 0 -1291842
1845460 14 1673606994 607350 16 558493 0 0 -1290062
2452922 12 1673606994 639319 16 556842 0 0 -1290424
2707316 17 1673606994 655171 16 555191 0 0 -1209786
2414900 5 1673606994 671265 16 553540 0 0 -1291881
1690995 8 1673606994 687295 16 551888 0 0 -1290909
864707 4 1673606994 719289 16 550237 0 0 -1290617
355256 -11 1673606994 735247 16 548586 0 0 -1210037
324978 -5 1673606994 751292 16 546934 0 0 -1291216
764269 -17 1673606994 767252 16 545283 0 0 -1288889
1643535 2 1673606994 799254 16 543632 0 0 -1290780
2234192 7 1673606994 815216 16 541981 0 0 -1210150
2705563 18 1673606994 831227 16 540330 0 0 -1291071
2626527 20 1673606994 863196 16 538679 0 0 -1289455
1969353 30 1673606994 879193 16 537027 0 0 -1209811
1090325 -8 1673606994 895183 16 535376 0 0 -1210143
401049 18 1673606994 911183 16 533725 0 0 -1290844
334561 12 1673606994 943180 16 532074 0 0 -1290322
1006901 4 1673606994 959169 16 530423 0 0 -1210166
1891603 10 1673606994 975153 16 528771 0 0 -1209971
2514214 20 1673606994 991163 16 527120 0 0 -1290753
2704946 28 1673606995 23165 16 525469 0 0 -1290268
2395877 17 1673606995 39140 16 523818 0 0 -1209758
1595047 27 1673606995 55071 16 522166 0 0 -1290597
938463 22 1673606995 71123 16 520515 0 0 -1291265
369375 13 1673606995 103128 16 518864 0 0 -1290642
294395 28 1673606995 119125 16 517213 0 0 -1210014
855871 12 1673606995 135137 16 515562 0 0 -1290652
1587910 0 1673606995 151136 16 513911 0 0 -1290322
2315598 20 1673606995 183114 16 512259 0 0 -1290269
2703308 24 1673606995 199118 16 510608 0 0 -1209810
2597985 39 1673606995 215119 16 508957 0 0 -1290390
2043797 23 1673606995 231131 16 507306 0 0 -1290029
1319758 18 1673606995 263122 16 505655 0 0 -1289210
574321 14 1673606995 279096 16 504004 0 0 -1209140
274781 2 1673606995 295093 16 502352 0 0 -1290128
571837 11 1673606995 311092 16 500701 0 0 -1290128
1230536 -8 1673606995 343095 16 499050 0 0 -1290259
2052177 14 1673606995 359085 16 497398 0 0 -1209577
2594402 0 1673606995 375094 16 495748 0 0 -1290140
2674042 12 1673606995 391080 16 494096 0 0 -1290187
2127362 22 1673606995 423071 16 492445 0 0 -1290339
1334520 15 1673606995 439057 16 490794 0 0 -1209867
555944 12 1673606995 454988 16 489143 0 0 -1290601
275617 12 1673606995 487039 16 487491 0 0 -1291037
639896 -3 1673606995 503028 16 485840 0 0 -1210263
1531040 -22 1673606995 519016 16 484188 0 0 -1210462
2347604 27 1673606995 534959 16 482537 0 0 -1291157
2713644 14 1673606995 567029 16 480886 0 0 -1291730
2304827 16 1673606995 582991 16 479235 0 0 -1210932
1365314 3 1673606995 598995 16 477584 0 0 -1211174
479535 6 1673606995 615000 16 475933 0 0 -1291727
312767 0 1673606995 647006 16 474281 0 0 -1291633
806783 -9 1673606995 663005 16 472630 0 0 -1210206
1599256 -10 1673606995 678970 16 470979 0 0 -1290960
2319092 -15 1673606995 694980 16 469328 0 0 -1291104
2714580 2 1673606995 726982 16 467677 0 0 -1290883
2595954 18 1673606995 742979 16 466026 0 0 -1209686
1921751 12 1673606995 758956 16 464374 0 0 -1290605
1154995 21 1673606995 774953 16 462723 0 0 -1290453
527236 20 1673606995 806945 16 461072 0 0 -1290524
267849 8 1673606995 822967 16 459421 0 0 -1209882
532529 7 1673606995 838859 16 457769 0 0 -1290388
1207917 -4 1673606995 854864 16 456118 0 0 -1291474
2095574 14 1673606995 886951 16 454467 0 0 -1291070
2586813 19 1673606995 902955 16 452816 0 0 -1210337
2708710 10 1673606995 918944 16 451165 0 0 -1290917
2368252 20 1673606995 934877 16 449514 0 0 -1290900
1724426 18 1673606995 966906 16 447862 0 0 -1291444
966217 30 1673606995 982871 16 446211 0 0 -1210725
476093 14 1673606995 998907 16 444560 0 0 -1291674
253042 14 1673606996 14901 16 442909 0 0 -1291436
479188 3 1673606996 46875 16 441258 0 0 -1290400
1236422 5 1673606996 62851 16 439606 0 0 -1209950
2130559 -5 1673606996 78852 16 437955 0 0 -1291026
2678660 7 1673606996 110854 16 436304 0 0 -1291056
2537039 25 1673606996 126846 16 434653 0 0 -1210325
1820458 28 1673606996 142846 16 433001 0 0 -1209727
947380 0 1673606996 158855 16 431350 0 0 -1290416
421634 -3 1673606996 190848 16 429699 0 0 -1289972
277290 2 1673606996 206938 16 428048 0 0 -1209736
714282 7 1673606996 222893 16 426397 0 0 -1208774
1682626 5 1673606996 238741 16 424746 0 0 -1289729
2400831 -27 1673606996 270848 16 423094 0 0 -1291132
2726664 -3 1673606996 286816 16 421443 0 0 -1210258
2444928 24 1673606996 302830 16 419792 0 0 -1291201
1489724 30 1673606996 318840 16 418140 0 0 -1290980
586827 23 1673606996 350846 16 416489 0 0 -1290879
279068 19 1673606996 366820 16 414838 0 0 -1210339
487166 10 1673606996 382845 16 413187 0 0 -1291199
1161159 -9 1673606996 398852 16 411536 0 0 -1291850
1948127 -1 1673606996 430848 16 409884 0 0 -1291422
2532867 10 1673606996 446851 16 408233 0 0 -1209172
2717125 15 1673606996 462829 16 406582 0 0 -1290026
2410292 32 1673606996 478821 16 404931 0 0 -1289924
1785495 26 1673606996 510831 16 403280 0 0 -1290048
992266 19 1673606996 526819 16 401628 0 0 -1209558
384136 -6 1673606996 542832 16 399977 0 0 -1290309
294973 -15 1673606996 558761 16 398326 0 0 -1289916
723009 -14 1673606996 590758 16 396675 0 0 -1290886
1456827 4 1673606996 606832 16 395024 0 0 -1210251
2234540 -2 1673606996 622803 16 393372 0 0 -1290211
2696299 19 1673606996 638665 16 391721 0 0 -1290534
2629602 22 1673606996 670750 16 390070 0 0 -1291715
2126869 12 1673606996 686740 16 388419 0 0 -1210805
1253665 11 1673606996 702754 16 386768 0 0 -1291498
483609 8 1673606996 734703 16 385116 0 0 -1291333
309164 -5 1673606996 750764 16 383465 0 0 -1210978
956847 -4 1673606996 766729 16 381814 0 0 -1209647
1832777 0 1673606996 782732 16 380163 0 0 -1290608
2517822 4 1673606996 814710 16 378512 0 0 -1291223
2700433 10 1673606996 830699 16 376860 0 0 -1210419
2191133 14 1673606996 846700 16 375209 0 0 -1209127
1202013 18 1673606996 862661 16 373558 0 0 -1289946
498149 -2 1673606996 894641 16 371907 0 0 -1290239
384623 2 1673606996 910664 16 370256 0 0 -1209718
1029635 2 1673606996 926658 16 368604 0 0 -1290070
1970861 4 1673606996 942659 16 366953 0 0 -1290743
2560502 15 1673606996 974644 16 365302 0 0 -1290380
2657893 15 1673606996 990659 16 363651 0 0 -1209832
2182598 10 1673606997 6713 16 362000 0 0 -1290192
1303100 9 1673606997 22698 16 360348 0 0 -1289636
559667 4 1673606997 54650 16 358697 0 0 -1289798
293865 3 1673606997 70609 16 357046 0 0 -1208910
690349 0 1673606997 86628 16 355395 0 0 -1289889
1485677 4 1673606997 102626 16 353743 0 0 -1289929
2343413 3 1673606997 134637 16 352092 0 0 -1289889
2701959 1 1673606997 150620 16 350441 0 0 -1209256
2527418 -8 1673606997 166624 16 348790 0 0 -1290005
1877811 17 1673606997 182595 16 347139 0 0 -1290115
1077532 23 1673606997 214601 16 345487 0 0 -1290951
475148 5 1673606997 230577 16 343836 0 0 -1210169
293503 -7 1673606997 246598 16 342185 0 0 -1290906
577370 -15 1673606997 278540 16 340534 0 0 -1290280
1308888 2 1673606997 294520 16 338883 0 0 -1209905
2022357 2 1673606997 310532 16 337231 0 0 -1210184
2553800 11 1673606997 326530 16 335580 0 0 -1290706
2711712 27 1673606997 358537 16 333929 0 0 -1290555
2332257 37 1673606997 374480 16 332278 0 0 -1209963
1532021 41 1673606997 390532 16 330626 0 0 -1210246
878728 34 1673606997 406537 16 328975 0 0 -1290354
311616 -5 1673606997 438514 16 327324 0 0 -1290062
368491 -21 1673606997 454412 16 325673 0 0 -1209716
985820 -20 1673606997 470494 16 324022 0 0 -1291219
1821331 -16 1673606997 486498 16 322371 0 0 -1290098
2544384 -1 1673606997 518448 16 320719 0 0 -1290276
2717663 -4 1673606997 534490 16 319068 0 0 -1209766
2293195 -4 1673606997 550455 16 317417 0 0 -1289977
1403362 14 1673606997 566456 16 315766 0 0 -1289656
705900 7 1673606997 598475 16 314115 0 0 -1290168
297542 16 1673606997 614474 16 312463 0 0 -1209605
395595 -10 1673606997 630485 16 310812 0 0 -1290172
987929 -12 1673606997 646436 16 309161 0 0 -1289027
1649781 -21 1673606997 678432 16 307510 0 0 -1290344
2371986 16 1673606997 694405 16 305858 0 0 -1209730
2707073 3 1673606997 710436 16 304208 0 0 -1290394
2515442 -6 1673606997 726408 16 302556 0 0 -1290602
1868109 3 1673606997 758406 16 300905 0 0 -1290531
932242 -1 1673606997 774423 16 299254 0 0 -1209931
330237 4 1673606997 790500 16 297603 0 0 -1290374
311560 -3 1673606997 806512 16 295951 0 0 -1289689
790798 16 1673606997 838350 16 294300 0 0 -1289679
1670150 -1 1673606997 854317 16 292649 0 0 -1208979
2388027 23 1673606997 870386 16 290998 0 0 -1289868
2714906 43 1673606997 902438 16 289346 0 0 -1289098
2348869 40 1673606997 918319 16 287695 0 0 -1208567
1543012 22 1673606997 934382 16 286044 0 0 -1209492
627965 4 1673606997 950381 16 284393 0 0 -1289470
299615 -11 1673606997 982363 16 282741 0 0 -1289749
731701 2 1673606997 998352 16 281090 0 0 -1209854
1480380 10 1673606998 14379 16 279439 0 0 -1210086
2264301 13 1673606998 30397 16 277788 0 0 -1290019
2706443 15 1673606998 62336 16 276137 0 0 -1289505
2324748 14 1673606998 78366 16 274485 0 0 -1209688
1299192 10 1673606998 94312 16 272834 0 0 -1290132
542990 -4 1673606998 110307 16 271183 0 0 -1289470
291719 -4 1673606998 142304 16 269532 0 0 -1290153
659711 -1 1673606998 158311 16 267880 0 0 -1209486
1761400 -6 1673606998 174345 16 266229 0 0 -1289985
2545597 -12 1673606998 190380 16 264578 0 0 -1289532
2646011 3 1673606998 222309 16 262927 0 0 -1289452
2140852 34 1673606998 238206 16 261276 0 0 -1209197
1297625 36 1673606998 254294 16 259625 0 0 -1290654
541336 7 1673606998 270252 16 257973 0 0 -1290171
277340 24 1673606998 302283 16 256322 0 0 -1290050
616957 -8 1673606998 318187 16 254671 0 0 -1209306
1327570 3 1673606998 334240 16 253020 0 0 -1290838
2169617 12 1673606998 350247 16 251369 0 0 -1290376
2637501 6 1673606998 382247 16 249718 0 0 -1290648
2645179 11 1673606998 398202 16 248066 0 0 -1210433
2138813 34 1673606998 414215 16 246415 0 0 -1291324
1366791 20 1673606998 430210 16 244764 0 0 -1290148
744883 4 1673606998 462198 16 243113 0 0 -1290984
301542 23 1673606998 478185 16 241462 0 0 -1209974
369926 12 1673606998 494171 16 239810 0 0 -1290896
868421 4 1673606998 526166 16 238159 0 0 -1290064
1588777 15 1673606998 542165 16 236508 0 0 -1209994
2255093 1 1673606998 558170 16 234857 0 0 -1210075
2705447 15 1673606998 574148 16 233206 0 0 -1290591
2607193 18 1673606998 606140 16 231554 0 0 -1290456
2089940 27 1673606998 622199 16 229903 0 0 -1209991
1590740 -9 1673606998 638079 16 228252 0 0 -1209349
632537 8 1673606998 654141 16 226601 0 0 -1291152
288280 6 1673606998 686140 16 224950 0 0 -1290301
683890 -19 1673606998 702124 16 223298 0 0 -1209596
1487511 3 1673606998 718075 16 221647 0 0 -1290360
2453487 4 1673606998 734143 16 219996 0 0 -1290845
2687003 3 1673606998 766118 16 218344 0 0 -1290310
2156599 23 1673606998 782107 16 216693 0 0 -1209438
1348769 3 1673606998 798123 16 215042 0 0 -1290144
522419 11 1673606998 814121 16 213391 0 0 -1290576
262192 -23 1673606998 846106 16 211740 0 0 -1289377
572911 -18 1673606998 862089 16 210088 0 0 -1209471
1443157 -29 1673606998 878084 16 208437 0 0 -1290207
2207364 -5 1673606998 894084 16 206786 0 0 -1290096
2691478 0 1673606998 926039 16 205135 0 0 -1289600
2588341 19 1673606998 942059 16 203483 0 0 -1209733
1972975 18 1673606998 958066 16 201832 0 0 -1290083
1087778 21 1673606998 974063 16 200181 0 0 -1289902
403413 22 1673606999 6039 16 198530 0 0 -1290093
309811 11 1673606999 21961 16 196879 0 0 -1209518
808427 0 1673606999 38054 16 195228 0 0 -1290837
1673733 -13 1673606999 70037 16 193576 0 0 -1289831
2409857 -8 1673606999 86020 16 191925 0 0 -1209208
2727291 -3 1673606999 102035 16 190274 0 0 -1209379
2509340 8 1673606999 118005 16 188623 0 0 -1289681
1780718 9 1673606999 150031 16 186972 0 0 -1290185
979159 15 1673606999 166006 16 185320 0 0 -1209624
346844 -2 1673606999 182007 16 183669 0 0 -1209846
381537 9 1673606999 198008 16 182018 0 0 -1290391
1042400 -10 1673606999 229984 16 180367 0 0 -1289591
1995011 -14 1673606999 245957 16 178716 0 0 -1209871
2638247 7 1673606999 261968 16 177064 0 0 -1290813
2640208 8 1673606999 277936 16 175413 0 0 -1290531
2095452 28 1673606999 309935 16 173762 0 0 -1291005
1216631 24 1673606999 325937 16 172111 0 0 -1210090
481370 16 1673606999 341936 16 170460 0 0 -1290701
332335 -22 1673606999 357956 16 168809 0 0 -1290459
911133 -18 1673606999 389911 16 167157 0 0 -1290366
2025713 7 1673606999 405925 16 165506 0 0 -1209874
2584829 17 1673606999 421811 16 163855 0 0 -1290288
2651112 11 1673606999 437904 16 162203 0 0 -1291173
2000551 18 1673606999 469908 16 160553 0 0 -1290255
1000367 16 1673606999 485897 16 158901 0 0 -1209355
354431 -5 1673606999 501892 16 157250 0 0 -1290079
352047 -10 1673606999 517949 16 155599 0 0 -1290149
953315 -13 1673606999 549887 16 153947 0 0 -1289664
1903669 -15 1673606999 565884 16 152296 0 0 -1209309
2640824 23 1673606999 581887 16 150645 0 0 -1289841
2573991 35 1673606999 597886 16 148994 0 0 -1289952
1688618 13 1673606999 629868 16 147343 0 0 -1288707
742112 17 1673606999 645835 16 145691 0 0 -1209214
292689 -12 1673606999 661841 16 144040 0 0 -1290124
538968 -13 1673606999 693841 16 142389 0 0 -1289953
1313961 -12 1673606999 709813 16 140738 0 0 -1209287
2057748 11 1673606999 725841 16 139086 0 0 -1210143
2475455 23 1673606999 741842 16 137435 0 0 -1290320
2716565 20 1673606999 773836 16 135784 0 0 -1290279
2496452 29 1673606999 789917 16 134133 0 0 -1209709
1827901 24 1673606999 805784 16 132482 0 0 -1208887
994584 4 1673606999 821818 16 130830 0 0 -1290858
397415 9 1673606999 853859 16 129179 0 0 -1290183
295141 4 1673606999 869855 16 127528 0 0 -1209525
700512 8 1673606999 885857 16 125877 0 0 -1290181
1419982 -1 1673606999 901853 16 124226 0 0 -1289780
2136738 -7 1673606999 933864 16 122574 0 0 -1290200
2657383 12 1673606999 949851 16 120923 0 0 -1209567
2630598 16 1673606999 965784 16 119272 0 0 -1290298
2207020 20 1673606999 981800 16 117621 0 0 -1291788
1510256 8 1673607000 13785 16 115970 0 0 -1290177
714743 -3 1673607000 29722 16 114318 0 0 -1209991
294546 3 1673607000 45763 16 112667 0 0 -1291346
379532 8 1673607000 61738 16 111016 0 0 -1290894
928340 -2 1673607000 93747 16 109365 0 0 -1291166
1759666 7 1673607000 109732 16 107714 0 0 -1210390
2487708 2 1673607000 125722 16 106063 0 0 -1291185
2698453 5 1673607000 141720 16 104411 0 0 -1291252
2336640 21 1673607000 173726 16 102760 0 0 -1290594
1563705 -2 1673607000 189710 16 101109 0 0 -1210125
855667 4 1673607000 205721 16 99458 0 0 -1290815
328744 3 1673607000 221718 16 97807 0 0 -1290067
441459 -13 1673607000 253647 16 96155 0 0 -1290607
944041 -20 1673607000 269738 16 94504 0 0 -1209919
1769373 -9 1673607000 285639 16 92853 0 0 -1289645
2427908 -1 1673607000 317647 16 91201 0 0 -1290595
2701536 2 1673607000 333647 16 89550 0 0 -1209761
2326462 36 1673607000 349671 16 87899 0 0 -1209741
1602730 26 1673607000 365657 16 86248 0 0 -1290130
944009 21 1673607000 397636 16 84596 0 0 -1290208
403728 -9 1673607000 413636 0 82946 0 0 -1209707
309882 -6 1673607000 429656 0 81305 0 0 -1208603
804630 9 1673607000 445649 0 79676 0 0 -1286692
1828897 4 1673607000 477627 0 78058 0 0 -1284450
2550178 4 1673607000 493623 0 76452 0 0 -1200589
2628540 24 1673607000 509627 0 74858 0 0 -1275697
2152150 20 1673607000 525612 0 73276 0 0 -1268920
1214686 4 1673607000 557531 0 71706 0 0 -1261396
576293 -8 1673607000 573597 0 70147 0 0 -1176243
285825 -5 1673607000 589598 0 68600 0 0 -1246077
524194 -1 1673607000 605601 0 67066 0 0 -1235618
1189784 -11 1673607000 637589 0 65542 0 0 -1225535
2004386 -10 1673607000 653663 0 64031 0 0 -1141265
2563613 0 1673607000 669538 0 62531 0 0 -1208603
2724050 19 1673607000 685482 0 61043 0 0 -1199357
2502885 14 1673607000 717586 0 59567 0 0 -1189550
1835668 18 1673607000 733572 0 58103 0 0 -1107339
979969 23 1673607000 749590 0 56651 0 0 -1172944
442174 10 1673607000 765563 0 55210 0 0 -1163054
288523 -19 1673607000 797566 0 53781 0 0 -1153046
537103 -22 1673607000 813531 0 52364 0 0 -1073429
1114611 -16 1673607000 829525 0 50959 0 0 -1137129
1860989 0 1673607000 861510 0 49565 0 0 -1127503
2408961 2 1673607000 877496 0 48183 0 0 -1048559
2705253 1 1673607000 893513 0 46814 0 0 -1037720
2670199 19 1673607000 909493 0 45455 0 0 -1099042
2327363 34 1673607000 941506 0 44109 0 0 -1088730
1616137 17 1673607000 957441 0 42774 0 0 -1013325
1012253 19 1673607000 973474 0 41452 0 0 -1003166
513354 -6 1673607000 989475 0 40141 0 0 -1061747
269415 19 1673607001 21445 0 38841 0 0 -1051185
323255 -18 1673607001 37354 0 37554 0 0 -977901
724262 -8 1673607001 53437 0 36278 0 0 -1035711
1229028 -9 1673607001 69375 0 35014 0 0 -1024703
1820156 9 1673607001 101411 0 33763 0 0 -1014773
2358087 -2 1673607001 117454 0 32522 0 0 -943690
2622631 -10 1673607001 133468 0 31294 0 0 -998132
2728983 22 1673607001 149440 0 30077 0 0 -987247
2575635 11 1673607001 181453 0 28872 0 0 -977366
2127970 0 1673607001 197435 0 27679 0 0 -908649
1632690 16 1673607001 213439 0 26498 0 0 -961210
1068454 19 1673607001 229443 0 25329 0 0 -950019
603863 1 1673607001 261420 0 24171 0 0 -940277
309909 -4 1673607001 277416 0 23025 0 0 -873631
301562 -6 1673607001 293428 0 21891 0 0 -923873
561726 -21 1673607001 309399 0 20769 0 0 -913761
974628 -22 1673607001 341396 0 19658 0 0 -903710
1499119 -15 1673607001 357815 0 18559 0 0 -839495
1982316 -7 1673607001 373230 0 17472 0 0 -884710
2444835 17 1673607001 389287 0 16397 0 0 -878213
2699698 14 1673607001 421326 0 15334 0 0 -867521
2665402 -1 1673607001 437314 0 14282 0 0 -805768
2337701 16 1673607001 453447 0 13242 0 0 -851410
1724810 38 1673607001 485371 0 12215 0 0 -840106
1152915 22 1673607001 501376 0 11198 0 0 -780394
657519 30 1673607001 517349 0 10194 0 0 -769717
323269 17 1673607001 533358 0 9201 0 0 -813187
273652 -4 1673607001 565364 0 8220 0 0 -805490
448826 9 1673607001 581339 0 7251 0 0 -743831
775095 15 1673607001 597338 0 6308 0 0 -732625
1124788 -3 1673607001 613339 4 5429 0 0 -767166
1446080 -11 1673607001 645318 0 4615 0 0 -745014
1578042 -237 1673607001 661310 4 3868 0 0 -682047
1898559 -27 1673607001 677315 4 3187 0 0 -698807
2202310 11 1673607001 693308 0 2571 0 0 -660929
2280960 12 1673607001 725304 0 2022 0 0 -617429
2407387 9 1673607001 741342 0 1539 0 0 -545269
2467549 2 1673607001 757258 0 1121 0 0 -538687
2439262 5 1673607001 773305 0 770 0 0 -480911
2407733 -9 1673607001 805256 0 484 0 0 -422914
2309684 -1 1673607001 821172 0 265 0 0 -354136
2145877 -1 1673607001 837230 0 111 0 0 -332756
1926741 -7 1673607001 853236 0 24 0 0 -274684
1743304 -10 1673607001 885217 0 1 0 0 -216792
1595670 18 1673607001 901221 32 0 0 0 -163204
