326041 224543 1673604197 925033 16 19548 0 0 449341
325471 224413 1673604197 940973 16 20123 0 0 421170
325295 224405 1673604197 957011 16 20698 0 0 449458
325620 224319 1673604197 972961 16 21273 0 0 449321
327104 224340 1673604198 5019 16 21848 0 0 449494
329304 224255 1673604198 20916 16 22423 0 0 421360
332317 224296 1673604198 36944 16 22998 0 0 449781
335365 224133 1673604198 68951 16 23573 0 0 449478
338833 224100 1673604198 84942 16 24148 0 0 421606
342034 223865 1673604198 100715 16 24723 0 0 421630
345007 223817 1673604198 116689 16 25297 0 0 450423
347111 223701 1673604198 148967 16 25872 0 0 450303
349146 223684 1673604198 164730 16 26447 0 0 422118
350790 223516 1673604198 180744 16 27022 0 0 422786
352277 223511 1673604198 196627 16 27597 0 0 450864
352854 223316 1673604198 228935 16 28172 0 0 450914
353040 223395 1673604198 244908 16 28747 0 0 422668
352311 223394 1673604198 260781 16 29322 0 0 450845
351302 223424 1673604198 276816 16 29897 0 0 451263
349919 223246 1673604198 308919 16 30472 0 0 450431
349220 223287 1673604198 324919 16 31047 0 0 422173
348555 223131 1673604198 340920 16 31622 0 0 450491
348219 223164 1673604198 356898 16 32197 0 0 449644
347538 223132 1673604198 388893 16 32772 0 0 449770
347098 223327 1673604198 404898 16 33347 0 0 421285
346647 223336 1673604198 420559 16 33922 0 0 449611
346183 223452 1673604198 436513 16 34497 0 0 450732
345743 223469 1673604198 468592 16 35072 0 0 450444
345701 223568 1673604198 484556 16 35647 0 0 422421
344825 223619 1673604198 500503 16 36222 0 0 450714
343106 223779 1673604198 516510 16 36797 0 0 450901
339320 223904 1673604198 548561 16 37372 0 0 450880
333803 224100 1673604198 564492 16 37947 0 0 422682
328378 224158 1673604198 580560 16 38522 0 0 450997
324892 224191 1673604198 612455 16 39097 0 0 450777
320597 224136 1673604198 628533 16 39672 0 0 421577
315025 224201 1673604198 644524 16 40247 0 0 421143
308841 224164 1673604198 660538 16 40822 0 0 449320
304274 224139 1673604198 692531 16 41397 0 0 449144
301411 224087 1673604198 708503 16 41972 0 0 420888
300442 224087 1673604198 724508 16 42547 0 0 421011
301651 224111 1673604198 740508 16 43122 0 0 449114
304632 224223 1673604198 772492 16 43697 0 0 448871
308412 224369 1673604198 788423 16 44272 0 0 421046
311965 224580 1673604198 804447 16 44847 0 0 449273
315125 224828 1673604198 820451 16 45422 0 0 449461
318433 225006 1673604198 852465 16 45997 0 0 449416
322040 225183 1673604198 868379 16 46572 0 0 421376
324748 225296 1673604198 884375 16 47147 0 0 449750
327242 225377 1673604198 900393 16 47721 0 0 449568
330127 225409 1673604198 932440 16 48296 0 0 449522
334690 225454 1673604198 948432 16 48871 0 0 421405
340031 225606 1673604198 964413 16 49446 0 0 449495
345795 225699 1673604198 980410 16 50021 0 0 449319
352932 225785 1673604199 12417 16 50596 0 0 449413
361155 225868 1673604199 28409 16 51171 0 0 421345
369541 225975 1673604199 44420 16 51746 0 0 449462
376937 226025 1673604199 60460 16 52321 0 0 449120
381927 226006 1673604199 92440 16 52896 0 0 449063
384739 226063 1673604199 108370 16 53471 0 0 421068
386318 226070 1673604199 124351 16 54046 0 0 449432
387122 226011 1673604199 140347 16 54621 0 0 449470
387478 226087 1673604199 172331 16 55196 0 0 449418
387661 226140 1673604199 188382 16 55771 0 0 421345
388238 226182 1673604199 204315 16 56346 0 0 449249
388647 226121 1673604199 236391 16 56921 0 0 449457
388821 226110 1673604199 252427 16 57496 0 0 421353
388879 226025 1673604199 268264 16 58071 0 0 421367
388737 226062 1673604199 284484 16 58646 0 0 450003
388407 226126 1673604199 316420 16 59221 0 0 448995
388199 226136 1673604199 332463 16 59796 0 0 420908
388370 226108 1673604199 348451 16 60371 0 0 420744
388638 226148 1673604199 364481 16 60946 0 0 448848
388630 226089 1673604199 396224 16 61521 0 0 448921
388522 225961 1673604199 412273 16 62096 0 0 420836
388672 226062 1673604199 428270 16 62671 0 0 448808
388831 226214 1673604199 444289 16 63246 0 0 448944
388894 226251 1673604199 476297 16 63821 0 0 448300
388978 226174 1673604199 492259 16 64396 0 0 420978
389345 226118 1673604199 508251 16 64971 0 0 449132
389464 226047 1673604199 524252 16 65546 0 0 449310
389502 225945 1673604199 556241 16 66121 0 0 449265
389639 225936 1673604199 572221 16 66696 0 0 421303
389756 225930 1673604199 588230 16 67271 0 0 449222
389837 225810 1673604199 604225 16 67846 0 0 449362
389993 225685 1673604199 636227 16 68421 0 0 449369
389866 225571 1673604199 652197 16 68996 0 0 421358
389887 225554 1673604199 668167 16 69571 0 0 449547
389775 225517 1673604199 684198 16 70145 0 0 449421
389808 225508 1673604199 716207 16 70720 0 0 449284
389864 225381 1673604199 732179 16 71295 0 0 421203
390176 225401 1673604199 748197 16 71870 0 0 449368
390255 225286 1673604199 764147 16 72445 0 0 449235
390142 225217 1673604199 796180 16 73020 0 0 449443
390028 225109 1673604199 812123 16 73595 0 0 421320
390067 225116 1673604199 828072 16 74170 0 0 449599
390129 225076 1673604199 860133 16 74745 0 0 449673
390188 225059 1673604199 876070 16 75320 0 0 421535
390089 224942 1673604199 892109 16 75895 0 0 421866
390178 224964 1673604199 908101 16 76470 0 0 449814
390031 224902 1673604199 940119 16 77045 0 0 449743
389939 224890 1673604199 956100 16 77620 0 0 421714
389819 224856 1673604199 972075 16 78195 0 0 421605
389984 224924 1673604199 988029 16 78770 0 0 449798
390078 224917 1673604200 20099 16 79345 0 0 449759
390124 224913 1673604200 36022 16 79920 0 0 421442
389973 224872 1673604200 52018 16 80495 0 0 449843
389858 224926 1673604200 68166 16 81070 0 0 449635
389533 224957 1673604200 100159 16 81645 0 0 449257
389403 225069 1673604200 116089 16 82220 0 0 421159
389226 225034 1673604200 132005 16 82795 0 0 449498
389178 225045 1673604200 148036 16 83370 0 0 449727
388854 225047 1673604200 180001 16 83945 0 0 449531
388749 225107 1673604200 196076 16 84520 0 0 421324
388386 225148 1673604200 212063 16 85095 0 0 449199
388259 225226 1673604200 228055 16 85670 0 0 448973
388489 225263 1673604200 260034 16 86245 0 0 448987
388925 225234 1673604200 275968 16 86820 0 0 421444
389223 225156 1673604200 292029 16 87395 0 0 449747
389400 225165 1673604200 308029 16 87970 0 0 449287
389463 225085 1673604200 340043 16 88545 0 0 448990
389297 225067 1673604200 356007 16 89120 0 0 421011
388953 224970 1673604200 372009 16 89695 0 0 449183
388717 224978 1673604200 403980 16 90270 0 0 449438
388488 224933 1673604200 419928 16 90845 0 0 421341
388391 224876 1673604200 435926 16 91420 0 0 421496
388328 224836 1673604200 451938 16 91994 0 0 449463
388555 224929 1673604200 483993 16 92569 0 0 449189
388463 224898 1673604200 499909 16 93144 0 0 421278
388541 224960 1673604200 515906 16 93719 0 0 421574
388491 224886 1673604200 532017 16 94294 0 0 449673
388655 225006 1673604200 564562 16 94869 0 0 449159
388735 225036 1673604200 579837 16 95444 0 0 420620
388642 224977 1673604200 595881 16 96019 0 0 451336
388496 224925 1673604200 611928 16 96594 0 0 450999
388570 224965 1673604200 643940 16 97169 0 0 450925
388517 224950 1673604200 659942 16 97744 0 0 422880
388561 225005 1673604200 675889 16 98319 0 0 450998
388327 224944 1673604200 691902 16 98894 0 0 450888
388251 224964 1673604200 723917 16 99469 0 0 450832
388210 224976 1673604200 739853 16 100044 0 0 423129
388092 224969 1673604200 755854 16 100619 0 0 451901
387825 224933 1673604200 771862 16 101194 0 0 449233
387536 225034 1673604200 803899 16 101769 0 0 449359
386853 225022 1673604200 819852 16 102344 0 0 421414
386039 225030 1673604200 835776 16 102919 0 0 449667
385593 225010 1673604200 851781 16 103494 0 0 449942
385711 224991 1673604200 883878 16 104069 0 0 449737
385721 224993 1673604200 899771 16 104644 0 0 421622
385747 225007 1673604200 915915 16 105219 0 0 450089
385649 225057 1673604200 931864 16 105794 0 0 449363
385297 225096 1673604200 963784 16 106369 0 0 449546
384653 225100 1673604200 979784 16 106944 0 0 421568
384187 225109 1673604200 995807 16 107519 0 0 449677
383823 225103 1673604201 27691 16 108094 0 0 449431
383048 225070 1673604201 43795 16 108669 0 0 421189
381646 225047 1673604201 59770 16 109244 0 0 420844
379815 224972 1673604201 75746 16 109819 0 0 449093
377917 224796 1673604201 107770 16 110394 0 0 448799
375955 224684 1673604201 123757 16 110969 0 0 421203
373512 224526 1673604201 139759 16 111544 0 0 421069
369040 224337 1673604201 155760 16 112119 0 0 449067
360817 224175 1673604201 187769 16 112694 0 0 449064
349097 224046 1673604201 203764 16 113269 0 0 421061
335440 223764 1673604201 219687 16 113844 0 0 449052
319948 223326 1673604201 235924 16 114418 0 0 449588
302026 222623 1673604201 267784 16 114993 0 0 448681
283714 221845 1673604201 283719 16 115568 0 0 420643
268264 220865 1673604201 299923 16 116143 0 0 448970
258961 219811 1673604201 315712 16 116718 0 0 448217
258407 218735 1673604201 347713 16 117293 0 0 448975
268612 217786 1673604201 363705 16 117868 0 0 420901
281749 216950 1673604201 379657 16 118443 0 0 449013
306653 216329 1673604201 395670 16 119018 0 0 449165
352992 215881 1673604201 427676 16 119593 0 0 448946
415924 215648 1673604201 443693 16 120168 0 0 421684
450650 215459 1673604201 459676 16 120743 0 0 449577
467610 215417 1673604201 475664 16 121318 0 0 449408
483188 215410 1673604201 507659 16 121893 0 0 450157
508352 215483 1673604201 523658 16 122468 0 0 421335
537766 215509 1673604201 539665 16 123043 0 0 449415
560014 215633 1673604201 555613 16 123618 0 0 449362
573648 215772 1673604201 587640 16 124193 0 0 449377
581445 215906 1673604201 603630 16 124768 0 0 421322
585840 216032 1673604201 619635 16 125343 0 0 449439
588576 216203 1673604201 651624 16 125918 0 0 449481
590482 216379 1673604201 667598 16 126493 0 0 421355
591757 216674 1673604201 683559 16 127068 0 0 421404
592404 217097 1673604201 699622 16 127643 0 0 449613
592796 217561 1673604201 731615 16 128218 0 0 449389
592892 217988 1673604201 747692 16 128793 0 0 421344
592939 218546 1673604201 763670 16 129368 0 0 420892
592948 219201 1673604201 779597 16 129943 0 0 449069
593067 219885 1673604201 811595 16 130518 0 0 449291
593195 220551 1673604201 827563 16 131093 0 0 421234
593545 221254 1673604201 843574 16 131668 0 0 449413
593888 221972 1673604201 859519 16 132243 0 0 449283
594397 222637 1673604201 891576 16 132818 0 0 449340
595022 223168 1673604201 907559 16 133393 0 0 421434
595883 223688 1673604201 923539 16 133968 0 0 449564
596833 224040 1673604201 939537 16 134543 0 0 449903
598116 224320 1673604201 971532 16 135118 0 0 449833
599549 224589 1673604201 987491 16 135693 0 0 421503
600999 224788 1673604202 3538 16 136268 0 0 449722
602530 224942 1673604202 19464 16 136843 0 0 449445
603868 225093 1673604202 51467 16 137417 0 0 449647
605263 225217 1673604202 67406 16 137992 0 0 421374
606624 225367 1673604202 83411 16 138567 0 0 449715
607745 225480 1673604202 99473 16 139142 0 0 449638
608730 225620 1673604202 131498 16 139717 0 0 449351
609549 225682 1673604202 147531 16 140292 0 0 421246
610468 225835 1673604202 163497 16 140867 0 0 449202
611064 225927 1673604202 195432 16 141442 0 0 449177
611256 225878 1673604202 211401 16 142017 0 0 421323
611612 225891 1673604202 227470 16 142592 0 0 421269
611711 225744 1673604202 243426 16 143167 0 0 449106
611921 225686 1673604202 275437 16 143742 0 0 449046
611710 225478 1673604202 291405 16 144317 0 0 420978
611849 225450 1673604202 307407 16 144892 0 0 421307
611827 225373 1673604202 323449 16 145467 0 0 449398
611711 225304 1673604202 355405 16 146042 0 0 449367
611371 225168 1673604202 371379 16 146617 0 0 421210
611243 225079 1673604202 387404 16 147192 0 0 449320
610928 224946 1673604202 403426 16 147767 0 0 449124
610671 224859 1673604202 435404 16 148342 0 0 449288
610326 224734 1673604202 451395 16 148917 0 0 421076
610049 224665 1673604202 467342 16 149492 0 0 449194
609623 224527 1673604202 483399 16 150067 0 0 449268
609359 224460 1673604202 515424 16 150642 0 0 449075
608770 224291 1673604202 531392 16 151217 0 0 421124
608678 224293 1673604202 547453 16 151792 0 0 449274
608414 224167 1673604202 563528 16 152367 0 0 448970
608416 224200 1673604202 595400 16 152942 0 0 448795
608192 224109 1673604202 611377 16 153517 0 0 420909
608493 224212 1673604202 627381 16 154092 0 0 449047
608430 224165 1673604202 643432 16 154667 0 0 449001
608784 224243 1673604202 675433 16 155242 0 0 448636
608754 224146 1673604202 691359 16 155817 0 0 420758
609117 224164 1673604202 707288 16 156392 0 0 449117
609154 224097 1673604202 723311 16 156967 0 0 449255
609554 224120 1673604202 755327 16 157542 0 0 449388
609657 224097 1673604202 771269 16 158117 0 0 421559
610095 224155 1673604202 787300 16 158692 0 0 449727
610364 224129 1673604202 819306 16 159266 0 0 449440
610770 224129 1673604202 835293 16 159841 0 0 421373
611057 224138 1673604202 851260 16 160416 0 0 421597
611035 224077 1673604202 867264 16 160991 0 0 449790
610896 223992 1673604202 899235 16 161566 0 0 449515
611476 224093 1673604202 915277 16 162141 0 0 421214
611529 224069 1673604202 931234 16 162716 0 0 421148
611921 224180 1673604202 947319 16 163291 0 0 449389
612040 224251 1673604202 979241 16 163866 0 0 448888
612148 224371 1673604202 995204 16 164441 0 0 421087
611894 224387 1673604203 11238 16 165016 0 0 449298
612000 224503 1673604203 27181 16 165591 0 0 449133
611671 224529 1673604203 59187 16 166166 0 0 449218
611423 224649 1673604203 75201 16 166741 0 0 421151
610931 224655 1673604203 91186 16 167316 0 0 449152
610608 224739 1673604203 107207 16 167891 0 0 449352
609704 224711 1673604203 139187 16 168466 0 0 449127
608750 224822 1673604203 155187 16 169041 0 0 421365
607532 224860 1673604203 171163 16 169616 0 0 449373
606191 224768 1673604203 187186 16 170191 0 0 449327
604191 223413 1673604203 219193 16 170766 0 0 449366
602351 221990 1673604203 235134 16 171341 0 0 421082
600180 221792 1673604203 251162 16 171916 0 0 449372
598505 222549 1673604203 267162 16 172491 0 0 449323
596591 223217 1673604203 299130 16 173066 0 0 449270
594921 223927 1673604203 315104 16 173641 0 0 421296
593156 224189 1673604203 331208 16 174216 0 0 449446
592376 224329 1673604203 347181 16 174791 0 0 449083
591826 224332 1673604203 379139 16 175366 0 0 449094
591599 224461 1673604203 395102 16 175941 0 0 421135
591394 224533 1673604203 411242 16 176516 0 0 449347
591311 224724 1673604203 443107 16 177091 0 0 448652
590978 224864 1673604203 459157 16 177666 0 0 420793
590637 225019 1673604203 475092 16 178241 0 0 420618
590096 225155 1673604203 491106 16 178816 0 0 448895
589557 225324 1673604203 523104 16 179391 0 0 448755
588781 225446 1673604203 539095 16 179966 0 0 421043
587929 225583 1673604203 555093 16 180541 0 0 420980
587251 225699 1673604203 571081 16 181116 0 0 449026
586667 225785 1673604203 603083 16 181690 0 0 448840
586148 226043 1673604203 619081 16 182265 0 0 421250
585488 226023 1673604203 635083 16 182840 0 0 449214
585047 226108 1673604203 651088 16 183415 0 0 449382
584544 226177 1673604203 683061 16 183990 0 0 449135
583899 226230 1673604203 698961 16 184565 0 0 421132
583278 226280 1673604203 715037 16 185140 0 0 449559
582635 226286 1673604203 731127 16 185715 0 0 449262
582133 226305 1673604203 763029 16 186290 0 0 448941
581611 226292 1673604203 778970 16 186865 0 0 421007
581094 226338 1673604203 795000 16 187440 0 0 449293
580723 226433 1673604203 811029 16 188015 0 0 449180
580233 226440 1673604203 843031 16 188590 0 0 449086
579882 226481 1673604203 858995 16 189165 0 0 421026
579345 226371 1673604203 875011 16 189740 0 0 449205
579148 226373 1673604203 890992 16 190315 0 0 448795
579004 226316 1673604203 923014 16 190890 0 0 449128
578862 226343 1673604203 938951 16 191465 0 0 421346
578755 226371 1673604203 954981 16 192040 0 0 449558
578857 226442 1673604203 986956 16 192615 0 0 449245
578826 226390 1673604204 2970 16 193190 0 0 421296
578864 226334 1673604204 18963 16 193765 0 0 421349
578753 226246 1673604204 34951 16 194340 0 0 449451
578753 226210 1673604204 66956 16 194915 0 0 449367
578889 226245 1673604204 82898 16 195490 0 0 421342
579147 226314 1673604204 98938 16 196065 0 0 421480
579220 226311 1673604204 115013 16 196640 0 0 449435
579318 226274 1673604204 146927 16 197215 0 0 448951
579602 226247 1673604204 162869 16 197790 0 0 421056
579660 226190 1673604204 178854 16 198365 0 0 449314
579607 226129 1673604204 194887 16 198940 0 0 449416
579589 226140 1673604204 226879 16 199515 0 0 449276
579465 226138 1673604204 242869 16 200090 0 0 421165
579298 226106 1673604204 258884 16 200665 0 0 449280
579238 226108 1673604204 274840 16 201240 0 0 449023
579078 226056 1673604204 306856 16 201815 0 0 449318
579096 226072 1673604204 322787 16 202390 0 0 421490
579152 226077 1673604204 338857 16 202965 0 0 449734
579374 226104 1673604204 354857 16 203539 0 0 449188
579717 226183 1673604204 386829 16 204114 0 0 449135
580202 226230 1673604204 402821 16 204689 0 0 421199
580708 226258 1673604204 418832 16 205264 0 0 449296
581209 226278 1673604204 434833 16 205839 0 0 449222
581836 226376 1673604204 466836 16 206414 0 0 449272
582420 226430 1673604204 482763 16 206989 0 0 421038
582789 226447 1673604204 498773 16 207564 0 0 449385
583030 226393 1673604204 514879 16 208139 0 0 449107
583340 226415 1673604204 546809 16 208714 0 0 449079
583426 226443 1673604204 562733 16 209289 0 0 421065
583488 226461 1673604204 578758 16 209864 0 0 449384
583326 226357 1673604204 610756 16 210439 0 0 449269
583590 226283 1673604204 626716 16 211014 0 0 421233
583727 226224 1673604204 642647 16 211589 0 0 421377
584080 226312 1673604204 658745 16 212164 0 0 449699
584270 226392 1673604204 690761 16 212739 0 0 449100
584598 226614 1673604204 706726 16 213314 0 0 421045
584802 226656 1673604204 722732 16 213889 0 0 421537
585026 226589 1673604204 738704 16 214464 0 0 449531
585081 226481 1673604204 770668 16 215039 0 0 449361
585583 226645 1673604204 786706 16 215614 0 0 421405
585848 226884 1673604204 802711 16 216189 0 0 449346
586466 227314 1673604204 818705 16 216764 0 0 449188
587242 228135 1673604204 850707 16 217339 0 0 448965
587397 228061 1673604204 866667 16 217914 0 0 421229
587330 227810 1673604204 882728 16 218489 0 0 449460
587392 227597 1673604204 898698 16 219064 0 0 449124
586558 226631 1673604204 930667 16 219639 0 0 449250
586785 226641 1673604204 946592 16 220214 0 0 421103
586905 226695 1673604204 962618 16 220789 0 0 449412
587172 226690 1673604204 978662 16 221364 0 0 449454
587257 226605 1673604205 10653 16 221939 0 0 449318
587536 226578 1673604205 26655 16 222514 0 0 421228
587585 226452 1673604205 42615 16 223089 0 0 449299
587903 226377 1673604205 58620 16 223664 0 0 449299
588124 226656 1673604205 90636 16 224239 0 0 449495
588639 227078 1673604205 106608 16 224814 0 0 421299
588516 227034 1673604205 122620 16 225389 0 0 449447
588745 227064 1673604205 138640 16 225963 0 0 449042
587836 226152 1673604205 170609 16 226538 0 0 449063
587948 226043 1673604205 186585 16 227113 0 0 421169
587659 225844 1673604205 202611 16 227688 0 0 449321
587848 225913 1673604205 234615 16 228263 0 0 449237
587612 225825 1673604205 250599 16 228838 0 0 421017
587900 225938 1673604205 266587 16 229413 0 0 421090
587934 226007 1673604205 282586 16 229988 0 0 449223
588240 226220 1673604205 314549 16 230563 0 0 449128
588486 226521 1673604205 330600 16 231138 0 0 421224
589254 226913 1673604205 346501 16 231713 0 0 421115
589230 226874 1673604205 362532 16 232288 0 0 449514
589196 226735 1673604205 394540 16 232863 0 0 449321
589005 226621 1673604205 410507 16 233438 0 0 421329
589522 226892 1673604205 426482 16 234013 0 0 449525
589241 226724 1673604205 442547 16 234588 0 0 449556
589329 226647 1673604205 474513 16 235163 0 0 449287
589391 226718 1673604205 490506 16 235738 0 0 421237
589790 226864 1673604205 506495 16 236313 0 0 449306
589595 226645 1673604205 522501 16 236888 0 0 449523
589429 226458 1673604205 554445 16 237463 0 0 449152
588833 226045 1673604205 570489 16 238038 0 0 421234
588740 225893 1673604205 586440 16 238613 0 0 449163
588439 225762 1673604205 602477 16 239188 0 0 449219
588469 225746 1673604205 634463 16 239763 0 0 449002
588246 225720 1673604205 650445 16 240338 0 0 421165
588331 225873 1673604205 666470 16 240913 0 0 449275
588121 225987 1673604205 682454 16 241488 0 0 449162
588159 226146 1673604205 714428 16 242063 0 0 449180
588031 226276 1673604205 730448 16 242638 0 0 421148
588133 226493 1673604205 746377 16 243213 0 0 449105
588106 226584 1673604205 778420 16 243788 0 0 449509
588138 226582 1673604205 794411 16 244363 0 0 421223
587920 226482 1673604205 810389 16 244938 0 0 421384
588181 226466 1673604205 826431 16 245513 0 0 449525
588036 226283 1673604205 858412 16 246088 0 0 449315
588145 226187 1673604205 874409 16 246663 0 0 421343
588068 226123 1673604205 890371 16 247238 0 0 421297
588196 226143 1673604205 906419 16 247812 0 0 449386
587904 225986 1673604205 938412 16 248387 0 0 449288
587890 225925 1673604205 954404 16 248962 0 0 420968
587642 225789 1673604205 970371 16 249537 0 0 449110
587693 225815 1673604205 986369 16 250112 0 0 449194
587492 225827 1673604206 18416 16 250687 0 0 449124
587632 226031 1673604206 34397 16 251262 0 0 421154
587473 226197 1673604206 50266 16 251837 0 0 449280
587664 226480 1673604206 66376 16 252412 0 0 449733
587477 226592 1673604206 98331 16 252987 0 0 449314
587481 226648 1673604206 114428 16 253562 0 0 421445
587334 226588 1673604206 130388 16 254137 0 0 449177
587416 226576 1673604206 146216 16 254712 0 0 449289
587279 226482 1673604206 178307 16 255287 0 0 449784
587292 226473 1673604206 194283 16 255862 0 0 421621
587224 226403 1673604206 210314 16 256437 0 0 449822
587337 226408 1673604206 226274 16 257012 0 0 449647
587121 226287 1673604206 258272 16 257587 0 0 449324
586963 226198 1673604206 274266 16 258162 0 0 421633
586782 226126 1673604206 290288 16 258737 0 0 449691
586742 226060 1673604206 306243 16 259312 0 0 449952
586520 226006 1673604206 338251 16 259887 0 0 449970
586174 225968 1673604206 354241 16 260462 0 0 421277
585926 225961 1673604206 370253 16 261037 0 0 449467
585784 226065 1673604206 402219 16 261612 0 0 449341
585706 226178 1673604206 418211 16 262187 0 0 421403
585526 226225 1673604206 434222 16 262762 0 0 421291
585527 226257 1673604206 450201 16 263337 0 0 449326
585601 226312 1673604206 482199 16 263912 0 0 449379
585758 226412 1673604206 498290 16 264487 0 0 421382
585723 226457 1673604206 514215 16 265062 0 0 420906
585730 226450 1673604206 530109 16 265637 0 0 449254
585908 226462 1673604206 562173 16 266212 0 0 449593
585994 226426 1673604206 578167 16 266787 0 0 421503
585889 226284 1673604206 594151 16 267362 0 0 449570
585750 226149 1673604206 610133 16 267937 0 0 449598
585701 226041 1673604206 642128 16 268512 0 0 449700
585649 225987 1673604206 658109 16 269087 0 0 421555
585675 226035 1673604206 674139 16 269662 0 0 449696
585372 226006 1673604206 690151 16 270236 0 0 449811
584951 225890 1673604206 722126 16 270811 0 0 449504
584500 225801 1673604206 738130 16 271386 0 0 421076
583959 225629 1673604206 754096 16 271961 0 0 449194
583693 225644 1673604206 770132 16 272536 0 0 449292
583418 225662 1673604206 802101 16 273111 0 0 449110
583300 225787 1673604206 818089 16 273686 0 0 420998
583143 225887 1673604206 834050 16 274261 0 0 449112
583221 226094 1673604206 850092 16 274836 0 0 449182
583209 226173 1673604206 882084 16 275411 0 0 449238
583304 226319 1673604206 898164 16 275986 0 0 421211
583294 226283 1673604206 914139 16 276561 0 0 448985
583497 226346 1673604206 930108 16 277136 0 0 449087
583542 226313 1673604206 962067 16 277711 0 0 449077
583668 226282 1673604206 978065 16 278286 0 0 421163
583498 226175 1673604206 994038 16 278861 0 0 449219
583573 226145 1673604207 25991 16 279436 0 0 449271
583560 226075 1673604207 42039 16 280011 0 0 421099
583513 226046 1673604207 58043 16 280586 0 0 421078
583180 225987 1673604207 74041 16 281161 0 0 449134
583020 225973 1673604207 106015 16 281736 0 0 449420
582596 225914 1673604207 122006 16 282311 0 0 421279
582187 225777 1673604207 137990 16 282886 0 0 421201
581752 225681 1673604207 153987 16 283461 0 0 449298
581554 225711 1673604207 185993 16 284036 0 0 449301
581347 225783 1673604207 201982 16 284611 0 0 421125
581294 225927 1673604207 217971 16 285186 0 0 449198
581199 226018 1673604207 233971 16 285761 0 0 449405
581357 226173 1673604207 265959 16 286336 0 0 449419
581362 226179 1673604207 281955 16 286911 0 0 421346
581417 226208 1673604207 298028 16 287486 0 0 449414
581380 226187 1673604207 314026 16 288061 0 0 449127
581565 226271 1673604207 345941 16 288636 0 0 449078
581336 226189 1673604207 361914 16 289211 0 0 421066
581212 226133 1673604207 377926 16 289786 0 0 449242
580821 225998 1673604207 393901 16 290361 0 0 449162
580765 226006 1673604207 425914 16 290936 0 0 449211
580413 225884 1673604207 441919 16 291511 0 0 421123
580301 225992 1673604207 457917 16 292085 0 0 449074
579854 226087 1673604207 473875 16 292660 0 0 449067
579877 226235 1673604207 505888 16 293235 0 0 449469
579553 226272 1673604207 521867 16 293810 0 0 421375
579369 226279 1673604207 537878 16 294385 0 0 449450
579026 226167 1673604207 569839 16 294960 0 0 449317
579059 226133 1673604207 585862 16 295535 0 0 421317
579042 226132 1673604207 601866 16 296110 0 0 421148
579144 226225 1673604207 617863 16 296685 0 0 449222
579004 226242 1673604207 649832 16 297260 0 0 449348
579212 226283 1673604207 665800 16 297835 0 0 421292
579370 226277 1673604207 681928 16 298410 0 0 421256
579514 226162 1673604207 697921 16 298985 0 0 448898
579283 226048 1673604207 729816 16 299560 0 0 448849
579276 226122 1673604207 745819 16 300135 0 0 420904
579054 226124 1673604207 761823 16 300710 0 0 448935
579002 226149 1673604207 777797 16 301285 0 0 449002
578625 225979 1673604207 809799 16 301860 0 0 449107
578678 225928 1673604207 825791 16 302435 0 0 421019
578573 225984 1673604207 841779 16 303010 0 0 449096
578621 226061 1673604207 857770 16 303585 0 0 449025
578556 226099 1673604207 889773 16 304160 0 0 449503
578493 226094 1673604207 905764 16 304735 0 0 421399
578368 226040 1673604207 921743 16 305310 0 0 449415
578366 226028 1673604207 937746 16 305885 0 0 449499
578074 225971 1673604207 969743 16 306460 0 0 449502
578059 226055 1673604207 985740 16 307035 0 0 421338
577812 226104 1673604208 1717 16 307610 0 0 449426
577796 226184 1673604208 17715 16 308185 0 0 449479
577549 226144 1673604208 49710 16 308760 0 0 449444
577578 226185 1673604208 65670 16 309335 0 0 421340
577516 226203 1673604208 81630 16 309910 0 0 449560
577463 226183 1673604208 97771 16 310485 0 0 449669
577138 226031 1673604208 129699 16 311060 0 0 449105
577032 226045 1673604208 145624 16 311635 0 0 421102
576600 225942 1673604208 161668 16 312210 0 0 449440
576325 225967 1673604208 193664 16 312785 0 0 449276
575622 225842 1673604208 209695 16 313360 0 0 421122
575276 225882 1673604208 225657 16 313935 0 0 421007
574506 225844 1673604208 241651 16 314509 0 0 449114
573903 225747 1673604208 273646 16 315084 0 0 448995
573294 225579 1673604208 289644 16 315659 0 0 420782
572852 225432 1673604208 305644 16 316234 0 0 421280
572063 225282 1673604208 321645 16 316809 0 0 449292
571886 225043 1673604208 353632 16 317384 0 0 449024
572108 224767 1673604208 369619 16 317959 0 0 421114
572422 224575 1673604208 385523 16 318534 0 0 449232
572167 224401 1673604208 401616 16 319109 0 0 449680
571549 224312 1673604208 433596 16 319684 0 0 449319
570977 224348 1673604208 449595 16 320259 0 0 421240
570481 224390 1673604208 465598 16 320834 0 0 449315
570391 224441 1673604208 481557 16 321409 0 0 449297
570520 224522 1673604208 513552 16 321984 0 0 449442
570571 224571 1673604208 529549 16 322559 0 0 421373
570439 224676 1673604208 545557 16 323134 0 0 449449
570057 224909 1673604208 561569 16 323709 0 0 449375
569556 225147 1673604208 593528 16 324284 0 0 448994
569191 225340 1673604208 609539 16 324859 0 0 421278
569214 225600 1673604208 625556 16 325434 0 0 449298
569389 225878 1673604208 641536 16 326009 0 0 449235
569771 226098 1673604208 673579 16 326584 0 0 449316
570267 226274 1673604208 689521 16 327159 0 0 421058
570901 226395 1673604208 705524 16 327734 0 0 449334
571679 226531 1673604208 721526 16 328309 0 0 449313
572431 226638 1673604208 753524 16 328884 0 0 449334
573374 226766 1673604208 769498 16 329459 0 0 421302
574549 226839 1673604208 785469 16 330034 0 0 449433
575771 226927 1673604208 817500 16 330609 0 0 449574
576939 226956 1673604208 833490 16 331184 0 0 421530
578194 226976 1673604208 849435 16 331759 0 0 421495
579454 226994 1673604208 865455 16 332334 0 0 449802
580850 227071 1673604208 897467 16 332909 0 0 449528
582016 227120 1673604208 913426 16 333484 0 0 421452
583207 227214 1673604208 929409 16 334059 0 0 421603
584320 227283 1673604208 945452 16 334634 0 0 449737
585257 227360 1673604208 977356 16 335209 0 0 449495
585621 227297 1673604208 993444 16 335784 0 0 421402
585985 227320 1673604209 9391 16 336359 0 0 449198
586359 227306 1673604209 25384 16 336933 0 0 449251
586989 227360 1673604209 57435 16 337508 0 0 449082
587655 227371 1673604209 73379 16 338083 0 0 421031
588525 227442 1673604209 89423 16 338658 0 0 449315
589038 227450 1673604209 105405 16 339233 0 0 449017
589163 227391 1673604209 137421 16 339808 0 0 449021
588503 227323 1673604209 153422 16 340383 0 0 421081
587207 227315 1673604209 169425 16 340958 0 0 449069
585154 227308 1673604209 185425 16 341533 0 0 449366
582625 227288 1673604209 217426 16 342108 0 0 449277
579821 227061 1673604209 233416 16 342683 0 0 421175
577783 226797 1673604209 249422 16 343258 0 0 449331
576393 226401 1673604209 265411 16 343833 0 0 449113
576780 226090 1673604209 297349 16 344408 0 0 449306
579443 225712 1673604209 313348 16 344983 0 0 421221
582169 225432 1673604209 329254 16 345558 0 0 449315
584547 225285 1673604209 361299 16 346133 0 0 449650
587075 225206 1673604209 377316 16 346708 0 0 421545
589995 225061 1673604209 393359 16 347283 0 0 421485
593572 225106 1673604209 409237 16 347858 0 0 449412
596575 225071 1673604209 441326 16 348433 0 0 449808
599374 225189 1673604209 457305 16 349008 0 0 421675
601256 225163 1673604209 473285 16 349583 0 0 421710
603056 225275 1673604209 489275 16 350158 0 0 449802
604218 225209 1673604209 521300 16 350733 0 0 449834
605321 225279 1673604209 537248 16 351308 0 0 421404
605730 225217 1673604209 553239 16 351883 0 0 449703
606219 225262 1673604209 569254 16 352458 0 0 449794
606091 225221 1673604209 601257 16 353033 0 0 449892
605813 225276 1673604209 617203 16 353608 0 0 421381
604703 225219 1673604209 633244 16 354183 0 0 449726
603617 225332 1673604209 649240 16 354758 0 0 449508
601495 225220 1673604209 681333 16 355333 0 0 449452
598988 225292 1673604209 697330 16 355907 0 0 421211
595512 225170 1673604209 713194 16 356482 0 0 449319
592362 225210 1673604209 729188 16 357057 0 0 449618
588861 225256 1673604209 761192 16 357633 0 0 449705
585795 225420 1673604209 777180 16 358208 0 0 421678
582695 225491 1673604209 793168 16 358782 0 0 449701
580143 225805 1673604209 809209 16 359357 0 0 449553
576991 225938 1673604209 841157 16 359932 0 0 449553
574700 226187 1673604209 857157 16 360507 0 0 421508
572694 226285 1673604209 873162 16 361082 0 0 449715
571877 226543 1673604209 889144 16 361657 0 0 449687
571211 226575 1673604209 921143 16 362232 0 0 449268
571301 226742 1673604209 937139 16 362807 0 0 421074
571306 226736 1673604209 953145 16 363382 0 0 449168
571773 226850 1673604209 985116 16 363957 0 0 449203
572018 226893 1673604210 1095 16 364532 0 0 421110
572289 226986 1673604210 17116 16 365107 0 0 421327
572158 226929 1673604210 33102 16 365682 0 0 449284
572257 227028 1673604210 65105 16 366257 0 0 449333
571902 227031 1673604210 81168 16 366832 0 0 421272
571728 227134 1673604210 97125 16 367407 0 0 420988
570710 227052 1673604210 113077 16 367982 0 0 449215
569716 227170 1673604210 145095 16 368557 0 0 449370
568219 227195 1673604210 161094 16 369132 0 0 421299
566671 227287 1673604210 177076 16 369707 0 0 449353
562610 227201 1673604210 193079 16 370282 0 0 449343
551208 227271 1673604210 225082 16 370857 0 0 449406
535277 227172 1673604210 241042 16 371432 0 0 421278
524156 227209 1673604210 257055 16 372007 0 0 449497
529096 227121 1673604210 273055 16 372582 0 0 449672
545453 227143 1673604210 305059 16 373157 0 0 449521
560025 227092 1673604210 321050 16 373732 0 0 421272
566622 227108 1673604210 337039 16 374307 0 0 449396
566752 226905 1673604210 352987 16 374882 0 0 449431
566586 226900 1673604210 385026 16 375457 0 0 449551
566477 226862 1673604210 400999 16 376032 0 0 421451
566884 226923 1673604210 417007 16 376607 0 0 449624
567044 226825 1673604210 432993 16 377182 0 0 449456
567350 226944 1673604210 464998 16 377757 0 0 449550
567568 226957 1673604210 481059 16 378332 0 0 421470
568366 227021 1673604210 497031 16 378906 0 0 449239
568764 226948 1673604210 512918 16 379481 0 0 449306
569487 227149 1673604210 544976 16 380056 0 0 449667
569797 227169 1673604210 560976 16 380632 0 0 421405
570568 227277 1673604210 576978 16 381207 0 0 449516
570905 227125 1673604210 608950 16 381781 0 0 449316
571430 227137 1673604210 624945 16 382356 0 0 421293
571740 227110 1673604210 640956 16 382931 0 0 421261
571948 227230 1673604210 656958 16 383506 0 0 449303
571571 227229 1673604210 688963 16 384081 0 0 449606
570892 227232 1673604210 704942 16 384656 0 0 421427
569693 227014 1673604210 720890 16 385231 0 0 421102
568415 226672 1673604210 736930 16 385806 0 0 449363
567183 226282 1673604210 768892 16 386381 0 0 449223
566881 226032 1673604210 784879 16 386956 0 0 421285
567184 225571 1673604210 800905 16 387531 0 0 449382
569470 225201 1673604210 816881 16 388106 0 0 449274
571128 224707 1673604210 848880 16 388681 0 0 449396
573403 224453 1673604210 864840 16 389256 0 0 421328
575772 224273 1673604210 880935 16 389831 0 0 449550
578602 224322 1673604210 896918 16 390406 0 0 449144
581353 224302 1673604210 928879 16 390981 0 0 449021
585133 224569 1673604210 944844 16 391556 0 0 421119
588180 224687 1673604210 960849 16 392131 0 0 449285
591131 224883 1673604210 976853 16 392706 0 0 449222
593315 224861 1673604211 8858 16 393281 0 0 449299
595668 225070 1673604211 24824 16 393856 0 0 421134
597140 225116 1673604211 40836 16 394431 0 0 449329
598514 225246 1673604211 56844 16 395006 0 0 449146
599201 225222 1673604211 88851 16 395581 0 0 449449
600268 225366 1673604211 104797 16 396156 0 0 421307
600649 225377 1673604211 120789 16 396731 0 0 449539
601090 225415 1673604211 136805 16 397306 0 0 449444
601162 225321 1673604211 168809 16 397881 0 0 449406
601573 225385 1673604211 184797 16 398456 0 0 421340
601683 225285 1673604211 200790 16 399031 0 0 449463
601974 225289 1673604211 232786 16 399606 0 0 449368
601986 225223 1673604211 248776 16 400181 0 0 421337
602083 225176 1673604211 264810 16 400756 0 0 421400
602212 225198 1673604211 280828 16 401330 0 0 449266
602360 225204 1673604211 312757 16 401905 0 0 449013
602394 225206 1673604211 328747 16 402480 0 0 420971
602591 225223 1673604211 344756 16 403055 0 0 421062
602645 225200 1673604211 360755 16 403631 0 0 449208
602815 225274 1673604211 392670 16 404205 0 0 449072
602815 225227 1673604211 408730 16 404780 0 0 421046
602977 225299 1673604211 424742 16 405355 0 0 448909
603009 225324 1673604211 440734 16 405930 0 0 448831
602970 225321 1673604211 472725 16 406505 0 0 449076
603102 225327 1673604211 488697 16 407080 0 0 421071
603276 225375 1673604211 504727 16 407655 0 0 449183
603333 225369 1673604211 520694 16 408230 0 0 449043
603418 225350 1673604211 552709 16 408805 0 0 449093
603369 225311 1673604211 568666 16 409380 0 0 421098
603463 225335 1673604211 584680 16 409955 0 0 449250
603474 225325 1673604211 600678 16 410530 0 0 449411
603411 225295 1673604211 632660 16 411105 0 0 449460
603350 225228 1673604211 648646 16 411680 0 0 421372
603417 225244 1673604211 664592 16 412255 0 0 449489
603476 225247 1673604211 680634 16 412830 0 0 449581
603494 225252 1673604211 712637 16 413405 0 0 449539
603331 225160 1673604211 728601 16 413980 0 0 421344
603411 225250 1673604211 744631 16 414555 0 0 449560
603306 225210 1673604211 776585 16 415130 0 0 449304
603368 225260 1673604211 792621 16 415705 0 0 421317
603226 225207 1673604211 808596 16 416280 0 0 421184
603347 225261 1673604211 824616 16 416855 0 0 449332
603288 225235 1673604211 856588 16 417430 0 0 449213
603312 225237 1673604211 872572 16 418005 0 0 420971
603300 225218 1673604211 888603 16 418580 0 0 421174
603536 225303 1673604211 904598 16 419155 0 0 449145
603468 225283 1673604211 936578 16 419730 0 0 449036
603629 225312 1673604211 952531 16 420305 0 0 421082
603472 225245 1673604211 968565 16 420880 0 0 449283
603752 225304 1673604211 984556 16 421455 0 0 449290
603656 225285 1673604212 16549 16 422029 0 0 449136
603756 225309 1673604212 32509 16 422604 0 0 421136
603627 225256 1673604212 48573 16 423180 0 0 449427
603875 225308 1673604212 64543 16 423754 0 0 449049
603796 225319 1673604212 96515 16 424329 0 0 449263
603713 225276 1673604212 112522 16 424904 0 0 421194
603706 225270 1673604212 128485 16 425479 0 0 449228
603802 225285 1673604212 144517 16 426054 0 0 449193
603829 225273 1673604212 176456 16 426629 0 0 449200
603715 225246 1673604212 192475 16 427204 0 0 421244
603862 225297 1673604212 208469 16 427779 0 0 449247
603816 225272 1673604212 224490 16 428354 0 0 449029
603992 225343 1673604212 256470 16 428929 0 0 449277
603598 225209 1673604212 272408 16 429504 0 0 421113
603796 225286 1673604212 288461 16 430079 0 0 449383
603695 225270 1673604212 304435 16 430654 0 0 449222
603792 225284 1673604212 336444 16 431229 0 0 449183
603555 225235 1673604212 352438 16 431804 0 0 421211
603863 225340 1673604212 368435 16 432379 0 0 449255
603662 225265 1673604212 400441 16 432954 0 0 449332
603936 225369 1673604212 416408 16 433529 0 0 421229
603647 225274 1673604212 432418 16 434104 0 0 421419
603885 225346 1673604212 448424 16 434679 0 0 449443
603840 225314 1673604212 480436 16 435254 0 0 449203
604098 225406 1673604212 496569 16 435829 0 0 421302
603761 225245 1673604212 512458 16 436404 0 0 420748
604010 225309 1673604212 528443 16 436979 0 0 449224
603942 225268 1673604212 560426 16 437554 0 0 449255
604227 225371 1673604212 576402 16 438129 0 0 421184
603986 225305 1673604212 592381 16 438704 0 0 449349
604184 225357 1673604212 608369 16 439279 0 0 449307
604237 225381 1673604212 640393 16 439854 0 0 449384
604479 225453 1673604212 656356 16 440429 0 0 421308
604438 225497 1673604212 672336 16 441004 0 0 449525
604700 225632 1673604212 688337 16 441579 0 0 450058
604441 225544 1673604212 720345 16 442154 0 0 449663
604572 225585 1673604212 736331 16 442729 0 0 421527
604338 225502 1673604212 752339 16 443304 0 0 449637
604633 225598 1673604212 768306 16 443879 0 0 449525
604560 225586 1673604212 800314 16 444453 0 0 449469
604751 225676 1673604212 816320 16 445028 0 0 421344
604514 225601 1673604212 832351 16 445603 0 0 449420
604666 225664 1673604212 848295 16 446178 0 0 449181
604425 225597 1673604212 880288 16 446753 0 0 449308
604530 225631 1673604212 896307 16 447328 0 0 421242
604157 225501 1673604212 912290 16 447903 0 0 449258
604418 225538 1673604212 928243 16 448478 0 0 449269
604316 225468 1673604212 960263 16 449053 0 0 449462
604428 225508 1673604212 976163 16 449628 0 0 421350
604069 225381 1673604212 992244 16 450203 0 0 449787
604321 225434 1673604213 24198 16 450778 0 0 449525
604090 225321 1673604213 40213 16 451353 0 0 421598
604306 225399 1673604213 56205 16 451928 0 0 421348
603920 225227 1673604213 72206 16 452503 0 0 449446
604098 225324 1673604213 104220 16 453078 0 0 449509
603971 225276 1673604213 120211 16 453653 0 0 421361
604066 225279 1673604213 136212 16 454228 0 0 421227
603773 225224 1673604213 152170 16 454803 0 0 449317
603749 225277 1673604213 184172 16 455378 0 0 449112
603411 225165 1673604213 200162 16 455953 0 0 421317
603536 225210 1673604213 216175 16 456528 0 0 449388
603213 225138 1673604213 232144 16 457103 0 0 449395
603494 225226 1673604213 264146 16 457678 0 0 449476
603334 225203 1673604213 280088 16 458253 0 0 421401
603453 225278 1673604213 296098 16 458828 0 0 449694
603297 225208 1673604213 312121 16 459403 0 0 449627
603530 225263 1673604213 344125 16 459978 0 0 449550
603537 225275 1673604213 360127 16 460553 0 0 421323
603766 225342 1673604213 376078 16 461128 0 0 449394
603572 225300 1673604213 392136 16 461703 0 0 449531
603747 225366 1673604213 424113 16 462278 0 0 449374
603695 225347 1673604213 440086 16 462853 0 0 421209
603811 225409 1673604213 456098 16 463428 0 0 449382
603646 225329 1673604213 472085 16 464003 0 0 449135
603926 225416 1673604213 504092 16 464578 0 0 449216
603847 225381 1673604213 520085 16 465153 0 0 421214
603735 225338 1673604213 536086 16 465728 0 0 449319
603547 225276 1673604213 568047 16 466303 0 0 449322
603729 225336 1673604213 584061 16 466877 0 0 421059
603843 225329 1673604213 600061 16 467452 0 0 421212
603871 225275 1673604213 616068 16 468027 0 0 449268
603964 225278 1673604213 648035 16 468602 0 0 449149
604110 225342 1673604213 664113 16 469177 0 0 421144
604258 225359 1673604213 680060 16 469752 0 0 420826
604324 225357 1673604213 695990 16 470327 0 0 449095
604285 225365 1673604213 728015 16 470902 0 0 449317
604489 225407 1673604213 744002 16 471477 0 0 421222
604516 225423 1673604213 759970 16 472052 0 0 449359
604627 225441 1673604213 775974 16 472627 0 0 449520
604661 225438 1673604213 807989 16 473202 0 0 449506
604728 225511 1673604213 823995 16 473777 0 0 421442
604705 225569 1673604213 839995 16 474352 0 0 449468
604447 225523 1673604213 856003 16 474927 0 0 449740
604173 225446 1673604213 887991 16 475502 0 0 449525
604116 225454 1673604213 903974 16 476077 0 0 421213
604034 225412 1673604213 919984 16 476652 0 0 449371
603981 225369 1673604213 935967 16 477227 0 0 449290
603906 225349 1673604213 967968 16 477802 0 0 449237
604062 225326 1673604213 983941 16 478377 0 0 421174
603964 225281 1673604213 999939 16 478952 0 0 449359
604074 225336 1673604214 15939 16 479527 0 0 449387
603918 225313 1673604214 47930 16 480102 0 0 449387
604085 225342 1673604214 63998 16 480677 0 0 421346
604114 225382 1673604214 79884 16 481252 0 0 449174
604328 225424 1673604214 95918 16 481827 0 0 449518
604190 225378 1673604214 127927 16 482402 0 0 449434
604563 225517 1673604214 143895 16 482977 0 0 421290
604596 225565 1673604214 159885 16 483552 0 0 449479
604649 225558 1673604214 191911 16 484127 0 0 449420
604699 225553 1673604214 207881 16 484702 0 0 421314
604965 225639 1673604214 223908 16 485277 0 0 421419
605121 225690 1673604214 239891 16 485852 0 0 449393
605295 225699 1673604214 271884 16 486427 0 0 449690
605310 225720 1673604214 287925 16 487001 0 0 421168
605279 225707 1673604214 303850 16 487577 0 0 421241
605121 225665 1673604214 319848 16 488152 0 0 449590
604901 225604 1673604214 351844 16 488727 0 0 449484
604806 225516 1673604214 367816 16 489301 0 0 421328
604870 225519 1673604214 383846 16 489876 0 0 449525
604913 225548 1673604214 399816 16 490451 0 0 449315
604849 225510 1673604214 431818 16 491026 0 0 449515
604721 225499 1673604214 447872 16 491601 0 0 421377
604669 225515 1673604214 463842 16 492176 0 0 449307
604920 225644 1673604214 479756 16 492751 0 0 449459
605024 225635 1673604214 511795 16 493326 0 0 449498
605214 225701 1673604214 527812 16 493901 0 0 421380
605021 225688 1673604214 543812 16 494476 0 0 449442
604999 225713 1673604214 559791 16 495051 0 0 449344
604810 225656 1673604214 591789 16 495626 0 0 449523
604963 225666 1673604214 607764 16 496201 0 0 421343
605152 225656 1673604214 623751 16 496776 0 0 449508
605519 225734 1673604214 639752 16 497351 0 0 449743
605404 225680 1673604214 671748 16 497926 0 0 449634
605374 225640 1673604214 687745 16 498501 0 0 421258
605142 225559 1673604214 703747 16 499076 0 0 449379
605117 225592 1673604214 719705 16 499651 0 0 449431
605042 225566 1673604214 751749 16 500226 0 0 449579
605165 225627 1673604214 767708 16 500801 0 0 421391
604899 225508 1673604214 783741 16 501376 0 0 449609
604980 225510 1673604214 815716 16 501951 0 0 449406
604443 225414 1673604214 831721 16 502526 0 0 421306
603946 225463 1673604214 847730 16 503101 0 0 421292
603194 225463 1673604214 863637 16 503676 0 0 449333
602638 225556 1673604214 895723 16 504251 0 0 449651
601838 225560 1673604214 911689 16 504826 0 0 421506
601067 225585 1673604214 927699 16 505401 0 0 421478
599205 225598 1673604214 943673 16 505976 0 0 449558
590787 225600 1673604214 975671 16 506551 0 0 449505
565404 225489 1673604214 991658 16 507126 0 0 421546
541466 225434 1673604215 7670 16 507701 0 0 449646
535187 225282 1673604215 23671 16 508276 0 0 449621
547549 225169 1673604215 55633 16 508851 0 0 449650
573421 225291 1673604215 71644 16 509426 0 0 421278
577108 224784 1673604215 87638 16 510001 0 0 449391
561232 224887 1673604215 103663 16 510575 0 0 449195
545148 225214 1673604215 135636 16 511150 0 0 449143
537343 224913 1673604215 151611 16 511725 0 0 420999
540208 224023 1673604215 167618 16 512300 0 0 449161
549700 224267 1673604215 183610 16 512875 0 0 449091
553035 224130 1673604215 215605 16 513450 0 0 449161
548831 223876 1673604215 231668 16 514025 0 0 421093
536982 223714 1673604215 247604 16 514600 0 0 448915
518120 223521 1673604215 263573 16 515175 0 0 449179
494063 223385 1673604215 295572 16 515750 0 0 449365
466725 223206 1673604215 311563 16 516325 0 0 421377
442991 223148 1673604215 327547 16 516900 0 0 449461
425751 222909 1673604215 359423 16 517475 0 0 449430
409943 222763 1673604215 375521 16 518050 0 0 421487
389553 222419 1673604215 391523 16 518625 0 0 421117
367405 222369 1673604215 407481 16 519200 0 0 449182
345953 222524 1673604215 439541 16 519775 0 0 449550
327990 222775 1673604215 455477 16 520350 0 0 421196
320004 223024 1673604215 471486 16 520925 0 0 421312
322710 223353 1673604215 487461 16 521500 0 0 449356
328544 223707 1673604215 519493 16 522075 0 0 449412
333976 224069 1673604215 535448 16 522650 0 0 421252
337847 224421 1673604215 551421 16 523225 0 0 449377
342278 224833 1673604215 567479 16 523800 0 0 449814
348270 225180 1673604215 599465 16 524375 0 0 449618
356315 225572 1673604215 615462 16 524950 0 0 421407
365132 225791 1673604215 631495 16 525525 0 0 449546
373858 226148 1673604215 647441 16 526100 0 0 449205
381880 226646 1673604215 679444 16 526675 0 0 449426
388298 227192 1673604215 695428 16 527250 0 0 421260
392776 227726 1673604215 711449 16 527825 0 0 449420
396273 228387 1673604215 727470 16 528400 0 0 449188
399315 229137 1673604215 759364 16 528975 0 0 449020
402475 229874 1673604215 775445 16 529550 0 0 421240
405528 230467 1673604215 791461 16 530125 0 0 449021
407841 230858 1673604215 807406 16 530700 0 0 448954
409304 231004 1673604215 839468 16 531275 0 0 449263
410074 230989 1673604215 855457 16 531850 0 0 420943
409648 230571 1673604215 871450 16 532425 0 0 449060
408351 230033 1673604215 887470 16 533000 0 0 449029
405535 229041 1673604215 919401 16 533574 0 0 448934
401652 227743 1673604215 935371 16 534149 0 0 420993
396744 226086 1673604215 951360 16 534724 0 0 449081
391357 224252 1673604215 983408 16 535299 0 0 449402
385728 222464 1673604215 999355 16 535874 0 0 421340
380322 220884 1673604216 15390 16 536449 0 0 421333
375061 219470 1673604216 31428 16 537024 0 0 449341
370184 218519 1673604216 63389 16 537599 0 0 449169
365326 217869 1673604216 79342 16 538174 0 0 421103
361307 217801 1673604216 95326 16 538749 0 0 421436
358434 217989 1673604216 111326 16 539324 0 0 449508
357376 218304 1673604216 143377 16 539899 0 0 449402
357828 218351 1673604216 159320 16 540474 0 0 421243
359162 218286 1673604216 175325 16 541049 0 0 449562
360535 218121 1673604216 191332 16 541624 0 0 449358
362384 217981 1673604216 223352 16 542199 0 0 449456
363989 217752 1673604216 239344 16 542774 0 0 421495
366468 217638 1673604216 255294 16 543349 0 0 449565
370846 217564 1673604216 271324 16 543924 0 0 449576
378252 217639 1673604216 303302 16 544499 0 0 449414
389708 217889 1673604216 319244 16 545074 0 0 421357
424541 218333 1673604216 335207 16 545649 0 0 449683
515691 218752 1673604216 351238 16 546224 0 0 449612
588396 219138 1673604216 383198 16 546799 0 0 449521
580821 219214 1673604216 399252 16 547374 0 0 421504
551997 219049 1673604216 415218 16 547949 0 0 449409
524876 218829 1673604216 431241 16 548524 0 0 449501
496633 218725 1673604216 463185 16 549099 0 0 449244
466412 218829 1673604216 479209 16 549674 0 0 421322
439137 219065 1673604216 495191 16 550249 0 0 449295
424102 219047 1673604216 511204 16 550824 0 0 449154
423996 218687 1673604216 543175 16 551399 0 0 448978
432954 218095 1673604216 559188 16 551974 0 0 421036
447292 217602 1673604216 575183 16 552549 0 0 449032
464390 217188 1673604216 607160 16 553124 0 0 449238
479409 217027 1673604216 623155 16 553699 0 0 421062
