907113 0 1673952091 332045 0 -1191207 0 0 890991
912418 0 1673952091 364218 0 -1190009 0 0 902281
915240 0 1673952091 380144 0 -1188798 0 0 853268
910146 0 1673952091 396146 0 -1187576 0 0 918467
907170 0 1673952091 412071 0 -1186342 0 0 929256
910482 0 1673952091 444122 0 -1185097 0 0 939726
914718 0 1673952091 460097 0 -1183839 0 0 888568
913249 0 1673952091 476099 0 -1182570 0 0 955940
908703 0 1673952091 492014 0 -1181289 0 0 965576
908124 0 1673952091 524056 0 -1179996 0 0 977013
911767 0 1673952091 540012 0 -1178691 0 0 922462
914428 0 1673952091 555986 0 -1177375 0 0 992519
912432 0 1673952091 571916 0 -1176047 0 0 1002527
909005 0 1673952091 603911 0 -1174707 0 0 1013469
908962 0 1673952091 619938 0 -1173355 0 0 957340
911800 0 1673952091 635864 0 -1171991 0 0 1028991
913941 0 1673952091 667887 0 -1170616 0 0 1039772
912780 0 1673952091 683896 0 -1169229 0 0 982366
910130 0 1673952091 699918 0 -1167829 0 0 992064
908799 0 1673952091 715887 0 -1166419 0 0 1065933
909997 0 1673952091 747864 0 -1164996 0 0 1076298
912312 0 1673952091 763864 0 -1163562 0 0 1016469
913603 0 1673952091 779812 0 -1162116 0 0 1026245
912816 0 1673952091 795835 0 -1160657 0 0 1103165
910646 0 1673952091 827805 0 -1159188 0 0 1113437
909288 0 1673952091 843735 0 -1157706 0 0 1050967
909771 0 1673952091 859732 0 -1156213 0 0 1129732
911407 0 1673952091 875709 0 -1154708 0 0 1140091
913187 0 1673952091 907721 0 -1153191 0 0 1150942
913185 0 1673952091 923647 0 -1151662 0 0 1086338
911785 0 1673952091 940356 0 -1150121 0 0 1167455
910092 0 1673952091 955631 0 -1148569 0 0 1171376
909519 0 1673952091 987603 0 -1147005 0 0 1188415
910085 0 1673952092 3533 0 -1145429 0 0 1122184
911610 0 1673952092 19637 0 -1143842 0 0 1205414
913114 0 1673952092 35638 0 -1142242 0 0 1214214
913204 0 1673952092 67605 0 -1140631 0 0 1224528
912356 0 1673952092 83550 0 -1139008 0 0 1155500
911162 0 1673952092 99576 0 -1137373 0 0 1241088
910158 0 1673952092 115489 0 -1135726 0 0 1250480
909657 0 1673952092 147546 0 -1134068 0 0 1268148
909741 0 1673952092 163502 0 -1132398 0 0 1189562
910250 0 1673952092 179523 0 -1130715 0 0 1277350
911114 0 1673952092 211461 0 -1129021 0 0 1286902
912092 0 1673952092 227464 0 -1127316 0 0 1215074
912920 0 1673952092 243438 0 -1125599 0 0 1225404
913366 0 1673952092 259449 0 -1123869 0 0 1315295
913212 0 1673952092 291375 0 -1122128 0 0 1324979
912539 0 1673952092 307445 0 -1120376 0 0 1250145
912016 0 1673952092 323333 0 -1118611 0 0 1258958
911315 0 1673952092 339428 0 -1116835 0 0 1352220
910693 0 1673952092 371261 0 -1115047 0 0 1360990
910074 0 1673952092 387297 0 -1113247 0 0 1284129
909840 0 1673952092 403291 0 -1111435 0 0 1377271
909712 0 1673952092 419328 0 -1109611 0 0 1387819
909823 0 1673952092 451315 0 -1107776 0 0 1397384
910199 0 1673952092 467304 0 -1105929 0 0 1317704
910782 0 1673952092 483237 0 -1104070 0 0 1413627
911590 0 1673952092 499278 0 -1102200 0 0 1425399
912073 0 1673952092 531242 0 -1100317 0 0 1434156
912814 0 1673952092 547239 0 -1098423 0 0 1353162
913262 0 1673952092 563183 0 -1096517 0 0 1450978
913545 0 1673952092 579205 0 -1094599 0 0 1462384
913425 0 1673952092 611181 0 -1092669 0 0 1472410
912652 0 1673952092 627135 0 -1090728 0 0 1388471
911514 0 1673952092 643170 0 -1088775 0 0 1489521
910442 0 1673952092 659186 0 -1086809 0 0 1499427
909756 0 1673952092 691107 0 -1084833 0 0 1508818
909725 0 1673952092 707123 0 -1082844 0 0 1422760
910456 0 1673952092 723126 0 -1080843 0 0 1525391
911591 0 1673952092 755086 0 -1078831 0 0 1535670
912988 0 1673952092 770958 0 -1076807 0 0 1446660
913670 0 1673952092 786981 0 -1074772 0 0 1458775
913572 0 1673952092 802923 0 -1072724 0 0 1563642
912646 0 1673952092 834991 0 -1070665 0 0 1574175
910966 0 1673952092 850882 0 -1068594 0 0 1483510
909928 0 1673952092 866872 0 -1066510 0 0 1495646
909628 0 1673952092 882944 0 -1064416 0 0 1602906
910240 0 1673952092 914948 0 -1062309 0 0 1612531
911513 0 1673952092 930908 0 -1060191 0 0 1519489
912850 0 1673952092 946891 0 -1058061 0 0 1629066
913583 0 1673952092 962898 0 -1055919 0 0 1638135
913445 0 1673952092 994874 0 -1053765 0 0 1648682
912368 0 1673952093 10818 0 -1051599 0 0 1552717
911067 0 1673952093 26853 0 -1049422 0 0 1665153
909949 0 1673952093 42751 0 -1047233 0 0 1673544
909991 0 1673952093 74720 0 -1045032 0 0 1685245
910993 0 1673952093 90841 0 -1042820 0 0 1588517
912501 0 1673952093 106847 0 -1040595 0 0 1700767
913320 0 1673952093 122769 0 -1038359 0 0 1710515
913420 0 1673952093 154769 0 -1036111 0 0 1721719
912275 0 1673952093 170656 0 -1033851 0 0 1621811
911094 0 1673952093 186622 0 -1031579 0 0 1739423
910226 0 1673952093 202628 0 -1029296 0 0 1749503
910016 0 1673952093 234578 0 -1027001 0 0 1760237
910501 0 1673952093 250560 0 -1024693 0 0 1656788
911598 0 1673952093 266640 0 -1022375 0 0 1775298
912477 0 1673952093 298573 0 -1020044 0 0 1786148
913143 0 1673952093 314611 0 -1017702 0 0 1682466
912865 0 1673952093 330626 0 -1015348 0 0 1691197
912024 0 1673952093 346600 0 -1012982 0 0 1811684
911036 0 1673952093 378567 0 -1010604 0 0 1820835
910439 0 1673952093 394444 0 -1008215 0 0 1714182
910294 0 1673952093 410549 0 -1005813 0 0 1726533
910671 0 1673952093 426537 0 -1003400 0 0 1847769
911835 0 1673952093 458334 0 -1000975 0 0 1858141
912770 0 1673952093 474471 0 -998538 0 0 1751391
913223 0 1673952093 490449 0 -996090 0 0 1873828
912851 0 1673952093 506401 0 -993630 0 0 1885055
911768 0 1673952093 538398 0 -991157 0 0 1896448
910571 0 1673952093 554439 0 -988674 0 0 1785095
910037 0 1673952093 570325 0 -986178 0 0 1911451
910866 0 1673952093 586358 0 -983671 0 0 1921645
912267 0 1673952093 618353 0 -981151 0 0 1933124
913347 0 1673952093 634197 0 -978620 0 0 1819733
913323 0 1673952093 650225 0 -976077 0 0 1950764
912127 0 1673952093 666315 0 -973522 0 0 1962807
910633 0 1673952093 698296 0 -970956 0 0 1971426
909814 0 1673952093 714238 0 -968378 0 0 1855149
910122 0 1673952093 730281 0 -965788 0 0 1987747
911754 0 1673952093 746109 0 -963186 0 0 1998041
913241 0 1673952093 778045 0 -960572 0 0 2009507
913726 0 1673952093 794170 0 -957947 0 0 1892351
912762 0 1673952093 810157 0 -955309 0 0 2024367
911192 0 1673952093 841967 0 -952661 0 0 2032387
910032 0 1673952093 858069 0 -950000 0 0 1914018
910527 0 1673952093 874172 0 -947328 0 0 1924119
912099 0 1673952093 890146 0 -944643 0 0 2058695
913293 0 1673952093 922147 0 -941947 0 0 2068555
912619 0 1673952093 938034 0 -939239 0 0 1947357
911098 0 1673952093 953947 0 -936519 0 0 1956824
910555 0 1673952093 969928 0 -933787 0 0 2096648
911296 0 1673952094 2002 0 -931045 0 0 2109120
912398 0 1673952094 17980 0 -928289 0 0 1984576
912674 0 1673952094 33951 0 -925522 0 0 2124455
912382 0 1673952094 49996 0 -922744 0 0 2136952
911835 0 1673952094 81903 0 -919954 0 0 2148119
911394 0 1673952094 97890 0 -917151 0 0 2021673
911206 0 1673952094 113799 0 -914337 0 0 2164479
911404 0 1673952094 129870 0 -911511 0 0 2174520
911788 0 1673952094 161844 0 -908673 0 0 2182188
911904 0 1673952094 177834 0 -905824 0 0 2053321
911904 0 1673952094 193820 0 -902963 0 0 2198631
911947 0 1673952094 209804 0 -900090 0 0 2208856
912008 0 1673952094 241679 0 -897205 0 0 2219094
911933 0 1673952094 257715 0 -894309 0 0 2089358
911771 0 1673952094 273750 0 -891400 0 0 2235539
911504 0 1673952094 289696 0 -888480 0 0 2245044
911308 0 1673952094 321725 0 -885548 0 0 2254787
911437 0 1673952094 337618 0 -882604 0 0 2122483
912104 0 1673952094 353610 0 -879649 0 0 2273775
912494 0 1673952094 369661 0 -876681 0 0 2284195
912214 0 1673952094 401664 0 -873702 0 0 2293376
911468 0 1673952094 417644 0 -870711 0 0 2157387
910978 0 1673952094 433561 0 -867708 0 0 2309055
911144 0 1673952094 465590 0 -864693 0 0 2321580
911929 0 1673952094 481558 0 -861667 0 0 2184666
912557 0 1673952094 497575 0 -858629 0 0 2194643
912504 0 1673952094 513541 0 -855579 0 0 2348558
911916 0 1673952094 545522 0 -852517 0 0 2357701
911327 0 1673952094 561524 0 -849444 0 0 2217851
911269 0 1673952094 577538 0 -846359 0 0 2229089
911892 0 1673952094 593467 0 -843261 0 0 2385332
912558 0 1673952094 625475 0 -840152 0 0 2396670
912149 0 1673952094 641438 0 -837032 0 0 2253007
911621 0 1673952094 657400 0 -833899 0 0 2412053
911513 0 1673952094 673364 0 -830755 0 0 2422541
911841 0 1673952094 705317 0 -827599 0 0 2433903
912265 0 1673952094 721324 0 -824431 0 0 2289158
912091 0 1673952094 737416 0 -821251 0 0 2449431
911750 0 1673952094 753306 0 -818060 0 0 2458039
911640 0 1673952094 785318 0 -814857 0 0 2470723
911724 0 1673952094 801316 0 -811642 0 0 2322680
911878 0 1673952094 817274 0 -808416 0 0 2485452
911872 0 1673952094 833385 0 -805177 0 0 2495927
911786 0 1673952094 865189 0 -801927 0 0 2503361
911819 0 1673952094 881240 0 -798664 0 0 2354771
912036 0 1673952094 897073 0 -795390 0 0 2518567
912152 0 1673952094 913191 0 -792105 0 0 2532340
911937 0 1673952094 945200 0 -788807 0 0 2542213
911680 0 1673952094 961041 0 -785498 0 0 2388782
911706 0 1673952094 977145 0 -782177 0 0 2559430
912022 0 1673952095 9155 0 -778844 0 0 2567738
912229 0 1673952095 25130 0 -775499 0 0 2413876
912084 0 1673952095 41098 0 -772142 0 0 2427025
911737 0 1673952095 57090 0 -768774 0 0 2596282
911671 0 1673952095 88996 0 -765394 0 0 2607814
911839 0 1673952095 105043 0 -762002 0 0 2449743
912106 0 1673952095 120933 0 -758599 0 0 2461381
912184 0 1673952095 136933 0 -755200 0 0 2634086
912030 0 1673952095 168958 0 -751812 0 0 2637374
911859 0 1673952095 184945 0 -748437 0 0 2478654
911820 0 1673952095 200837 0 -745073 0 0 2644157
911902 0 1673952095 216867 0 -741721 0 0 2645381
911988 0 1673952095 248790 0 -738380 0 0 2641474
912057 0 1673952095 264859 0 -735052 0 0 2474123
912065 0 1673952095 280834 0 -731735 0 0 2630545
912077 0 1673952095 296835 0 -728431 0 0 2622355
911960 0 1673952095 328855 0 -725137 0 0 2609783
911850 0 1673952095 344816 0 -721856 0 0 2439029
911841 0 1673952095 360770 0 -718586 0 0 2594479
912017 0 1673952095 376805 0 -715329 0 0 2584680
912192 0 1673952095 408775 0 -712082 0 0 2571509
912155 0 1673952095 424669 0 -708848 0 0 2403908
911980 0 1673952095 440747 0 -705626 0 0 2557763
911826 0 1673952095 456687 0 -702416 0 0 2547184
911823 0 1673952095 488730 0 -699217 0 0 2537601
911946 0 1673952095 504554 0 -696030 0 0 2371348
912154 0 1673952095 520649 0 -692855 0 0 2524750
912224 0 1673952095 552677 0 -689691 0 0 2511795
912095 0 1673952095 568653 0 -686540 0 0 2346534
911991 0 1673952095 584669 0 -683400 0 0 2337238
912015 0 1673952095 600620 0 -680272 0 0 2484343
912164 0 1673952095 632602 0 -677156 0 0 2472828
912241 0 1673952095 648564 0 -674052 0 0 2312520
912148 0 1673952095 664492 0 -670959 0 0 2301711
912035 0 1673952095 680472 0 -667878 0 0 2448544
912010 0 1673952095 712529 0 -664809 0 0 2435119
912024 0 1673952095 728449 0 -661752 0 0 2276960
912125 0 1673952095 744484 0 -658707 0 0 2422095
912167 0 1673952095 760484 0 -655673 0 0 2410636
912102 0 1673952095 792420 0 -652651 0 0 2400590
912006 0 1673952095 808436 0 -649641 0 0 2242625
911956 0 1673952095 824424 0 -646643 0 0 2383458
911999 0 1673952095 840404 0 -643656 0 0 2372607
912123 0 1673952095 872400 0 -640681 0 0 2361259
912218 0 1673952095 888341 0 -637719 0 0 2205824
912174 0 1673952095 904350 0 -634767 0 0 2346170
912064 0 1673952095 920313 0 -631828 0 0 2334162
911949 0 1673952095 952343 0 -628900 0 0 2325120
911933 0 1673952095 968300 0 -625985 0 0 2172204
912059 0 1673952095 984204 0 -623081 0 0 2309295
912170 0 1673952096 182 0 -620188 0 0 2301038
912273 0 1673952096 32264 0 -617308 0 0 2290758
912255 0 1673952096 48304 0 -614440 0 0 2139548
912110 0 1673952096 64246 0 -611583 0 0 2273209
911936 0 1673952096 96226 0 -608738 0 0 2262703
911851 0 1673952096 112173 0 -605904 0 0 2114319
911933 0 1673952096 128162 0 -603083 0 0 2104122
912095 0 1673952096 144153 0 -600273 0 0 2236524
912273 0 1673952096 176161 0 -597475 0 0 2225562
912344 0 1673952096 192108 0 -594689 0 0 2077339
912260 0 1673952096 208134 0 -591916 0 0 2067402
912038 0 1673952096 224044 0 -589152 0 0 2197205
911860 0 1673952096 256056 0 -586402 0 0 2188971
911848 0 1673952096 272056 0 -583663 0 0 2043818
912006 0 1673952096 288136 0 -580936 0 0 2171661
912280 0 1673952096 303988 0 -578221 0 0 2159075
912409 0 1673952096 336028 0 -575517 0 0 2151000
912282 0 1673952096 351862 0 -572826 0 0 2008836
912060 0 1673952096 368011 0 -570146 0 0 2137298
911879 0 1673952096 383986 0 -567478 0 0 2123740
911863 0 1673952096 415988 0 -564822 0 0 2114037
912023 0 1673952096 431963 0 -562177 0 0 1973105
912235 0 1673952096 447892 0 -559545 0 0 2096849
912346 0 1673952096 463930 0 -556923 0 0 2087736
912210 0 1673952096 495917 0 -554314 0 0 2078100
911945 0 1673952096 511905 0 -551717 0 0 1938430
911815 0 1673952096 527857 0 -549131 0 0 2059926
911886 0 1673952096 543864 0 -546558 0 0 2047489
912081 0 1673952096 575871 0 -543996 0 0 2039432
912292 0 1673952096 591847 0 -541445 0 0 1904185
912398 0 1673952096 607837 0 -538907 0 0 2023266
912389 0 1673952096 639825 0 -536380 0 0 2012765
912240 0 1673952096 655858 0 -533865 0 0 1878417
912053 0 1673952096 671735 0 -531363 0 0 1868069
911943 0 1673952096 687682 0 -528871 0 0 1986456
912005 0 1673952096 719786 0 -526392 0 0 1976621
912159 0 1673952096 735755 0 -523924 0 0 1844713
912313 0 1673952096 751732 0 -521469 0 0 1834839
912385 0 1673952096 767565 0 -519024 0 0 1949419
912327 0 1673952096 799691 0 -516592 0 0 1941200
912195 0 1673952096 815645 0 -514171 0 0 1812017
912016 0 1673952096 831684 0 -511763 0 0 1925003
911934 0 1673952096 847657 0 -509366 0 0 1914683
911989 0 1673952096 879628 0 -506981 0 0 1902742
912088 0 1673952096 895603 0 -504608 0 0 1775822
912193 0 1673952096 911589 0 -502246 0 0 1886729
912269 0 1673952096 927627 0 -499896 0 0 1876211
912315 0 1673952096 959489 0 -497558 0 0 1864877
912277 0 1673952096 975499 0 -495232 0 0 1738938
912209 0 1673952096 991476 0 -492918 0 0 1847024
912070 0 1673952097 7448 0 -490615 0 0 1836416
911981 0 1673952097 39482 0 -488324 0 0 1827026
911965 0 1673952097 55508 0 -486045 0 0 1704883
912078 0 1673952097 71397 0 -483778 0 0 1809937
912191 0 1673952097 87350 0 -481523 0 0 1800665
912242 0 1673952097 119436 0 -479279 0 0 1790758
912255 0 1673952097 135433 0 -477047 0 0 1671671
912246 0 1673952097 151435 0 -474827 0 0 1774442
912176 0 1673952097 183401 0 -472619 0 0 1764205
912095 0 1673952097 199367 0 -470423 0 0 1646319
912037 0 1673952097 215491 0 -468238 0 0 1636030
912055 0 1673952097 231315 0 -466065 0 0 1735444
912109 0 1673952097 263287 0 -463904 0 0 1727799
912170 0 1673952097 279304 0 -461755 0 0 1611069
912253 0 1673952097 295314 0 -459618 0 0 1599753
912291 0 1673952097 311315 0 -457492 0 0 1698548
912314 0 1673952097 343288 0 -455378 0 0 1688143
912271 0 1673952097 359251 0 -453276 0 0 1575268
912181 0 1673952097 375185 0 -451186 0 0 1672502
912083 0 1673952097 391268 0 -449107 0 0 1662537
912089 0 1673952097 423273 0 -447040 0 0 1652776
912123 0 1673952097 439154 0 -444985 0 0 1539720
912191 0 1673952097 455187 0 -442942 0 0 1635703
912280 0 1673952097 471310 0 -440911 0 0 1625164
912339 0 1673952097 503072 0 -438891 0 0 1613438
912367 0 1673952097 518988 0 -436883 0 0 1505787
912344 0 1673952097 535047 0 -434888 0 0 1598916
912299 0 1673952097 551130 0 -432903 0 0 1587477
912212 0 1673952097 583010 0 -430931 0 0 1575193
912155 0 1673952097 599074 0 -428970 0 0 1470491
912122 0 1673952097 615090 0 -427021 0 0 1559739
912137 0 1673952097 631090 0 -425085 0 0 1547606
912195 0 1673952097 663053 0 -423159 0 0 1537760
912255 0 1673952097 679049 0 -421246 0 0 1435516
912314 0 1673952097 694999 0 -419344 0 0 1522523
912293 0 1673952097 726861 0 -417454 0 0 1511819
912294 0 1673952097 742980 0 -415576 0 0 1410780
912308 0 1673952097 758953 0 -413710 0 0 1400077
912245 0 1673952097 774953 0 -411855 0 0 1485423
912176 0 1673952097 806873 0 -410013 0 0 1475732
912155 0 1673952097 822933 0 -408182 0 0 1376487
912141 0 1673952097 838960 0 -406363 0 0 1365374
912153 0 1673952097 854840 0 -404555 0 0 1448123
912214 0 1673952097 886804 0 -402760 0 0 1438952
912235 0 1673952097 902881 0 -400976 0 0 1341011
912279 0 1673952097 918867 0 -399204 0 0 1421132
912304 0 1673952097 934847 0 -397444 0 0 1412277
912317 0 1673952097 966786 0 -395696 0 0 1401735
912318 0 1673952097 982748 0 -393959 0 0 1306828
912302 0 1673952097 998758 0 -392234 0 0 1386058
912270 0 1673952098 14751 0 -390521 0 0 1376266
912241 0 1673952098 46745 0 -388820 0 0 1366187
912193 0 1673952098 62705 0 -387131 0 0 1272055
912179 0 1673952098 78721 0 -385453 0 0 1349126
912191 0 1673952098 94575 0 -383788 0 0 1339343
912181 0 1673952098 126594 0 -382134 0 0 1330328
912250 0 1673952098 142664 0 -380491 0 0 1239588
912295 0 1673952098 158669 0 -378861 0 0 1313098
912330 0 1673952098 174582 0 -377242 0 0 1302296
912342 0 1673952098 206609 0 -375635 0 0 1292907
912336 0 1673952098 222614 0 -374040 0 0 1204536
912320 0 1673952098 238630 0 -372457 0 0 1276592
912294 0 1673952098 254502 0 -370886 0 0 1265579
912285 0 1673952098 286538 0 -369326 0 0 1256716
912244 0 1673952098 302539 0 -367778 0 0 1169206
912217 0 1673952098 318538 0 -366242 0 0 1239019
912193 0 1673952098 350425 0 -364718 0 0 1229370
912196 0 1673952098 366480 0 -363205 0 0 1145453
912208 0 1673952098 382382 0 -361705 0 0 1133644
912210 0 1673952098 398515 0 -360216 0 0 1202135
912241 0 1673952098 430488 0 -358739 0 0 1190643
912246 0 1673952098 446463 0 -357273 0 0 1109021
912265 0 1673952098 462418 0 -355820 0 0 1097565
912295 0 1673952098 478445 0 -354378 0 0 1163281
912298 0 1673952098 510395 0 -352948 0 0 1152704
912302 0 1673952098 526368 0 -351530 0 0 1073213
912287 0 1673952098 542317 0 -350123 0 0 1136709
912291 0 1673952098 558299 0 -348729 0 0 1127295
912256 0 1673952098 590216 0 -347346 0 0 1116199
912245 0 1673952098 606221 0 -345975 0 0 1040267
912232 0 1673952098 622309 0 -344616 0 0 1101298
912222 0 1673952098 638272 0 -343268 0 0 1090102
912231 0 1673952098 670208 0 -341932 0 0 1079656
912229 0 1673952098 686250 0 -340608 0 0 1005021
912227 0 1673952098 702247 0 -339297 0 0 1063366
912266 0 1673952098 718231 0 -337996 0 0 1052806
912279 0 1673952098 750159 0 -336708 0 0 1042145
912297 0 1673952098 766054 0 -335431 0 0 969429
912304 0 1673952098 782274 0 -334166 0 0 1026662
912321 0 1673952098 798233 0 -332913 0 0 1014693
912308 0 1673952098 830185 0 -331672 0 0 1005275
912323 0 1673952098 846114 0 -330443 0 0 934604
912325 0 1673952098 862172 0 -329225 0 0 989301
912312 0 1673952098 894145 0 -328019 0 0 978957
912298 0 1673952098 910128 0 -326825 0 0 910232
912282 0 1673952098 926038 0 -325642 0 0 899975
912277 0 1673952098 942141 0 -324472 0 0 952385
912251 0 1673952098 974046 0 -323313 0 0 940494
912254 0 1673952098 990023 0 -322166 0 0 875963
912279 0 1673952099 6030 0 -321031 0 0 865459
912284 0 1673952099 22063 0 -319908 0 0 914980
912268 0 1673952099 54110 0 -318796 0 0 903874
912267 0 1673952099 70017 0 -317696 0 0 840158
912290 0 1673952099 85988 0 -316608 0 0 888680
912279 0 1673952099 101939 0 -315532 0 0 878298
912291 0 1673952099 133931 0 -314468 0 0 867620
912296 0 1673952099 149906 0 -313415 0 0 806589
912296 0 1673952099 165914 0 -312374 0 0 852235
912297 0 1673952099 181859 0 -311345 0 0 841674
912295 0 1673952099 213915 0 -310328 0 0 831713
912289 0 1673952099 229891 0 -309322 0 0 772378
912283 0 1673952099 245897 0 -308329 0 0 815864
912315 0 1673952099 261867 0 -307347 0 0 804856
912315 0 1673952099 293823 0 -306377 0 0 794491
912299 0 1673952099 309721 0 -305429 0 0 736619
912317 0 1673952099 325823 0 -304544 0 0 772170
912293 0 1673952099 341782 4 -303724 0 0 749922
912287 0 1673952099 373775 4 -302971 0 0 723208
912294 0 1673952099 389680 4 -302284 0 0 657101
912285 0 1673952099 405715 0 -301662 0 0 669171
912270 0 1673952099 437661 0 -301107 0 0 626133
912278 0 1673952099 453662 0 -300617 0 0 554237
912246 0 1673952099 469683 0 -300194 0 0 500638
912227 0 1673952099 485686 0 -299837 0 0 489103
912241 0 1673952099 517700 0 -299545 0 0 430633
912279 0 1673952099 533665 0 -299320 0 0 362044
912273 0 1673952099 549651 0 -299160 0 0 303979
912271 0 1673952099 565678 0 -299067 0 0 279517
912262 0 1673952099 597658 0 -299039 0 0 221142
912240 0 1673952099 613614 32 -299038 0 0 167109
